MATCHID,ROUND,TEAM_ID,TEAM,LOCATION,P1_ID,P1_NAME,P1_POS,P2_ID,P2_NAME,P2_POS,P3_ID,P3_NAME,P3_POS,P4_ID,P4_NAME,P4_POS,P5_ID,P5_NAME,P5_POS,MINUTES,SECONDS,PTS_FOR,PTS_AGAINST,PLUS_MINUS,PTS_FOR_PER40,PTS_AGT_PER40,NET_PER40
2512654,Cuartos de Final,981356,BOSONIT UNIBASKET,HOME,1626810,C. Aldecoa Rodriguez,SG,1678734,M. Llorente Ruiz,SG,2561556,C. Sañudo Trillo,SG,2819119,T. Sedláková,C,2819121,H. Forster,C,0.4,23.0,0.0,0.0,0.0,0.0,0.0,0.0
2512654,Cuartos de Final,981356,BOSONIT UNIBASKET,HOME,1626810,C. Aldecoa Rodriguez,SG,1678734,M. Llorente Ruiz,SG,2735759,L. Van Schaik,SF,1778980,I. Losada Gonzalez-Babe,PF,2819121,H. Forster,C,1.7,100.0,4.0,2.0,2.0,96.0,48.0,48.0
2512654,Cuartos de Final,981356,BOSONIT UNIBASKET,HOME,1626810,C. Aldecoa Rodriguez,SG,1678734,M. Llorente Ruiz,SG,2735759,L. Van Schaik,SF,1834784,E. Florez Pascual,SF,2819119,T. Sedláková,C,0.7,43.0,0.0,2.0,-2.0,0.0,111.6,-111.6
2512654,Cuartos de Final,981356,BOSONIT UNIBASKET,HOME,1626810,C. Aldecoa Rodriguez,SG,1678734,M. Llorente Ruiz,SG,2735759,L. Van Schaik,SF,1834784,E. Florez Pascual,SF,2819121,H. Forster,C,4.800000000000001,289.0,5.0,5.0,0.0,41.5,41.5,0.0
2512654,Cuartos de Final,981356,BOSONIT UNIBASKET,HOME,1626810,C. Aldecoa Rodriguez,SG,1678734,M. Llorente Ruiz,SG,2735759,L. Van Schaik,SF,2819119,T. Sedláková,C,2819121,H. Forster,C,2.6,157.0,2.0,2.0,0.0,30.6,30.6,0.0
2512654,Cuartos de Final,981356,BOSONIT UNIBASKET,HOME,1821692,M. Alonso Guadaño,PG,1626810,C. Aldecoa Rodriguez,SG,1678734,M. Llorente Ruiz,SG,1834784,E. Florez Pascual,SF,2819119,T. Sedláková,C,0.2,11.0,0.0,1.0,-1.0,0.0,218.2,-218.2
2512654,Cuartos de Final,981356,BOSONIT UNIBASKET,HOME,1821692,M. Alonso Guadaño,PG,1626810,C. Aldecoa Rodriguez,SG,2561556,C. Sañudo Trillo,SG,1834784,E. Florez Pascual,SF,2819121,H. Forster,C,0.4,24.0,0.0,2.0,-2.0,0.0,200.0,-200.0
2512654,Cuartos de Final,981356,BOSONIT UNIBASKET,HOME,1821692,M. Alonso Guadaño,PG,1626810,C. Aldecoa Rodriguez,SG,2561556,C. Sañudo Trillo,SG,2819119,T. Sedláková,C,2819121,H. Forster,C,2.0,124.0,0.0,3.0,-3.0,0.0,58.1,-58.1
2512654,Cuartos de Final,981356,BOSONIT UNIBASKET,HOME,1821692,M. Alonso Guadaño,PG,1626810,C. Aldecoa Rodriguez,SG,2735759,L. Van Schaik,SF,1778980,I. Losada Gonzalez-Babe,PF,2819119,T. Sedláková,C,3.0,177.0,0.0,8.0,-8.0,0.0,108.5,-108.5
2512654,Cuartos de Final,981356,BOSONIT UNIBASKET,HOME,1821692,M. Alonso Guadaño,PG,1626810,C. Aldecoa Rodriguez,SG,2735759,L. Van Schaik,SF,1834784,E. Florez Pascual,SF,1778980,I. Losada Gonzalez-Babe,PF,0.7,40.0,2.0,0.0,2.0,120.0,0.0,120.0
2512654,Cuartos de Final,981356,BOSONIT UNIBASKET,HOME,1821692,M. Alonso Guadaño,PG,1626810,C. Aldecoa Rodriguez,SG,2735759,L. Van Schaik,SF,1834784,E. Florez Pascual,SF,2819119,T. Sedláková,C,3.5,206.0,10.0,0.0,10.0,116.5,0.0,116.5
2512654,Cuartos de Final,981356,BOSONIT UNIBASKET,HOME,1821692,M. Alonso Guadaño,PG,1626810,C. Aldecoa Rodriguez,SG,2735759,L. Van Schaik,SF,1834784,E. Florez Pascual,SF,2819121,H. Forster,C,1.7000000000000002,103.0,0.0,5.0,-5.0,0.0,116.5,-116.5
2512654,Cuartos de Final,981356,BOSONIT UNIBASKET,HOME,1821692,M. Alonso Guadaño,PG,1626810,C. Aldecoa Rodriguez,SG,2735759,L. Van Schaik,SF,2819119,T. Sedláková,C,2819121,H. Forster,C,0.1,4.0,0.0,2.0,-2.0,0.0,1200.0,-1200.0
2512654,Cuartos de Final,981356,BOSONIT UNIBASKET,HOME,1821692,M. Alonso Guadaño,PG,1626810,C. Aldecoa Rodriguez,SG,2735759,L. Van Schaik,SF,2819121,H. Forster,C,2819119,T. Sedláková,C,0.3,16.0,0.0,0.0,0.0,0.0,0.0,0.0
2512654,Cuartos de Final,981356,BOSONIT UNIBASKET,HOME,1821692,M. Alonso Guadaño,PG,1678734,M. Llorente Ruiz,SG,2735759,L. Van Schaik,SF,1778980,I. Losada Gonzalez-Babe,PF,2819119,T. Sedláková,C,1.0,60.0,1.0,2.0,-1.0,40.0,80.0,-40.0
2512654,Cuartos de Final,981356,BOSONIT UNIBASKET,HOME,1821692,M. Alonso Guadaño,PG,1678734,M. Llorente Ruiz,SG,2735759,L. Van Schaik,SF,1778980,I. Losada Gonzalez-Babe,PF,2819121,H. Forster,C,0.0,1.0,1.0,0.0,1.0,2400.0,0.0,2400.0
2512654,Cuartos de Final,981356,BOSONIT UNIBASKET,HOME,1821692,M. Alonso Guadaño,PG,1678734,M. Llorente Ruiz,SG,2735759,L. Van Schaik,SF,1834784,E. Florez Pascual,SF,2819119,T. Sedláková,C,0.7,43.0,0.0,0.0,0.0,0.0,0.0,0.0
2512654,Cuartos de Final,981356,BOSONIT UNIBASKET,HOME,1821692,M. Alonso Guadaño,PG,1678734,M. Llorente Ruiz,SG,2735759,L. Van Schaik,SF,2819119,T. Sedláková,C,2819121,H. Forster,C,2.8,169.0,5.0,5.0,0.0,71.0,71.0,0.0
2512654,Cuartos de Final,981356,BOSONIT UNIBASKET,HOME,1821692,M. Alonso Guadaño,PG,2561556,C. Sañudo Trillo,SG,1626810,C. Aldecoa Rodriguez,SG,1834784,E. Florez Pascual,SF,2819121,H. Forster,C,0.6,36.0,0.0,0.0,0.0,0.0,0.0,0.0
2512654,Cuartos de Final,981356,BOSONIT UNIBASKET,HOME,1821692,M. Alonso Guadaño,PG,2561556,C. Sañudo Trillo,SG,1626810,C. Aldecoa Rodriguez,SG,2735759,L. Van Schaik,SF,2819119,T. Sedláková,C,2.3,140.0,5.0,7.0,-2.0,85.7,120.0,-34.3
2512654,Cuartos de Final,981356,BOSONIT UNIBASKET,HOME,2151019,N. Padrosa Mons,PG,1821692,M. Alonso Guadaño,PG,1626810,C. Aldecoa Rodriguez,SG,1834784,E. Florez Pascual,SF,1778980,I. Losada Gonzalez-Babe,PF,0.3,16.0,0.0,0.0,0.0,0.0,0.0,0.0
2512654,Cuartos de Final,981356,BOSONIT UNIBASKET,HOME,2151019,N. Padrosa Mons,PG,1821692,M. Alonso Guadaño,PG,2735759,L. Van Schaik,SF,1834784,E. Florez Pascual,SF,2819119,T. Sedláková,C,3.0999999999999996,184.0,5.0,4.0,1.0,65.2,52.2,13.0
2512654,Cuartos de Final,981356,BOSONIT UNIBASKET,HOME,2151019,N. Padrosa Mons,PG,1821692,M. Alonso Guadaño,PG,2735759,L. Van Schaik,SF,1834784,E. Florez Pascual,SF,2819121,H. Forster,C,5.300000000000001,323.0,5.0,6.0,-1.0,37.2,44.6,-7.4
2512654,Cuartos de Final,981356,BOSONIT UNIBASKET,HOME,2561556,C. Sañudo Trillo,SG,1626810,C. Aldecoa Rodriguez,SG,2735759,L. Van Schaik,SF,1778980,I. Losada Gonzalez-Babe,PF,2819121,H. Forster,C,1.9,111.0,5.0,4.0,1.0,108.1,86.5,21.6
2512654,Cuartos de Final,981492,CELTA  FEMXA ZORKA,AWAY,1898932,M. Gea Becerra,PG,2049773,D. Bermejo Escribano,PG,2121212,P. Salinas Mascuñana,SG,2276545,M. Vizmanos Iglesis,PF,2644595,I. Vennema,PF,1.2,70.0,3.0,0.0,3.0,102.9,0.0,102.9
2512654,Cuartos de Final,981492,CELTA  FEMXA ZORKA,AWAY,1898932,M. Gea Becerra,PG,2049773,D. Bermejo Escribano,PG,2121212,P. Salinas Mascuñana,SG,2644595,I. Vennema,PF,2814638,J. Kelliher,PF,3.0,183.0,5.0,5.0,0.0,65.6,65.6,0.0
2512654,Cuartos de Final,981492,CELTA  FEMXA ZORKA,AWAY,1898932,M. Gea Becerra,PG,2049773,D. Bermejo Escribano,PG,2121212,P. Salinas Mascuñana,SG,2651124,A. Boquete Manna,SF,2276545,M. Vizmanos Iglesis,PF,1.9,117.0,5.0,4.0,1.0,102.6,82.1,20.5
2512654,Cuartos de Final,981492,CELTA  FEMXA ZORKA,AWAY,1898932,M. Gea Becerra,PG,2049773,D. Bermejo Escribano,PG,2121212,P. Salinas Mascuñana,SG,2814638,J. Kelliher,PF,2743289,D. Cabrera Baccon,C,0.9,55.0,2.0,0.0,2.0,87.3,0.0,87.3
2512654,Cuartos de Final,981492,CELTA  FEMXA ZORKA,AWAY,1898932,M. Gea Becerra,PG,2121212,P. Salinas Mascuñana,SG,2179984,U. Rodríguez Silva,SF,2276545,M. Vizmanos Iglesis,PF,2644595,I. Vennema,PF,4.7,284.0,7.0,4.0,3.0,59.2,33.8,25.4
2512654,Cuartos de Final,981492,CELTA  FEMXA ZORKA,AWAY,1898932,M. Gea Becerra,PG,2121212,P. Salinas Mascuñana,SG,2179984,U. Rodríguez Silva,SF,2644595,I. Vennema,PF,2814638,J. Kelliher,PF,3.5,205.0,5.0,2.0,3.0,58.5,23.4,35.1
2512654,Cuartos de Final,981492,CELTA  FEMXA ZORKA,AWAY,1898932,M. Gea Becerra,PG,2121212,P. Salinas Mascuñana,SG,2179984,U. Rodríguez Silva,SF,2651124,A. Boquete Manna,SF,2814638,J. Kelliher,PF,0.9,54.0,0.0,2.0,-2.0,0.0,88.9,-88.9
2512654,Cuartos de Final,981492,CELTA  FEMXA ZORKA,AWAY,1898932,M. Gea Becerra,PG,2121212,P. Salinas Mascuñana,SG,2276545,M. Vizmanos Iglesis,PF,2644595,I. Vennema,PF,2814638,J. Kelliher,PF,1.4,82.0,0.0,7.0,-7.0,0.0,204.9,-204.9
2512654,Cuartos de Final,981492,CELTA  FEMXA ZORKA,AWAY,1898932,M. Gea Becerra,PG,2121212,P. Salinas Mascuñana,SG,2644595,I. Vennema,PF,2814638,J. Kelliher,PF,2743289,D. Cabrera Baccon,C,0.3,16.0,0.0,0.0,0.0,0.0,0.0,0.0
2512654,Cuartos de Final,981492,CELTA  FEMXA ZORKA,AWAY,1898932,M. Gea Becerra,PG,2121212,P. Salinas Mascuñana,SG,2651124,A. Boquete Manna,SF,2276545,M. Vizmanos Iglesis,PF,2814638,J. Kelliher,PF,0.7,42.0,4.0,0.0,4.0,228.6,0.0,228.6
2512654,Cuartos de Final,981492,CELTA  FEMXA ZORKA,AWAY,1898932,M. Gea Becerra,PG,2121212,P. Salinas Mascuñana,SG,2651124,A. Boquete Manna,SF,2644595,I. Vennema,PF,2743289,D. Cabrera Baccon,C,2.8,167.0,0.0,3.0,-3.0,0.0,43.1,-43.1
2512654,Cuartos de Final,981492,CELTA  FEMXA ZORKA,AWAY,2049773,D. Bermejo Escribano,PG,1898932,M. Gea Becerra,PG,2121212,P. Salinas Mascuñana,SG,2276545,M. Vizmanos Iglesis,PF,2644595,I. Vennema,PF,0.7,42.0,0.0,0.0,0.0,0.0,0.0,0.0
2512654,Cuartos de Final,981492,CELTA  FEMXA ZORKA,AWAY,2049773,D. Bermejo Escribano,PG,1898932,M. Gea Becerra,PG,2121212,P. Salinas Mascuñana,SG,2651124,A. Boquete Manna,SF,2644595,I. Vennema,PF,1.7,103.0,2.0,3.0,-1.0,46.6,69.9,-23.3
2512654,Cuartos de Final,981492,CELTA  FEMXA ZORKA,AWAY,2049773,D. Bermejo Escribano,PG,1898932,M. Gea Becerra,PG,2121212,P. Salinas Mascuñana,SG,2651124,A. Boquete Manna,SF,2743289,D. Cabrera Baccon,C,1.0,60.0,2.0,1.0,1.0,80.0,40.0,40.0
2512654,Cuartos de Final,981492,CELTA  FEMXA ZORKA,AWAY,2049773,D. Bermejo Escribano,PG,2121212,P. Salinas Mascuñana,SG,2179984,U. Rodríguez Silva,SF,2651124,A. Boquete Manna,SF,2743289,D. Cabrera Baccon,C,0.0,1.0,0.0,1.0,-1.0,0.0,2400.0,-2400.0
2512654,Cuartos de Final,981492,CELTA  FEMXA ZORKA,AWAY,2049773,D. Bermejo Escribano,PG,2121212,P. Salinas Mascuñana,SG,2651124,A. Boquete Manna,SF,2276545,M. Vizmanos Iglesis,PF,2644595,I. Vennema,PF,0.7,40.0,0.0,2.0,-2.0,0.0,120.0,-120.0
2512654,Cuartos de Final,981492,CELTA  FEMXA ZORKA,AWAY,2049773,D. Bermejo Escribano,PG,2121212,P. Salinas Mascuñana,SG,2651124,A. Boquete Manna,SF,2276545,M. Vizmanos Iglesis,PF,2743289,D. Cabrera Baccon,C,0.6,36.0,0.0,1.0,-1.0,0.0,66.7,-66.7
2512654,Cuartos de Final,981492,CELTA  FEMXA ZORKA,AWAY,2049773,D. Bermejo Escribano,PG,2121212,P. Salinas Mascuñana,SG,2651124,A. Boquete Manna,SF,2276545,M. Vizmanos Iglesis,PF,2814638,J. Kelliher,PF,9.9,596.0,19.0,6.0,13.0,76.5,24.2,52.3
2512654,Cuartos de Final,981492,CELTA  FEMXA ZORKA,AWAY,2049773,D. Bermejo Escribano,PG,2121212,P. Salinas Mascuñana,SG,2651124,A. Boquete Manna,SF,2644595,I. Vennema,PF,2743289,D. Cabrera Baccon,C,4.2,247.0,6.0,9.0,-3.0,58.3,87.4,-29.1
2512655,Cuartos de Final,981356,BOSONIT UNIBASKET,AWAY,1821692,M. Alonso Guadaño,PG,1626810,C. Aldecoa Rodriguez,SG,1678734,M. Llorente Ruiz,SG,1778980,I. Losada Gonzalez-Babe,PF,2819121,H. Forster,C,1.7,103.0,1.0,2.0,-1.0,23.3,46.6,-23.3
2512655,Cuartos de Final,981356,BOSONIT UNIBASKET,AWAY,1821692,M. Alonso Guadaño,PG,1626810,C. Aldecoa Rodriguez,SG,1678734,M. Llorente Ruiz,SG,1834784,E. Florez Pascual,SF,1778980,I. Losada Gonzalez-Babe,PF,0.8,45.0,0.0,2.0,-2.0,0.0,106.7,-106.7
2512655,Cuartos de Final,981356,BOSONIT UNIBASKET,AWAY,1821692,M. Alonso Guadaño,PG,1626810,C. Aldecoa Rodriguez,SG,1678734,M. Llorente Ruiz,SG,1834784,E. Florez Pascual,SF,2819121,H. Forster,C,0.6,35.0,0.0,0.0,0.0,0.0,0.0,0.0
2512655,Cuartos de Final,981356,BOSONIT UNIBASKET,AWAY,1821692,M. Alonso Guadaño,PG,1626810,C. Aldecoa Rodriguez,SG,1678734,M. Llorente Ruiz,SG,2735759,L. Van Schaik,SF,1778980,I. Losada Gonzalez-Babe,PF,4.3,258.0,7.0,8.0,-1.0,65.1,74.4,-9.3
2512655,Cuartos de Final,981356,BOSONIT UNIBASKET,AWAY,1821692,M. Alonso Guadaño,PG,1626810,C. Aldecoa Rodriguez,SG,1678734,M. Llorente Ruiz,SG,2735759,L. Van Schaik,SF,2819121,H. Forster,C,5.5,329.0,3.0,12.0,-9.0,21.9,87.5,-65.7
2512655,Cuartos de Final,981356,BOSONIT UNIBASKET,AWAY,1821692,M. Alonso Guadaño,PG,1626810,C. Aldecoa Rodriguez,SG,2561556,C. Sañudo Trillo,SG,1834784,E. Florez Pascual,SF,1778980,I. Losada Gonzalez-Babe,PF,0.3,16.0,1.0,2.0,-1.0,150.0,300.0,-150.0
2512655,Cuartos de Final,981356,BOSONIT UNIBASKET,AWAY,1821692,M. Alonso Guadaño,PG,1626810,C. Aldecoa Rodriguez,SG,2561556,C. Sañudo Trillo,SG,2735759,L. Van Schaik,SF,1778980,I. Losada Gonzalez-Babe,PF,0.3,17.0,0.0,1.0,-1.0,0.0,141.2,-141.2
2512655,Cuartos de Final,981356,BOSONIT UNIBASKET,AWAY,1821692,M. Alonso Guadaño,PG,1678734,M. Llorente Ruiz,SG,2561556,C. Sañudo Trillo,SG,2735759,L. Van Schaik,SF,1778980,I. Losada Gonzalez-Babe,PF,1.4,82.0,5.0,2.0,3.0,146.3,58.5,87.8
2512655,Cuartos de Final,981356,BOSONIT UNIBASKET,AWAY,1821692,M. Alonso Guadaño,PG,2561556,C. Sañudo Trillo,SG,1626810,C. Aldecoa Rodriguez,SG,2735759,L. Van Schaik,SF,1778980,I. Losada Gonzalez-Babe,PF,2.2,133.0,5.0,2.0,3.0,90.2,36.1,54.1
2512655,Cuartos de Final,981356,BOSONIT UNIBASKET,AWAY,1821692,M. Alonso Guadaño,PG,2561556,C. Sañudo Trillo,SG,1626810,C. Aldecoa Rodriguez,SG,2735759,L. Van Schaik,SF,2819121,H. Forster,C,7.3,439.0,7.0,8.0,-1.0,38.3,43.7,-5.5
2512655,Cuartos de Final,981356,BOSONIT UNIBASKET,AWAY,1821692,M. Alonso Guadaño,PG,2561556,C. Sañudo Trillo,SG,1678734,M. Llorente Ruiz,SG,2735759,L. Van Schaik,SF,1778980,I. Losada Gonzalez-Babe,PF,1.7,103.0,0.0,2.0,-2.0,0.0,46.6,-46.6
2512655,Cuartos de Final,981356,BOSONIT UNIBASKET,AWAY,1821692,M. Alonso Guadaño,PG,2561556,C. Sañudo Trillo,SG,2735759,L. Van Schaik,SF,1834784,E. Florez Pascual,SF,1778980,I. Losada Gonzalez-Babe,PF,1.3,76.0,1.0,8.0,-7.0,31.6,252.6,-221.1
2512655,Cuartos de Final,981356,BOSONIT UNIBASKET,AWAY,2151019,N. Padrosa Mons,PG,1678734,M. Llorente Ruiz,SG,2735759,L. Van Schaik,SF,1834784,E. Florez Pascual,SF,2819121,H. Forster,C,3.7,221.0,5.0,6.0,-1.0,54.3,65.2,-10.9
2512655,Cuartos de Final,981356,BOSONIT UNIBASKET,AWAY,2151019,N. Padrosa Mons,PG,1821692,M. Alonso Guadaño,PG,1626810,C. Aldecoa Rodriguez,SG,2735759,L. Van Schaik,SF,2819121,H. Forster,C,3.3000000000000003,194.0,3.0,2.0,1.0,37.1,24.7,12.4
2512655,Cuartos de Final,981356,BOSONIT UNIBASKET,AWAY,2151019,N. Padrosa Mons,PG,1821692,M. Alonso Guadaño,PG,2561556,C. Sañudo Trillo,SG,1778980,I. Losada Gonzalez-Babe,PF,2819121,H. Forster,C,1.6,95.0,2.0,4.0,-2.0,50.5,101.1,-50.5
2512655,Cuartos de Final,981356,BOSONIT UNIBASKET,AWAY,2151019,N. Padrosa Mons,PG,1821692,M. Alonso Guadaño,PG,2561556,C. Sañudo Trillo,SG,2735759,L. Van Schaik,SF,1778980,I. Losada Gonzalez-Babe,PF,2.2,130.0,0.0,4.0,-4.0,0.0,73.8,-73.8
2512655,Cuartos de Final,981356,BOSONIT UNIBASKET,AWAY,2151019,N. Padrosa Mons,PG,2561556,C. Sañudo Trillo,SG,1678734,M. Llorente Ruiz,SG,2735759,L. Van Schaik,SF,1778980,I. Losada Gonzalez-Babe,PF,2.0,124.0,1.0,3.0,-2.0,19.4,58.1,-38.7
2512655,Cuartos de Final,981492,CELTA  FEMXA ZORKA,HOME,1898932,M. Gea Becerra,PG,2121212,P. Salinas Mascuñana,SG,2179984,U. Rodríguez Silva,SF,2276545,M. Vizmanos Iglesis,PF,2644595,I. Vennema,PF,5.0,296.0,10.0,9.0,1.0,81.1,73.0,8.1
2512655,Cuartos de Final,981492,CELTA  FEMXA ZORKA,HOME,1898932,M. Gea Becerra,PG,2121212,P. Salinas Mascuñana,SG,2179984,U. Rodríguez Silva,SF,2644595,I. Vennema,PF,2179703,N. Martínez Quintana,PF,5.5,328.0,11.0,2.0,9.0,80.5,14.6,65.9
2512655,Cuartos de Final,981492,CELTA  FEMXA ZORKA,HOME,1898932,M. Gea Becerra,PG,2121212,P. Salinas Mascuñana,SG,2179984,U. Rodríguez Silva,SF,2644595,I. Vennema,PF,2814638,J. Kelliher,PF,0.8,45.0,5.0,1.0,4.0,266.7,53.3,213.3
2512655,Cuartos de Final,981492,CELTA  FEMXA ZORKA,HOME,1898932,M. Gea Becerra,PG,2121212,P. Salinas Mascuñana,SG,2179984,U. Rodríguez Silva,SF,2651124,A. Boquete Manna,SF,2814638,J. Kelliher,PF,0.8,45.0,2.0,0.0,2.0,106.7,0.0,106.7
2512655,Cuartos de Final,981492,CELTA  FEMXA ZORKA,HOME,1898932,M. Gea Becerra,PG,2121212,P. Salinas Mascuñana,SG,2651124,A. Boquete Manna,SF,2644595,I. Vennema,PF,2179703,N. Martínez Quintana,PF,2.8,167.0,4.0,0.0,4.0,57.5,0.0,57.5
2512655,Cuartos de Final,981492,CELTA  FEMXA ZORKA,HOME,1898932,M. Gea Becerra,PG,2121212,P. Salinas Mascuñana,SG,2651124,A. Boquete Manna,SF,2644595,I. Vennema,PF,2276545,M. Vizmanos Iglesis,PF,1.6,100.0,5.0,0.0,5.0,120.0,0.0,120.0
2512655,Cuartos de Final,981492,CELTA  FEMXA ZORKA,HOME,2049773,D. Bermejo Escribano,PG,1898932,M. Gea Becerra,PG,2121212,P. Salinas Mascuñana,SG,2644595,I. Vennema,PF,2179703,N. Martínez Quintana,PF,0.3,21.0,0.0,1.0,-1.0,0.0,114.3,-114.3
2512655,Cuartos de Final,981492,CELTA  FEMXA ZORKA,HOME,2049773,D. Bermejo Escribano,PG,1898932,M. Gea Becerra,PG,2121212,P. Salinas Mascuñana,SG,2651124,A. Boquete Manna,SF,2644595,I. Vennema,PF,1.7999999999999998,105.0,4.0,2.0,2.0,91.4,45.7,45.7
2512655,Cuartos de Final,981492,CELTA  FEMXA ZORKA,HOME,2049773,D. Bermejo Escribano,PG,2121212,P. Salinas Mascuñana,SG,2179984,U. Rodríguez Silva,SF,2651124,A. Boquete Manna,SF,2814638,J. Kelliher,PF,4.2,250.0,3.0,8.0,-5.0,28.8,76.8,-48.0
2512655,Cuartos de Final,981492,CELTA  FEMXA ZORKA,HOME,2049773,D. Bermejo Escribano,PG,2121212,P. Salinas Mascuñana,SG,2651124,A. Boquete Manna,SF,2179703,N. Martínez Quintana,PF,2276545,M. Vizmanos Iglesis,PF,2.5,150.0,4.0,2.0,2.0,64.0,32.0,32.0
2512655,Cuartos de Final,981492,CELTA  FEMXA ZORKA,HOME,2049773,D. Bermejo Escribano,PG,2121212,P. Salinas Mascuñana,SG,2651124,A. Boquete Manna,SF,2179703,N. Martínez Quintana,PF,2743289,D. Cabrera Baccon,C,1.7,103.0,2.0,1.0,1.0,46.6,23.3,23.3
2512655,Cuartos de Final,981492,CELTA  FEMXA ZORKA,HOME,2049773,D. Bermejo Escribano,PG,2121212,P. Salinas Mascuñana,SG,2651124,A. Boquete Manna,SF,2276545,M. Vizmanos Iglesis,PF,2814638,J. Kelliher,PF,9.0,538.0,16.0,10.0,6.0,71.4,44.6,26.8
2512655,Cuartos de Final,981492,CELTA  FEMXA ZORKA,HOME,2049773,D. Bermejo Escribano,PG,2121212,P. Salinas Mascuñana,SG,2651124,A. Boquete Manna,SF,2644595,I. Vennema,PF,2814638,J. Kelliher,PF,0.5,27.0,0.0,0.0,0.0,0.0,0.0,0.0
2512655,Cuartos de Final,981492,CELTA  FEMXA ZORKA,HOME,2049773,D. Bermejo Escribano,PG,2121212,P. Salinas Mascuñana,SG,2651124,A. Boquete Manna,SF,2814638,J. Kelliher,PF,2743289,D. Cabrera Baccon,C,1.7,103.0,2.0,0.0,2.0,46.6,0.0,46.6
2512655,Cuartos de Final,981492,CELTA  FEMXA ZORKA,HOME,2121212,P. Salinas Mascuñana,SG,2179984,U. Rodríguez Silva,SF,2651124,A. Boquete Manna,SF,2179703,N. Martínez Quintana,PF,2276545,M. Vizmanos Iglesis,PF,2.0,122.0,0.0,5.0,-5.0,0.0,98.4,-98.4
2512656,Cuartos de Final,981206,MCR LIMA-HORTA BARCELONA,HOME,1908281,M. Aguado Tortella,PG,1958425,L. Roig I Salrach,PG,1912814,N. Barrientos Pereira,SF,2049841,E. Trawally Porta,PF,1494221,L. Soler Madariaga,C,2.5999999999999996,158.0,2.0,3.0,-1.0,30.4,45.6,-15.2
2512656,Cuartos de Final,981206,MCR LIMA-HORTA BARCELONA,HOME,1908281,M. Aguado Tortella,PG,1958425,L. Roig I Salrach,PG,1959765,J. Rueda Choni,SG,1494221,L. Soler Madariaga,C,2235190,E. Morales López,C,2.2,138.0,9.0,1.0,8.0,156.5,17.4,139.1
2512656,Cuartos de Final,981206,MCR LIMA-HORTA BARCELONA,HOME,1908281,M. Aguado Tortella,PG,1958425,L. Roig I Salrach,PG,1959765,J. Rueda Choni,SG,2049841,E. Trawally Porta,PF,2235190,E. Morales López,C,6.5,391.0,7.0,7.0,0.0,43.0,43.0,0.0
2512656,Cuartos de Final,981206,MCR LIMA-HORTA BARCELONA,HOME,1908281,M. Aguado Tortella,PG,1959765,J. Rueda Choni,SG,2042157,C. Ripoll Moya,SF,2049841,E. Trawally Porta,PF,1494221,L. Soler Madariaga,C,1.4,83.0,3.0,2.0,1.0,86.7,57.8,28.9
2512656,Cuartos de Final,981206,MCR LIMA-HORTA BARCELONA,HOME,1908281,M. Aguado Tortella,PG,1959765,J. Rueda Choni,SG,2042157,C. Ripoll Moya,SF,2049841,E. Trawally Porta,PF,2235190,E. Morales López,C,6.7,401.0,10.0,13.0,-3.0,59.9,77.8,-18.0
2512656,Cuartos de Final,981206,MCR LIMA-HORTA BARCELONA,HOME,1958425,L. Roig I Salrach,PG,1886093,E. Escuder Gonzalez,SG,1912814,N. Barrientos Pereira,SF,2049841,E. Trawally Porta,PF,1494221,L. Soler Madariaga,C,3.2,189.0,6.0,8.0,-2.0,76.2,101.6,-25.4
2512656,Cuartos de Final,981206,MCR LIMA-HORTA BARCELONA,HOME,1958425,L. Roig I Salrach,PG,1959765,J. Rueda Choni,SG,1912814,N. Barrientos Pereira,SF,1494221,L. Soler Madariaga,C,2235190,E. Morales López,C,0.1,6.0,0.0,0.0,0.0,0.0,0.0,0.0
2512656,Cuartos de Final,981206,MCR LIMA-HORTA BARCELONA,HOME,1958425,L. Roig I Salrach,PG,1959765,J. Rueda Choni,SG,1912814,N. Barrientos Pereira,SF,2049841,E. Trawally Porta,PF,1494221,L. Soler Madariaga,C,2.1,126.0,8.0,4.0,4.0,152.4,76.2,76.2
2512656,Cuartos de Final,981206,MCR LIMA-HORTA BARCELONA,HOME,1958425,L. Roig I Salrach,PG,1959765,J. Rueda Choni,SG,1912814,N. Barrientos Pereira,SF,2049841,E. Trawally Porta,PF,2235190,E. Morales López,C,1.9,113.0,3.0,0.0,3.0,63.7,0.0,63.7
2512656,Cuartos de Final,981206,MCR LIMA-HORTA BARCELONA,HOME,1958425,L. Roig I Salrach,PG,1959765,J. Rueda Choni,SG,2042157,C. Ripoll Moya,SF,1494221,L. Soler Madariaga,C,2235190,E. Morales López,C,0.4,26.0,0.0,0.0,0.0,0.0,0.0,0.0
2512656,Cuartos de Final,981206,MCR LIMA-HORTA BARCELONA,HOME,1958425,L. Roig I Salrach,PG,1959765,J. Rueda Choni,SG,2042157,C. Ripoll Moya,SF,2049841,E. Trawally Porta,PF,2235190,E. Morales López,C,1.4,84.0,5.0,0.0,5.0,142.9,0.0,142.9
2512656,Cuartos de Final,981206,MCR LIMA-HORTA BARCELONA,HOME,1958425,L. Roig I Salrach,PG,2042157,C. Ripoll Moya,SF,1912814,N. Barrientos Pereira,SF,1494221,L. Soler Madariaga,C,2235190,E. Morales López,C,1.7000000000000002,101.0,2.0,8.0,-6.0,47.5,190.1,-142.6
2512656,Cuartos de Final,981206,MCR LIMA-HORTA BARCELONA,HOME,1958425,L. Roig I Salrach,PG,2042157,C. Ripoll Moya,SF,1912814,N. Barrientos Pereira,SF,2049841,E. Trawally Porta,PF,1494221,L. Soler Madariaga,C,1.9,112.0,0.0,4.0,-4.0,0.0,85.7,-85.7
2512656,Cuartos de Final,981206,MCR LIMA-HORTA BARCELONA,HOME,1959765,J. Rueda Choni,SG,2042157,C. Ripoll Moya,SF,1912814,N. Barrientos Pereira,SF,1494221,L. Soler Madariaga,C,2235190,E. Morales López,C,4.0,245.0,6.0,2.0,4.0,58.8,19.6,39.2
2512656,Cuartos de Final,981206,MCR LIMA-HORTA BARCELONA,HOME,1959765,J. Rueda Choni,SG,2042157,C. Ripoll Moya,SF,1912814,N. Barrientos Pereira,SF,2049841,E. Trawally Porta,PF,1494221,L. Soler Madariaga,C,2.6,155.0,3.0,2.0,1.0,46.5,31.0,15.5
2512656,Cuartos de Final,981206,MCR LIMA-HORTA BARCELONA,HOME,1959765,J. Rueda Choni,SG,2042157,C. Ripoll Moya,SF,1912814,N. Barrientos Pereira,SF,2049841,E. Trawally Porta,PF,2235190,E. Morales López,C,1.2,72.0,0.0,5.0,-5.0,0.0,166.7,-166.7
2512656,Cuartos de Final,981334,UNICAJA MIJAS,AWAY,1317227,C. Garcia Paunero,SG,1994192,E. Moreno Fernandez,SF,1884837,M. Roters Dubinina,PF,1723860,S. Galeron Alvarez,PF,2646984,L. Rivers,C,1.3,80.0,0.0,2.0,-2.0,0.0,60.0,-60.0
2512656,Cuartos de Final,981334,UNICAJA MIJAS,AWAY,1949233,A. Orois Aznarez,PG,1317227,C. Garcia Paunero,SG,1884837,M. Roters Dubinina,PF,1723860,S. Galeron Alvarez,PF,2646984,L. Rivers,C,2.1999999999999997,138.0,0.0,4.0,-4.0,0.0,69.6,-69.6
2512656,Cuartos de Final,981334,UNICAJA MIJAS,AWAY,1949233,A. Orois Aznarez,PG,1317227,C. Garcia Paunero,SG,1884837,M. Roters Dubinina,PF,2012623,S. Lo Sylla,C,2646984,L. Rivers,C,3.8,227.0,7.0,3.0,4.0,74.0,31.7,42.3
2512656,Cuartos de Final,981334,UNICAJA MIJAS,AWAY,1949233,A. Orois Aznarez,PG,1317227,C. Garcia Paunero,SG,1884837,M. Roters Dubinina,PF,2096249,T. Eke Benitez,C,2646984,L. Rivers,C,4.3,253.0,5.0,4.0,1.0,47.4,37.9,9.5
2512656,Cuartos de Final,981334,UNICAJA MIJAS,AWAY,1949233,A. Orois Aznarez,PG,2643500,C. Capellan Santana,SG,1994192,E. Moreno Fernandez,SF,1884837,M. Roters Dubinina,PF,1723860,S. Galeron Alvarez,PF,1.3,80.0,0.0,6.0,-6.0,0.0,180.0,-180.0
2512656,Cuartos de Final,981334,UNICAJA MIJAS,AWAY,1954737,E. Puiggros Rovira,PG,1317227,C. Garcia Paunero,SG,1884837,M. Roters Dubinina,PF,1723860,S. Galeron Alvarez,PF,2096249,T. Eke Benitez,C,3.5,210.0,6.0,2.0,4.0,68.6,22.9,45.7
2512656,Cuartos de Final,981334,UNICAJA MIJAS,AWAY,1954737,E. Puiggros Rovira,PG,1317227,C. Garcia Paunero,SG,1884837,M. Roters Dubinina,PF,1723860,S. Galeron Alvarez,PF,2646984,L. Rivers,C,1.1,63.0,5.0,2.0,3.0,190.5,76.2,114.3
2512656,Cuartos de Final,981334,UNICAJA MIJAS,AWAY,1954737,E. Puiggros Rovira,PG,1317227,C. Garcia Paunero,SG,1884837,M. Roters Dubinina,PF,2096249,T. Eke Benitez,C,2646984,L. Rivers,C,4.8,289.0,10.0,11.0,-1.0,83.0,91.3,-8.3
2512656,Cuartos de Final,981334,UNICAJA MIJAS,AWAY,1954737,E. Puiggros Rovira,PG,1317227,C. Garcia Paunero,SG,1994192,E. Moreno Fernandez,SF,1884837,M. Roters Dubinina,PF,1723860,S. Galeron Alvarez,PF,6.199999999999999,374.0,8.0,9.0,-1.0,51.3,57.8,-6.4
2512656,Cuartos de Final,981334,UNICAJA MIJAS,AWAY,1954737,E. Puiggros Rovira,PG,1317227,C. Garcia Paunero,SG,2643500,C. Capellan Santana,SG,1884837,M. Roters Dubinina,PF,1723860,S. Galeron Alvarez,PF,1.0,64.0,3.0,0.0,3.0,112.5,0.0,112.5
2512656,Cuartos de Final,981334,UNICAJA MIJAS,AWAY,1954737,E. Puiggros Rovira,PG,2643500,C. Capellan Santana,SG,1884837,M. Roters Dubinina,PF,1723860,S. Galeron Alvarez,PF,2012623,S. Lo Sylla,C,0.2,11.0,0.0,0.0,0.0,0.0,0.0,0.0
2512656,Cuartos de Final,981334,UNICAJA MIJAS,AWAY,1954737,E. Puiggros Rovira,PG,2643500,C. Capellan Santana,SG,1884837,M. Roters Dubinina,PF,1723860,S. Galeron Alvarez,PF,2096249,T. Eke Benitez,C,4.1,246.0,4.0,9.0,-5.0,39.0,87.8,-48.8
2512656,Cuartos de Final,981334,UNICAJA MIJAS,AWAY,1954737,E. Puiggros Rovira,PG,2643500,C. Capellan Santana,SG,1994192,E. Moreno Fernandez,SF,1884837,M. Roters Dubinina,PF,1723860,S. Galeron Alvarez,PF,6.1,365.0,11.0,12.0,-1.0,72.3,78.9,-6.6
2512657,Cuartos de Final,981206,MCR LIMA-HORTA BARCELONA,AWAY,1908281,M. Aguado Tortella,PG,1958425,L. Roig I Salrach,PG,1912814,N. Barrientos Pereira,SF,1494221,L. Soler Madariaga,C,2235190,E. Morales López,C,1.2,70.0,2.0,3.0,-1.0,68.6,102.9,-34.3
2512657,Cuartos de Final,981206,MCR LIMA-HORTA BARCELONA,AWAY,1908281,M. Aguado Tortella,PG,1958425,L. Roig I Salrach,PG,1912814,N. Barrientos Pereira,SF,2049841,E. Trawally Porta,PF,1494221,L. Soler Madariaga,C,1.9,113.0,2.0,2.0,0.0,42.5,42.5,0.0
2512657,Cuartos de Final,981206,MCR LIMA-HORTA BARCELONA,AWAY,1908281,M. Aguado Tortella,PG,1958425,L. Roig I Salrach,PG,1912814,N. Barrientos Pereira,SF,2049841,E. Trawally Porta,PF,2235190,E. Morales López,C,6.7,398.0,2.0,12.0,-10.0,12.1,72.4,-60.3
2512657,Cuartos de Final,981206,MCR LIMA-HORTA BARCELONA,AWAY,1908281,M. Aguado Tortella,PG,1958425,L. Roig I Salrach,PG,1959765,J. Rueda Choni,SG,1912814,N. Barrientos Pereira,SF,1494221,L. Soler Madariaga,C,3.0,179.0,4.0,8.0,-4.0,53.6,107.3,-53.6
2512657,Cuartos de Final,981206,MCR LIMA-HORTA BARCELONA,AWAY,1908281,M. Aguado Tortella,PG,1958425,L. Roig I Salrach,PG,1959765,J. Rueda Choni,SG,2049841,E. Trawally Porta,PF,1494221,L. Soler Madariaga,C,1.5,90.0,2.0,4.0,-2.0,53.3,106.7,-53.3
2512657,Cuartos de Final,981206,MCR LIMA-HORTA BARCELONA,AWAY,1908281,M. Aguado Tortella,PG,1958425,L. Roig I Salrach,PG,2042157,C. Ripoll Moya,SF,2049841,E. Trawally Porta,PF,1494221,L. Soler Madariaga,C,0.8,49.0,0.0,0.0,0.0,0.0,0.0,0.0
2512657,Cuartos de Final,981206,MCR LIMA-HORTA BARCELONA,AWAY,1908281,M. Aguado Tortella,PG,1959765,J. Rueda Choni,SG,2042157,C. Ripoll Moya,SF,2049841,E. Trawally Porta,PF,1494221,L. Soler Madariaga,C,4.3,257.0,0.0,9.0,-9.0,0.0,84.0,-84.0
2512657,Cuartos de Final,981206,MCR LIMA-HORTA BARCELONA,AWAY,1908281,M. Aguado Tortella,PG,1959765,J. Rueda Choni,SG,2042157,C. Ripoll Moya,SF,2049841,E. Trawally Porta,PF,2235190,E. Morales López,C,4.2,254.0,6.0,10.0,-4.0,56.7,94.5,-37.8
2512657,Cuartos de Final,981206,MCR LIMA-HORTA BARCELONA,AWAY,1958425,L. Roig I Salrach,PG,1959765,J. Rueda Choni,SG,1912814,N. Barrientos Pereira,SF,2049841,E. Trawally Porta,PF,1494221,L. Soler Madariaga,C,7.5,449.0,15.0,20.0,-5.0,80.2,106.9,-26.7
2512657,Cuartos de Final,981206,MCR LIMA-HORTA BARCELONA,AWAY,1958425,L. Roig I Salrach,PG,1959765,J. Rueda Choni,SG,1912814,N. Barrientos Pereira,SF,2049841,E. Trawally Porta,PF,2235190,E. Morales López,C,2.9,170.0,3.0,1.0,2.0,42.4,14.1,28.2
2512657,Cuartos de Final,981206,MCR LIMA-HORTA BARCELONA,AWAY,1958425,L. Roig I Salrach,PG,1959765,J. Rueda Choni,SG,2042157,C. Ripoll Moya,SF,2049841,E. Trawally Porta,PF,1494221,L. Soler Madariaga,C,4.0,241.0,4.0,7.0,-3.0,39.8,69.7,-29.9
2512657,Cuartos de Final,981206,MCR LIMA-HORTA BARCELONA,AWAY,1959765,J. Rueda Choni,SG,2042157,C. Ripoll Moya,SF,1912814,N. Barrientos Pereira,SF,2049841,E. Trawally Porta,PF,1494221,L. Soler Madariaga,C,2.2,130.0,6.0,0.0,6.0,110.8,0.0,110.8
2512657,Cuartos de Final,981334,UNICAJA MIJAS,HOME,1949233,A. Orois Aznarez,PG,1317227,C. Garcia Paunero,SG,1884837,M. Roters Dubinina,PF,1723860,S. Galeron Alvarez,PF,2012623,S. Lo Sylla,C,3.7,224.0,13.0,0.0,13.0,139.3,0.0,139.3
2512657,Cuartos de Final,981334,UNICAJA MIJAS,HOME,1949233,A. Orois Aznarez,PG,1317227,C. Garcia Paunero,SG,1884837,M. Roters Dubinina,PF,1723860,S. Galeron Alvarez,PF,2096249,T. Eke Benitez,C,8.8,527.0,19.0,13.0,6.0,86.5,59.2,27.3
2512657,Cuartos de Final,981334,UNICAJA MIJAS,HOME,1949233,A. Orois Aznarez,PG,1317227,C. Garcia Paunero,SG,1884837,M. Roters Dubinina,PF,1723860,S. Galeron Alvarez,PF,2646984,L. Rivers,C,1.2,74.0,3.0,5.0,-2.0,97.3,162.2,-64.9
2512657,Cuartos de Final,981334,UNICAJA MIJAS,HOME,1949233,A. Orois Aznarez,PG,1317227,C. Garcia Paunero,SG,1884837,M. Roters Dubinina,PF,2096249,T. Eke Benitez,C,2012623,S. Lo Sylla,C,1.3,79.0,2.0,0.0,2.0,60.8,0.0,60.8
2512657,Cuartos de Final,981334,UNICAJA MIJAS,HOME,1949233,A. Orois Aznarez,PG,1317227,C. Garcia Paunero,SG,1994192,E. Moreno Fernandez,SF,1884837,M. Roters Dubinina,PF,1723860,S. Galeron Alvarez,PF,1.4,81.0,0.0,0.0,0.0,0.0,0.0,0.0
2512657,Cuartos de Final,981334,UNICAJA MIJAS,HOME,1949233,A. Orois Aznarez,PG,1317227,C. Garcia Paunero,SG,2643500,C. Capellan Santana,SG,1994192,E. Moreno Fernandez,SF,1884837,M. Roters Dubinina,PF,0.7,40.0,0.0,4.0,-4.0,0.0,240.0,-240.0
2512657,Cuartos de Final,981334,UNICAJA MIJAS,HOME,1949233,A. Orois Aznarez,PG,1994192,E. Moreno Fernandez,SF,1884837,M. Roters Dubinina,PF,2096249,T. Eke Benitez,C,2646984,L. Rivers,C,1.3,77.0,0.0,0.0,0.0,0.0,0.0,0.0
2512657,Cuartos de Final,981334,UNICAJA MIJAS,HOME,1949233,A. Orois Aznarez,PG,2413042,C. Guillen Uriguen,PG,2643500,C. Capellan Santana,SG,1994192,E. Moreno Fernandez,SF,1884837,M. Roters Dubinina,PF,0.4,26.0,0.0,2.0,-2.0,0.0,184.6,-184.6
2512657,Cuartos de Final,981334,UNICAJA MIJAS,HOME,1954737,E. Puiggros Rovira,PG,1317227,C. Garcia Paunero,SG,1884837,M. Roters Dubinina,PF,1723860,S. Galeron Alvarez,PF,2096249,T. Eke Benitez,C,0.6,34.0,0.0,3.0,-3.0,0.0,211.8,-211.8
2512657,Cuartos de Final,981334,UNICAJA MIJAS,HOME,1954737,E. Puiggros Rovira,PG,1317227,C. Garcia Paunero,SG,1884837,M. Roters Dubinina,PF,1723860,S. Galeron Alvarez,PF,2646984,L. Rivers,C,0.8,48.0,0.0,0.0,0.0,0.0,0.0,0.0
2512657,Cuartos de Final,981334,UNICAJA MIJAS,HOME,1954737,E. Puiggros Rovira,PG,1317227,C. Garcia Paunero,SG,1994192,E. Moreno Fernandez,SF,1884837,M. Roters Dubinina,PF,1723860,S. Galeron Alvarez,PF,3.7,221.0,7.0,4.0,3.0,76.0,43.4,32.6
2512657,Cuartos de Final,981334,UNICAJA MIJAS,HOME,1954737,E. Puiggros Rovira,PG,1317227,C. Garcia Paunero,SG,1994192,E. Moreno Fernandez,SF,1884837,M. Roters Dubinina,PF,2096249,T. Eke Benitez,C,1.2,70.0,2.0,0.0,2.0,68.6,0.0,68.6
2512657,Cuartos de Final,981334,UNICAJA MIJAS,HOME,1954737,E. Puiggros Rovira,PG,1994192,E. Moreno Fernandez,SF,1884837,M. Roters Dubinina,PF,2096249,T. Eke Benitez,C,2646984,L. Rivers,C,2.3,135.0,4.0,2.0,2.0,71.1,35.6,35.6
2512657,Cuartos de Final,981334,UNICAJA MIJAS,HOME,1954737,E. Puiggros Rovira,PG,2413042,C. Guillen Uriguen,PG,2643500,C. Capellan Santana,SG,1994192,E. Moreno Fernandez,SF,1884837,M. Roters Dubinina,PF,2.1,124.0,1.0,0.0,1.0,19.4,0.0,19.4
2512657,Cuartos de Final,981334,UNICAJA MIJAS,HOME,1954737,E. Puiggros Rovira,PG,2643500,C. Capellan Santana,SG,1994192,E. Moreno Fernandez,SF,1884837,M. Roters Dubinina,PF,1723860,S. Galeron Alvarez,PF,7.8,468.0,18.0,8.0,10.0,92.3,41.0,51.3
2512657,Cuartos de Final,981334,UNICAJA MIJAS,HOME,1954737,E. Puiggros Rovira,PG,2643500,C. Capellan Santana,SG,1994192,E. Moreno Fernandez,SF,1884837,M. Roters Dubinina,PF,2012623,S. Lo Sylla,C,1.7000000000000002,101.0,4.0,3.0,1.0,95.0,71.3,23.8
2512657,Cuartos de Final,981334,UNICAJA MIJAS,HOME,1954737,E. Puiggros Rovira,PG,2643500,C. Capellan Santana,SG,1994192,E. Moreno Fernandez,SF,1884837,M. Roters Dubinina,PF,2096249,T. Eke Benitez,C,1.2,71.0,3.0,2.0,1.0,101.4,67.6,33.8
2512658,Cuartos de Final,979971,OSES CONSTRUCCION,AWAY,1044456,M. Asurmendi Villaverde,PG,2364706,F. Parra,SG,1820835,A. Wone Aranaz,PF,2432513,V. Llorente,PF,2432778,J. Mungo Lanzetti,PF,0.9,52.0,0.0,1.0,-1.0,0.0,46.2,-46.2
2512658,Cuartos de Final,979971,OSES CONSTRUCCION,AWAY,1588922,L. Gutierrez Lancho,PG,1044456,M. Asurmendi Villaverde,PG,1820835,A. Wone Aranaz,PF,2432513,V. Llorente,PF,2432778,J. Mungo Lanzetti,PF,2.9000000000000004,170.0,3.0,3.0,0.0,42.4,42.4,0.0
2512658,Cuartos de Final,979971,OSES CONSTRUCCION,AWAY,1588922,L. Gutierrez Lancho,PG,1044456,M. Asurmendi Villaverde,PG,1824910,S. Castro Marrero,SF,1820835,A. Wone Aranaz,PF,2432778,J. Mungo Lanzetti,PF,2.5,153.0,4.0,2.0,2.0,62.7,31.4,31.4
2512658,Cuartos de Final,979971,OSES CONSTRUCCION,AWAY,1588922,L. Gutierrez Lancho,PG,1044456,M. Asurmendi Villaverde,PG,2364706,F. Parra,SG,2432513,V. Llorente,PF,2432778,J. Mungo Lanzetti,PF,1.9000000000000001,110.0,2.0,3.0,-1.0,43.6,65.5,-21.8
2512658,Cuartos de Final,979971,OSES CONSTRUCCION,AWAY,1588922,L. Gutierrez Lancho,PG,1824910,S. Castro Marrero,SF,2432513,V. Llorente,PF,1820835,A. Wone Aranaz,PF,2432778,J. Mungo Lanzetti,PF,0.1,6.0,2.0,0.0,2.0,800.0,0.0,800.0
2512658,Cuartos de Final,979971,OSES CONSTRUCCION,AWAY,1588922,L. Gutierrez Lancho,PG,2364706,F. Parra,SG,1824910,S. Castro Marrero,SF,1820835,A. Wone Aranaz,PF,2432778,J. Mungo Lanzetti,PF,2.1,122.0,0.0,0.0,0.0,0.0,0.0,0.0
2512658,Cuartos de Final,979971,OSES CONSTRUCCION,AWAY,2561102,M. Blanco Morcillo,PG,1044456,M. Asurmendi Villaverde,PG,2561097,A. Diez Pastor,SF,1820835,A. Wone Aranaz,PF,2432513,V. Llorente,PF,0.9,52.0,4.0,0.0,4.0,184.6,0.0,184.6
2512658,Cuartos de Final,979971,OSES CONSTRUCCION,AWAY,2561102,M. Blanco Morcillo,PG,1044456,M. Asurmendi Villaverde,PG,2561097,A. Diez Pastor,SF,2432513,V. Llorente,PF,2432778,J. Mungo Lanzetti,PF,1.2,71.0,4.0,3.0,1.0,135.2,101.4,33.8
2512658,Cuartos de Final,979971,OSES CONSTRUCCION,AWAY,2561102,M. Blanco Morcillo,PG,1588922,L. Gutierrez Lancho,PG,1044456,M. Asurmendi Villaverde,PG,1820835,A. Wone Aranaz,PF,2432513,V. Llorente,PF,2.1,123.0,2.0,2.0,0.0,39.0,39.0,0.0
2512658,Cuartos de Final,979971,OSES CONSTRUCCION,AWAY,2561102,M. Blanco Morcillo,PG,1588922,L. Gutierrez Lancho,PG,1044456,M. Asurmendi Villaverde,PG,2432513,V. Llorente,PF,1820835,A. Wone Aranaz,PF,1.7,100.0,0.0,2.0,-2.0,0.0,48.0,-48.0
2512658,Cuartos de Final,979971,OSES CONSTRUCCION,AWAY,2561102,M. Blanco Morcillo,PG,1588922,L. Gutierrez Lancho,PG,1044456,M. Asurmendi Villaverde,PG,2432513,V. Llorente,PF,2432778,J. Mungo Lanzetti,PF,0.9,52.0,0.0,2.0,-2.0,0.0,92.3,-92.3
2512658,Cuartos de Final,979971,OSES CONSTRUCCION,AWAY,2561102,M. Blanco Morcillo,PG,1588922,L. Gutierrez Lancho,PG,2364706,F. Parra,SG,1820835,A. Wone Aranaz,PF,2432778,J. Mungo Lanzetti,PF,1.6,96.0,0.0,2.0,-2.0,0.0,50.0,-50.0
2512658,Cuartos de Final,979971,OSES CONSTRUCCION,AWAY,2561102,M. Blanco Morcillo,PG,1588922,L. Gutierrez Lancho,PG,2364706,F. Parra,SG,1824910,S. Castro Marrero,SF,2432513,V. Llorente,PF,4.0,242.0,10.0,3.0,7.0,99.2,29.8,69.4
2512658,Cuartos de Final,979971,OSES CONSTRUCCION,AWAY,2561102,M. Blanco Morcillo,PG,2364706,F. Parra,SG,1824910,S. Castro Marrero,SF,1820835,A. Wone Aranaz,PF,2432778,J. Mungo Lanzetti,PF,9.9,600.0,29.0,22.0,7.0,116.0,88.0,28.0
2512658,Cuartos de Final,979971,OSES CONSTRUCCION,AWAY,2561102,M. Blanco Morcillo,PG,2364706,F. Parra,SG,1824910,S. Castro Marrero,SF,2432513,V. Llorente,PF,2432778,J. Mungo Lanzetti,PF,7.0,415.0,10.0,11.0,-1.0,57.8,63.6,-5.8
2512658,Cuartos de Final,979971,OSES CONSTRUCCION,AWAY,2561102,M. Blanco Morcillo,PG,2364706,F. Parra,SG,2561097,A. Diez Pastor,SF,2432513,V. Llorente,PF,2432778,J. Mungo Lanzetti,PF,0.6,36.0,3.0,0.0,3.0,200.0,0.0,200.0
2512658,Cuartos de Final,981208,ALTER ENERSUN AL-QÁZERES EXTREMADURA,HOME,1889214,C. Prieto Pereda,PG,2815234,I. Tavares Ramos,SG,2432389,J. De Barros Filipe,SF,2815153,V. Gauna,C,1902336,N. Liste Alfonsin,C,1.8,107.0,3.0,0.0,3.0,67.3,0.0,67.3
2512658,Cuartos de Final,981208,ALTER ENERSUN AL-QÁZERES EXTREMADURA,HOME,2056237,L. Salmeron Segu,PG,1889214,C. Prieto Pereda,PG,1860325,L. Fontela Cabaleiro,SG,2432389,J. De Barros Filipe,SF,2815153,V. Gauna,C,1.8,105.0,2.0,2.0,0.0,45.7,45.7,0.0
2512658,Cuartos de Final,981208,ALTER ENERSUN AL-QÁZERES EXTREMADURA,HOME,2056237,L. Salmeron Segu,PG,1889214,C. Prieto Pereda,PG,1860325,L. Fontela Cabaleiro,SG,2815153,V. Gauna,C,1902336,N. Liste Alfonsin,C,0.9,52.0,2.0,0.0,2.0,92.3,0.0,92.3
2512658,Cuartos de Final,981208,ALTER ENERSUN AL-QÁZERES EXTREMADURA,HOME,2056237,L. Salmeron Segu,PG,1889214,C. Prieto Pereda,PG,2815234,I. Tavares Ramos,SG,2432389,J. De Barros Filipe,SF,2815153,V. Gauna,C,0.3,18.0,0.0,0.0,0.0,0.0,0.0,0.0
2512658,Cuartos de Final,981208,ALTER ENERSUN AL-QÁZERES EXTREMADURA,HOME,2056237,L. Salmeron Segu,PG,1889214,C. Prieto Pereda,PG,2815234,I. Tavares Ramos,SG,2815153,V. Gauna,C,1902336,N. Liste Alfonsin,C,0.9,52.0,0.0,4.0,-4.0,0.0,184.6,-184.6
2512658,Cuartos de Final,981208,ALTER ENERSUN AL-QÁZERES EXTREMADURA,HOME,2056237,L. Salmeron Segu,PG,2815234,I. Tavares Ramos,SG,2432389,J. De Barros Filipe,SF,2815153,V. Gauna,C,1902336,N. Liste Alfonsin,C,3.0,179.0,4.0,4.0,0.0,53.6,53.6,0.0
2512658,Cuartos de Final,981208,ALTER ENERSUN AL-QÁZERES EXTREMADURA,HOME,2735904,R. De Lima Viegas Laneiro,PG,1889214,C. Prieto Pereda,PG,2432389,J. De Barros Filipe,SF,2815153,V. Gauna,C,1902336,N. Liste Alfonsin,C,3.2,188.0,4.0,5.0,-1.0,51.1,63.8,-12.8
2512658,Cuartos de Final,981208,ALTER ENERSUN AL-QÁZERES EXTREMADURA,HOME,2735904,R. De Lima Viegas Laneiro,PG,2056237,L. Salmeron Segu,PG,1860325,L. Fontela Cabaleiro,SG,2815153,V. Gauna,C,1902336,N. Liste Alfonsin,C,0.3,17.0,0.0,0.0,0.0,0.0,0.0,0.0
2512658,Cuartos de Final,981208,ALTER ENERSUN AL-QÁZERES EXTREMADURA,HOME,2735904,R. De Lima Viegas Laneiro,PG,2056237,L. Salmeron Segu,PG,2815234,I. Tavares Ramos,SG,1112483,L. Mendez Lamas,PF,1902336,N. Liste Alfonsin,C,2.6,156.0,6.0,9.0,-3.0,92.3,138.5,-46.2
2512658,Cuartos de Final,981208,ALTER ENERSUN AL-QÁZERES EXTREMADURA,HOME,2735904,R. De Lima Viegas Laneiro,PG,2056237,L. Salmeron Segu,PG,2815234,I. Tavares Ramos,SG,2432389,J. De Barros Filipe,SF,1902336,N. Liste Alfonsin,C,4.5,270.0,3.0,6.0,-3.0,26.7,53.3,-26.7
2512658,Cuartos de Final,981208,ALTER ENERSUN AL-QÁZERES EXTREMADURA,HOME,2735904,R. De Lima Viegas Laneiro,PG,2056237,L. Salmeron Segu,PG,2815234,I. Tavares Ramos,SG,2815153,V. Gauna,C,1902336,N. Liste Alfonsin,C,9.6,576.0,11.0,17.0,-6.0,45.8,70.8,-25.0
2512658,Cuartos de Final,981208,ALTER ENERSUN AL-QÁZERES EXTREMADURA,HOME,2735904,R. De Lima Viegas Laneiro,PG,2815234,I. Tavares Ramos,SG,1860325,L. Fontela Cabaleiro,SG,2815153,V. Gauna,C,1902336,N. Liste Alfonsin,C,2.8,163.0,3.0,2.0,1.0,44.2,29.4,14.7
2512658,Cuartos de Final,981208,ALTER ENERSUN AL-QÁZERES EXTREMADURA,HOME,2735904,R. De Lima Viegas Laneiro,PG,2815234,I. Tavares Ramos,SG,2432389,J. De Barros Filipe,SF,1112483,L. Mendez Lamas,PF,1902336,N. Liste Alfonsin,C,8.6,517.0,18.0,24.0,-6.0,83.6,111.4,-27.9
2512659,Cuartos de Final,979971,OSES CONSTRUCCION,HOME,1044456,M. Asurmendi Villaverde,PG,2364706,F. Parra,SG,2561097,A. Diez Pastor,SF,1820835,A. Wone Aranaz,PF,2432778,J. Mungo Lanzetti,PF,2.4,145.0,7.0,0.0,7.0,115.9,0.0,115.9
2512659,Cuartos de Final,979971,OSES CONSTRUCCION,HOME,1044456,M. Asurmendi Villaverde,PG,2364706,F. Parra,SG,2561097,A. Diez Pastor,SF,2432513,V. Llorente,PF,2432778,J. Mungo Lanzetti,PF,1.6,94.0,2.0,7.0,-5.0,51.1,178.7,-127.7
2512659,Cuartos de Final,979971,OSES CONSTRUCCION,HOME,1588922,L. Gutierrez Lancho,PG,1044456,M. Asurmendi Villaverde,PG,1820835,A. Wone Aranaz,PF,2432513,V. Llorente,PF,2432778,J. Mungo Lanzetti,PF,1.9,116.0,0.0,6.0,-6.0,0.0,124.1,-124.1
2512659,Cuartos de Final,979971,OSES CONSTRUCCION,HOME,1588922,L. Gutierrez Lancho,PG,1044456,M. Asurmendi Villaverde,PG,2364706,F. Parra,SG,1824910,S. Castro Marrero,SF,2432778,J. Mungo Lanzetti,PF,0.1,6.0,2.0,0.0,2.0,800.0,0.0,800.0
2512659,Cuartos de Final,979971,OSES CONSTRUCCION,HOME,1588922,L. Gutierrez Lancho,PG,1044456,M. Asurmendi Villaverde,PG,2561097,A. Diez Pastor,SF,1820835,A. Wone Aranaz,PF,2432513,V. Llorente,PF,0.9,54.0,2.0,0.0,2.0,88.9,0.0,88.9
2512659,Cuartos de Final,979971,OSES CONSTRUCCION,HOME,1588922,L. Gutierrez Lancho,PG,2364706,F. Parra,SG,1824910,S. Castro Marrero,SF,1820835,A. Wone Aranaz,PF,2432778,J. Mungo Lanzetti,PF,10.4,629.0,22.0,15.0,7.0,83.9,57.2,26.7
2512659,Cuartos de Final,979971,OSES CONSTRUCCION,HOME,1588922,L. Gutierrez Lancho,PG,2364706,F. Parra,SG,1824910,S. Castro Marrero,SF,2432513,V. Llorente,PF,2432778,J. Mungo Lanzetti,PF,2.9000000000000004,171.0,2.0,3.0,-1.0,28.1,42.1,-14.0
2512659,Cuartos de Final,979971,OSES CONSTRUCCION,HOME,1588922,L. Gutierrez Lancho,PG,2364706,F. Parra,SG,2561097,A. Diez Pastor,SF,1820835,A. Wone Aranaz,PF,2432778,J. Mungo Lanzetti,PF,1.0,61.0,2.0,0.0,2.0,78.7,0.0,78.7
2512659,Cuartos de Final,979971,OSES CONSTRUCCION,HOME,1588922,L. Gutierrez Lancho,PG,2561097,A. Diez Pastor,SF,1824910,S. Castro Marrero,SF,1820835,A. Wone Aranaz,PF,2432513,V. Llorente,PF,1.1,64.0,3.0,2.0,1.0,112.5,75.0,37.5
2512659,Cuartos de Final,979971,OSES CONSTRUCCION,HOME,2561102,M. Blanco Morcillo,PG,1044456,M. Asurmendi Villaverde,PG,1824910,S. Castro Marrero,SF,2432513,V. Llorente,PF,2432778,J. Mungo Lanzetti,PF,3.5,211.0,2.0,6.0,-4.0,22.7,68.2,-45.5
2512659,Cuartos de Final,979971,OSES CONSTRUCCION,HOME,2561102,M. Blanco Morcillo,PG,1588922,L. Gutierrez Lancho,PG,1824910,S. Castro Marrero,SF,2432513,V. Llorente,PF,1820835,A. Wone Aranaz,PF,1.3,77.0,0.0,2.0,-2.0,0.0,62.3,-62.3
2512659,Cuartos de Final,979971,OSES CONSTRUCCION,HOME,2561102,M. Blanco Morcillo,PG,1588922,L. Gutierrez Lancho,PG,1824910,S. Castro Marrero,SF,2432513,V. Llorente,PF,2432778,J. Mungo Lanzetti,PF,1.8,110.0,4.0,2.0,2.0,87.3,43.6,43.6
2512659,Cuartos de Final,979971,OSES CONSTRUCCION,HOME,2561102,M. Blanco Morcillo,PG,1588922,L. Gutierrez Lancho,PG,2364706,F. Parra,SG,2432513,V. Llorente,PF,2432778,J. Mungo Lanzetti,PF,2.2,133.0,0.0,6.0,-6.0,0.0,108.3,-108.3
2512659,Cuartos de Final,979971,OSES CONSTRUCCION,HOME,2561102,M. Blanco Morcillo,PG,1882395,A. Elso Aramendia,SG,2364706,F. Parra,SG,2432513,V. Llorente,PF,1820835,A. Wone Aranaz,PF,2.0,124.0,2.0,4.0,-2.0,38.7,77.4,-38.7
2512659,Cuartos de Final,979971,OSES CONSTRUCCION,HOME,2561102,M. Blanco Morcillo,PG,2364706,F. Parra,SG,1824910,S. Castro Marrero,SF,1820835,A. Wone Aranaz,PF,2432778,J. Mungo Lanzetti,PF,4.5,272.0,4.0,9.0,-5.0,35.3,79.4,-44.1
2512659,Cuartos de Final,979971,OSES CONSTRUCCION,HOME,2561102,M. Blanco Morcillo,PG,2364706,F. Parra,SG,1824910,S. Castro Marrero,SF,2432513,V. Llorente,PF,2432778,J. Mungo Lanzetti,PF,0.3,21.0,1.0,0.0,1.0,114.3,0.0,114.3
2512659,Cuartos de Final,979971,OSES CONSTRUCCION,HOME,2561102,M. Blanco Morcillo,PG,2364706,F. Parra,SG,2432513,V. Llorente,PF,2432778,J. Mungo Lanzetti,PF,1593987,M. Recarte Mendive,C,0.9,55.0,2.0,5.0,-3.0,87.3,218.2,-130.9
2512659,Cuartos de Final,979971,OSES CONSTRUCCION,HOME,2561102,M. Blanco Morcillo,PG,2364706,F. Parra,SG,2561097,A. Diez Pastor,SF,1820835,A. Wone Aranaz,PF,2432778,J. Mungo Lanzetti,PF,0.0,1.0,1.0,0.0,1.0,2400.0,0.0,2400.0
2512659,Cuartos de Final,979971,OSES CONSTRUCCION,HOME,2561102,M. Blanco Morcillo,PG,2364706,F. Parra,SG,2561097,A. Diez Pastor,SF,2432513,V. Llorente,PF,2432778,J. Mungo Lanzetti,PF,0.9,56.0,0.0,0.0,0.0,0.0,0.0,0.0
2512659,Cuartos de Final,981208,ALTER ENERSUN AL-QÁZERES EXTREMADURA,AWAY,2056237,L. Salmeron Segu,PG,1889214,C. Prieto Pereda,PG,2815234,I. Tavares Ramos,SG,1112483,L. Mendez Lamas,PF,2815153,V. Gauna,C,0.3,21.0,0.0,1.0,-1.0,0.0,114.3,-114.3
2512659,Cuartos de Final,981208,ALTER ENERSUN AL-QÁZERES EXTREMADURA,AWAY,2056237,L. Salmeron Segu,PG,2735904,R. De Lima Viegas Laneiro,PG,1889214,C. Prieto Pereda,PG,1112483,L. Mendez Lamas,PF,2815153,V. Gauna,C,0.1,6.0,0.0,2.0,-2.0,0.0,800.0,-800.0
2512659,Cuartos de Final,981208,ALTER ENERSUN AL-QÁZERES EXTREMADURA,AWAY,2056237,L. Salmeron Segu,PG,2735904,R. De Lima Viegas Laneiro,PG,1889214,C. Prieto Pereda,PG,2815153,V. Gauna,C,1902336,N. Liste Alfonsin,C,0.7,40.0,1.0,0.0,1.0,60.0,0.0,60.0
2512659,Cuartos de Final,981208,ALTER ENERSUN AL-QÁZERES EXTREMADURA,AWAY,2056237,L. Salmeron Segu,PG,2735904,R. De Lima Viegas Laneiro,PG,2044012,C. Suárez Fernández,SF,1112483,L. Mendez Lamas,PF,2815153,V. Gauna,C,0.9,55.0,5.0,2.0,3.0,218.2,87.3,130.9
2512659,Cuartos de Final,981208,ALTER ENERSUN AL-QÁZERES EXTREMADURA,AWAY,2056237,L. Salmeron Segu,PG,2735904,R. De Lima Viegas Laneiro,PG,2432389,J. De Barros Filipe,SF,2044012,C. Suárez Fernández,SF,1902336,N. Liste Alfonsin,C,0.9,57.0,0.0,1.0,-1.0,0.0,42.1,-42.1
2512659,Cuartos de Final,981208,ALTER ENERSUN AL-QÁZERES EXTREMADURA,AWAY,2056237,L. Salmeron Segu,PG,2735904,R. De Lima Viegas Laneiro,PG,2432389,J. De Barros Filipe,SF,2815153,V. Gauna,C,1902336,N. Liste Alfonsin,C,3.2,196.0,4.0,10.0,-6.0,49.0,122.4,-73.5
2512659,Cuartos de Final,981208,ALTER ENERSUN AL-QÁZERES EXTREMADURA,AWAY,2056237,L. Salmeron Segu,PG,2815234,I. Tavares Ramos,SG,2432389,J. De Barros Filipe,SF,1112483,L. Mendez Lamas,PF,1902336,N. Liste Alfonsin,C,2.4,145.0,0.0,7.0,-7.0,0.0,115.9,-115.9
2512659,Cuartos de Final,981208,ALTER ENERSUN AL-QÁZERES EXTREMADURA,AWAY,2735904,R. De Lima Viegas Laneiro,PG,1889214,C. Prieto Pereda,PG,2432389,J. De Barros Filipe,SF,1112483,L. Mendez Lamas,PF,2815153,V. Gauna,C,4.6,279.0,10.0,4.0,6.0,86.0,34.4,51.6
2512659,Cuartos de Final,981208,ALTER ENERSUN AL-QÁZERES EXTREMADURA,AWAY,2735904,R. De Lima Viegas Laneiro,PG,1889214,C. Prieto Pereda,PG,2432389,J. De Barros Filipe,SF,2815153,V. Gauna,C,1902336,N. Liste Alfonsin,C,5.800000000000001,345.0,7.0,13.0,-6.0,48.7,90.4,-41.7
2512659,Cuartos de Final,981208,ALTER ENERSUN AL-QÁZERES EXTREMADURA,AWAY,2735904,R. De Lima Viegas Laneiro,PG,2056237,L. Salmeron Segu,PG,2432389,J. De Barros Filipe,SF,2815153,V. Gauna,C,1902336,N. Liste Alfonsin,C,1.4000000000000001,85.0,2.0,4.0,-2.0,56.5,112.9,-56.5
2512659,Cuartos de Final,981208,ALTER ENERSUN AL-QÁZERES EXTREMADURA,AWAY,2735904,R. De Lima Viegas Laneiro,PG,2056237,L. Salmeron Segu,PG,2815234,I. Tavares Ramos,SG,1112483,L. Mendez Lamas,PF,2815153,V. Gauna,C,4.9,294.0,11.0,6.0,5.0,89.8,49.0,40.8
2512659,Cuartos de Final,981208,ALTER ENERSUN AL-QÁZERES EXTREMADURA,AWAY,2735904,R. De Lima Viegas Laneiro,PG,2056237,L. Salmeron Segu,PG,2815234,I. Tavares Ramos,SG,2432389,J. De Barros Filipe,SF,1902336,N. Liste Alfonsin,C,6.7,406.0,11.0,6.0,5.0,65.0,35.5,29.6
2512659,Cuartos de Final,981208,ALTER ENERSUN AL-QÁZERES EXTREMADURA,AWAY,2735904,R. De Lima Viegas Laneiro,PG,2056237,L. Salmeron Segu,PG,2815234,I. Tavares Ramos,SG,2815153,V. Gauna,C,1902336,N. Liste Alfonsin,C,3.7,222.0,8.0,0.0,8.0,86.5,0.0,86.5
2512659,Cuartos de Final,981208,ALTER ENERSUN AL-QÁZERES EXTREMADURA,AWAY,2735904,R. De Lima Viegas Laneiro,PG,2815234,I. Tavares Ramos,SG,2432389,J. De Barros Filipe,SF,1112483,L. Mendez Lamas,PF,1902336,N. Liste Alfonsin,C,4.1,249.0,8.0,2.0,6.0,77.1,19.3,57.8
2512660,Cuartos de Final,979770,MELILLA CIUDAD DEL DEPORTE LA SALLE,AWAY,1454479,A. Senosiain Vergarachea,PG,1587316,C. Caceres Ayala,SG,1829640,A. Sanchez Davila,SF,2814864,R. Monteiro Da Silva,PF,1946976,L. Moya Blanch,PF,0.7,43.0,0.0,0.0,0.0,0.0,0.0,0.0
2512660,Cuartos de Final,979770,MELILLA CIUDAD DEL DEPORTE LA SALLE,AWAY,1454479,A. Senosiain Vergarachea,PG,1587316,C. Caceres Ayala,SG,2814864,R. Monteiro Da Silva,PF,1946976,L. Moya Blanch,PF,2432929,M. Davydova,C,2.2,134.0,4.0,4.0,0.0,71.6,71.6,0.0
2512660,Cuartos de Final,979770,MELILLA CIUDAD DEL DEPORTE LA SALLE,AWAY,1454479,A. Senosiain Vergarachea,PG,1829640,A. Sanchez Davila,SF,2814864,R. Monteiro Da Silva,PF,1756623,A. Hernangomez Geuer,PF,1946976,L. Moya Blanch,PF,1.2,71.0,2.0,5.0,-3.0,67.6,169.0,-101.4
2512660,Cuartos de Final,979770,MELILLA CIUDAD DEL DEPORTE LA SALLE,AWAY,1454479,A. Senosiain Vergarachea,PG,1829640,A. Sanchez Davila,SF,2814864,R. Monteiro Da Silva,PF,1946976,L. Moya Blanch,PF,2432929,M. Davydova,C,1.8,106.0,3.0,2.0,1.0,67.9,45.3,22.6
2512660,Cuartos de Final,979770,MELILLA CIUDAD DEL DEPORTE LA SALLE,AWAY,1454479,A. Senosiain Vergarachea,PG,2648563,M. D´Urso Vallina,PG,1587316,C. Caceres Ayala,SG,1829640,A. Sanchez Davila,SF,1756623,A. Hernangomez Geuer,PF,0.6,36.0,2.0,0.0,2.0,133.3,0.0,133.3
2512660,Cuartos de Final,979770,MELILLA CIUDAD DEL DEPORTE LA SALLE,AWAY,1454479,A. Senosiain Vergarachea,PG,2648563,M. D´Urso Vallina,PG,1715165,M. Torreblanca Ginel,SG,1587316,C. Caceres Ayala,SG,1756623,A. Hernangomez Geuer,PF,6.0,362.0,4.0,8.0,-4.0,26.5,53.0,-26.5
2512660,Cuartos de Final,979770,MELILLA CIUDAD DEL DEPORTE LA SALLE,AWAY,1454479,A. Senosiain Vergarachea,PG,2648563,M. D´Urso Vallina,PG,1715165,M. Torreblanca Ginel,SG,1587316,C. Caceres Ayala,SG,1829640,A. Sanchez Davila,SF,5.0,303.0,5.0,10.0,-5.0,39.6,79.2,-39.6
2512660,Cuartos de Final,979770,MELILLA CIUDAD DEL DEPORTE LA SALLE,AWAY,1454479,A. Senosiain Vergarachea,PG,2648563,M. D´Urso Vallina,PG,1715165,M. Torreblanca Ginel,SG,1587316,C. Caceres Ayala,SG,2814864,R. Monteiro Da Silva,PF,2.9,174.0,6.0,0.0,6.0,82.8,0.0,82.8
2512660,Cuartos de Final,979770,MELILLA CIUDAD DEL DEPORTE LA SALLE,AWAY,1454479,A. Senosiain Vergarachea,PG,2648563,M. D´Urso Vallina,PG,1715165,M. Torreblanca Ginel,SG,1829640,A. Sanchez Davila,SF,1756623,A. Hernangomez Geuer,PF,1.1,68.0,0.0,2.0,-2.0,0.0,70.6,-70.6
2512660,Cuartos de Final,979770,MELILLA CIUDAD DEL DEPORTE LA SALLE,AWAY,1454479,A. Senosiain Vergarachea,PG,2648563,M. D´Urso Vallina,PG,1715165,M. Torreblanca Ginel,SG,1829640,A. Sanchez Davila,SF,2814864,R. Monteiro Da Silva,PF,2.0,115.0,0.0,3.0,-3.0,0.0,62.6,-62.6
2512660,Cuartos de Final,979770,MELILLA CIUDAD DEL DEPORTE LA SALLE,AWAY,1454479,A. Senosiain Vergarachea,PG,2648563,M. D´Urso Vallina,PG,1715165,M. Torreblanca Ginel,SG,2814864,R. Monteiro Da Silva,PF,1756623,A. Hernangomez Geuer,PF,6.300000000000001,373.0,17.0,7.0,10.0,109.4,45.0,64.3
2512660,Cuartos de Final,979770,MELILLA CIUDAD DEL DEPORTE LA SALLE,AWAY,1454479,A. Senosiain Vergarachea,PG,2648563,M. D´Urso Vallina,PG,1715165,M. Torreblanca Ginel,SG,2814864,R. Monteiro Da Silva,PF,1946976,L. Moya Blanch,PF,8.4,504.0,8.0,13.0,-5.0,38.1,61.9,-23.8
2512660,Cuartos de Final,979770,MELILLA CIUDAD DEL DEPORTE LA SALLE,AWAY,1454479,A. Senosiain Vergarachea,PG,2648563,M. D´Urso Vallina,PG,1829640,A. Sanchez Davila,SF,1756623,A. Hernangomez Geuer,PF,1946976,L. Moya Blanch,PF,1.5,91.0,0.0,0.0,0.0,0.0,0.0,0.0
2512660,Cuartos de Final,979770,MELILLA CIUDAD DEL DEPORTE LA SALLE,AWAY,1454479,A. Senosiain Vergarachea,PG,2648563,M. D´Urso Vallina,PG,1829640,A. Sanchez Davila,SF,1756623,A. Hernangomez Geuer,PF,2104399,C. Garcia Muñoz,C,0.3,20.0,0.0,0.0,0.0,0.0,0.0,0.0
2512660,Cuartos de Final,979919,RECOLETAS ZAMORA,HOME,1516234,A. Moyano Medina,PG,1942017,A. Martin Tejedor,SG,1828742,I. Gimenez Monserrat,SG,2110765,A. Perez Relancio,PF,1259670,B. Sanchez Marrufo,C,1.4,83.0,0.0,5.0,-5.0,0.0,144.6,-144.6
2512660,Cuartos de Final,979919,RECOLETAS ZAMORA,HOME,1516234,A. Moyano Medina,PG,1942017,A. Martin Tejedor,SG,1828742,I. Gimenez Monserrat,SG,2239381,D. Angel Villen,SF,1259670,B. Sanchez Marrufo,C,2.9,171.0,2.0,0.0,2.0,28.1,0.0,28.1
2512660,Cuartos de Final,979919,RECOLETAS ZAMORA,HOME,1516234,A. Moyano Medina,PG,1942017,A. Martin Tejedor,SG,2432306,F. Niski Castelao,SG,1828742,I. Gimenez Monserrat,SG,2110765,A. Perez Relancio,PF,1.4,82.0,3.0,0.0,3.0,87.8,0.0,87.8
2512660,Cuartos de Final,979919,RECOLETAS ZAMORA,HOME,1516234,A. Moyano Medina,PG,1942017,A. Martin Tejedor,SG,2432306,F. Niski Castelao,SG,1828742,I. Gimenez Monserrat,SG,2239381,D. Angel Villen,SF,2.8,173.0,3.0,4.0,-1.0,41.6,55.5,-13.9
2512660,Cuartos de Final,979919,RECOLETAS ZAMORA,HOME,2734310,E. Resende Carregosa,PG,1516234,A. Moyano Medina,PG,1942017,A. Martin Tejedor,SG,1828742,I. Gimenez Monserrat,SG,2110765,A. Perez Relancio,PF,9.7,580.0,18.0,17.0,1.0,74.5,70.3,4.1
2512660,Cuartos de Final,979919,RECOLETAS ZAMORA,HOME,2734310,E. Resende Carregosa,PG,1516234,A. Moyano Medina,PG,1942017,A. Martin Tejedor,SG,2239381,D. Angel Villen,SF,2110765,A. Perez Relancio,PF,1.2000000000000002,75.0,2.0,0.0,2.0,64.0,0.0,64.0
2512660,Cuartos de Final,979919,RECOLETAS ZAMORA,HOME,2734310,E. Resende Carregosa,PG,1516234,A. Moyano Medina,PG,1942017,A. Martin Tejedor,SG,2432306,F. Niski Castelao,SG,1828742,I. Gimenez Monserrat,SG,2.2,136.0,3.0,0.0,3.0,52.9,0.0,52.9
2512660,Cuartos de Final,979919,RECOLETAS ZAMORA,HOME,2734310,E. Resende Carregosa,PG,1516234,A. Moyano Medina,PG,1942017,A. Martin Tejedor,SG,2432306,F. Niski Castelao,SG,2110765,A. Perez Relancio,PF,8.8,521.0,13.0,8.0,5.0,59.9,36.9,23.0
2512660,Cuartos de Final,979919,RECOLETAS ZAMORA,HOME,2734310,E. Resende Carregosa,PG,1516234,A. Moyano Medina,PG,1942017,A. Martin Tejedor,SG,2432306,F. Niski Castelao,SG,2239381,D. Angel Villen,SF,4.9,296.0,4.0,10.0,-6.0,32.4,81.1,-48.6
2512660,Cuartos de Final,979919,RECOLETAS ZAMORA,HOME,2734310,E. Resende Carregosa,PG,1942017,A. Martin Tejedor,SG,1828742,I. Gimenez Monserrat,SG,2110765,A. Perez Relancio,PF,2817152,F. Filor,C,1.5,90.0,2.0,3.0,-1.0,53.3,80.0,-26.7
2512660,Cuartos de Final,979919,RECOLETAS ZAMORA,HOME,2734310,E. Resende Carregosa,PG,1942017,A. Martin Tejedor,SG,2432306,F. Niski Castelao,SG,2110765,A. Perez Relancio,PF,2817152,F. Filor,C,3.2,193.0,4.0,4.0,0.0,49.7,49.7,0.0
2512661,Cuartos de Final,979770,MELILLA CIUDAD DEL DEPORTE LA SALLE,HOME,1454479,A. Senosiain Vergarachea,PG,2648563,M. D´Urso Vallina,PG,1715165,M. Torreblanca Ginel,SG,1587316,C. Caceres Ayala,SG,1713801,C. Torrubia Cano,PF,2.7,165.0,2.0,0.0,2.0,29.1,0.0,29.1
2512661,Cuartos de Final,979770,MELILLA CIUDAD DEL DEPORTE LA SALLE,HOME,1454479,A. Senosiain Vergarachea,PG,2648563,M. D´Urso Vallina,PG,1715165,M. Torreblanca Ginel,SG,1587316,C. Caceres Ayala,SG,1756623,A. Hernangomez Geuer,PF,2.3,137.0,3.0,4.0,-1.0,52.6,70.1,-17.5
2512661,Cuartos de Final,979770,MELILLA CIUDAD DEL DEPORTE LA SALLE,HOME,1454479,A. Senosiain Vergarachea,PG,2648563,M. D´Urso Vallina,PG,1715165,M. Torreblanca Ginel,SG,1587316,C. Caceres Ayala,SG,1946976,L. Moya Blanch,PF,5.4,328.0,12.0,7.0,5.0,87.8,51.2,36.6
2512661,Cuartos de Final,979770,MELILLA CIUDAD DEL DEPORTE LA SALLE,HOME,1454479,A. Senosiain Vergarachea,PG,2648563,M. D´Urso Vallina,PG,1715165,M. Torreblanca Ginel,SG,1587316,C. Caceres Ayala,SG,2814864,R. Monteiro Da Silva,PF,9.100000000000001,536.0,13.0,22.0,-9.0,58.2,98.5,-40.3
2512661,Cuartos de Final,979770,MELILLA CIUDAD DEL DEPORTE LA SALLE,HOME,1454479,A. Senosiain Vergarachea,PG,2648563,M. D´Urso Vallina,PG,1715165,M. Torreblanca Ginel,SG,1756623,A. Hernangomez Geuer,PF,2432929,M. Davydova,C,0.4,25.0,2.0,0.0,2.0,192.0,0.0,192.0
2512661,Cuartos de Final,979770,MELILLA CIUDAD DEL DEPORTE LA SALLE,HOME,1454479,A. Senosiain Vergarachea,PG,2648563,M. D´Urso Vallina,PG,1715165,M. Torreblanca Ginel,SG,1946976,L. Moya Blanch,PF,2432929,M. Davydova,C,1.4,81.0,3.0,0.0,3.0,88.9,0.0,88.9
2512661,Cuartos de Final,979770,MELILLA CIUDAD DEL DEPORTE LA SALLE,HOME,1454479,A. Senosiain Vergarachea,PG,2648563,M. D´Urso Vallina,PG,1715165,M. Torreblanca Ginel,SG,2814864,R. Monteiro Da Silva,PF,1756623,A. Hernangomez Geuer,PF,10.799999999999999,644.0,27.0,19.0,8.0,100.6,70.8,29.8
2512661,Cuartos de Final,979770,MELILLA CIUDAD DEL DEPORTE LA SALLE,HOME,1454479,A. Senosiain Vergarachea,PG,2648563,M. D´Urso Vallina,PG,1715165,M. Torreblanca Ginel,SG,2814864,R. Monteiro Da Silva,PF,1946976,L. Moya Blanch,PF,3.9,236.0,4.0,7.0,-3.0,40.7,71.2,-30.5
2512661,Cuartos de Final,979770,MELILLA CIUDAD DEL DEPORTE LA SALLE,HOME,1454479,A. Senosiain Vergarachea,PG,2648563,M. D´Urso Vallina,PG,2814864,R. Monteiro Da Silva,PF,1946976,L. Moya Blanch,PF,2432929,M. Davydova,C,4.1,248.0,10.0,4.0,6.0,96.8,38.7,58.1
2512661,Cuartos de Final,979919,RECOLETAS ZAMORA,AWAY,1516234,A. Moyano Medina,PG,1942017,A. Martin Tejedor,SG,2432306,F. Niski Castelao,SG,1828742,I. Gimenez Monserrat,SG,2110765,A. Perez Relancio,PF,1.0,60.0,0.0,2.0,-2.0,0.0,80.0,-80.0
2512661,Cuartos de Final,979919,RECOLETAS ZAMORA,AWAY,1516234,A. Moyano Medina,PG,1942017,A. Martin Tejedor,SG,2432306,F. Niski Castelao,SG,2110765,A. Perez Relancio,PF,1259670,B. Sanchez Marrufo,C,0.8,51.0,0.0,2.0,-2.0,0.0,94.1,-94.1
2512661,Cuartos de Final,979919,RECOLETAS ZAMORA,AWAY,1516234,A. Moyano Medina,PG,1942017,A. Martin Tejedor,SG,2432306,F. Niski Castelao,SG,2110765,A. Perez Relancio,PF,2817152,F. Filor,C,2.6,152.0,2.0,3.0,-1.0,31.6,47.4,-15.8
2512661,Cuartos de Final,979919,RECOLETAS ZAMORA,AWAY,2734310,E. Resende Carregosa,PG,1516234,A. Moyano Medina,PG,1942017,A. Martin Tejedor,SG,1828742,I. Gimenez Monserrat,SG,2110765,A. Perez Relancio,PF,0.5,29.0,2.0,0.0,2.0,165.5,0.0,165.5
2512661,Cuartos de Final,979919,RECOLETAS ZAMORA,AWAY,2734310,E. Resende Carregosa,PG,1516234,A. Moyano Medina,PG,1942017,A. Martin Tejedor,SG,1828742,I. Gimenez Monserrat,SG,2239381,D. Angel Villen,SF,10.9,650.0,19.0,16.0,3.0,70.2,59.1,11.1
2512661,Cuartos de Final,979919,RECOLETAS ZAMORA,AWAY,2734310,E. Resende Carregosa,PG,1516234,A. Moyano Medina,PG,1942017,A. Martin Tejedor,SG,2110765,A. Perez Relancio,PF,2817152,F. Filor,C,3.2,192.0,7.0,4.0,3.0,87.5,50.0,37.5
2512661,Cuartos de Final,979919,RECOLETAS ZAMORA,AWAY,2734310,E. Resende Carregosa,PG,1516234,A. Moyano Medina,PG,1942017,A. Martin Tejedor,SG,2239381,D. Angel Villen,SF,1259670,B. Sanchez Marrufo,C,1.7,104.0,2.0,2.0,0.0,46.2,46.2,0.0
2512661,Cuartos de Final,979919,RECOLETAS ZAMORA,AWAY,2734310,E. Resende Carregosa,PG,1516234,A. Moyano Medina,PG,1942017,A. Martin Tejedor,SG,2432306,F. Niski Castelao,SG,2110765,A. Perez Relancio,PF,10.6,638.0,25.0,24.0,1.0,94.0,90.3,3.8
2512661,Cuartos de Final,979919,RECOLETAS ZAMORA,AWAY,2734310,E. Resende Carregosa,PG,1516234,A. Moyano Medina,PG,1942017,A. Martin Tejedor,SG,2432306,F. Niski Castelao,SG,2239381,D. Angel Villen,SF,2.0,114.0,2.0,5.0,-3.0,42.1,105.3,-63.2
2512661,Cuartos de Final,979919,RECOLETAS ZAMORA,AWAY,2734310,E. Resende Carregosa,PG,1942017,A. Martin Tejedor,SG,1828742,I. Gimenez Monserrat,SG,2239381,D. Angel Villen,SF,1259670,B. Sanchez Marrufo,C,2.1,121.0,2.0,3.0,-1.0,39.7,59.5,-19.8
2512661,Cuartos de Final,979919,RECOLETAS ZAMORA,AWAY,2734310,E. Resende Carregosa,PG,1942017,A. Martin Tejedor,SG,2432306,F. Niski Castelao,SG,1828742,I. Gimenez Monserrat,SG,2239381,D. Angel Villen,SF,1.1,70.0,0.0,5.0,-5.0,0.0,171.4,-171.4
2512661,Cuartos de Final,979919,RECOLETAS ZAMORA,AWAY,2734310,E. Resende Carregosa,PG,1942017,A. Martin Tejedor,SG,2432306,F. Niski Castelao,SG,2110765,A. Perez Relancio,PF,2817152,F. Filor,C,3.6,219.0,2.0,10.0,-8.0,21.9,109.6,-87.7
2513298,Semifinal,979770,MELILLA CIUDAD DEL DEPORTE LA SALLE,AWAY,1454479,A. Senosiain Vergarachea,PG,2648563,M. D´Urso Vallina,PG,1715165,M. Torreblanca Ginel,SG,1587316,C. Caceres Ayala,SG,1713801,C. Torrubia Cano,PF,2.2,133.0,2.0,8.0,-6.0,36.1,144.4,-108.3
2513298,Semifinal,979770,MELILLA CIUDAD DEL DEPORTE LA SALLE,AWAY,1454479,A. Senosiain Vergarachea,PG,2648563,M. D´Urso Vallina,PG,1715165,M. Torreblanca Ginel,SG,1587316,C. Caceres Ayala,SG,1756623,A. Hernangomez Geuer,PF,4.3,257.0,9.0,10.0,-1.0,84.0,93.4,-9.3
2513298,Semifinal,979770,MELILLA CIUDAD DEL DEPORTE LA SALLE,AWAY,1454479,A. Senosiain Vergarachea,PG,2648563,M. D´Urso Vallina,PG,1715165,M. Torreblanca Ginel,SG,1587316,C. Caceres Ayala,SG,2814864,R. Monteiro Da Silva,PF,7.9,477.0,6.0,19.0,-13.0,30.2,95.6,-65.4
2513298,Semifinal,979770,MELILLA CIUDAD DEL DEPORTE LA SALLE,AWAY,1454479,A. Senosiain Vergarachea,PG,2648563,M. D´Urso Vallina,PG,1715165,M. Torreblanca Ginel,SG,1946976,L. Moya Blanch,PF,2432929,M. Davydova,C,4.7,283.0,6.0,7.0,-1.0,50.9,59.4,-8.5
2513298,Semifinal,979770,MELILLA CIUDAD DEL DEPORTE LA SALLE,AWAY,1454479,A. Senosiain Vergarachea,PG,2648563,M. D´Urso Vallina,PG,1715165,M. Torreblanca Ginel,SG,2814864,R. Monteiro Da Silva,PF,1756623,A. Hernangomez Geuer,PF,5.800000000000001,350.0,9.0,7.0,2.0,61.7,48.0,13.7
2513298,Semifinal,979770,MELILLA CIUDAD DEL DEPORTE LA SALLE,AWAY,1454479,A. Senosiain Vergarachea,PG,2648563,M. D´Urso Vallina,PG,1715165,M. Torreblanca Ginel,SG,2814864,R. Monteiro Da Silva,PF,1946976,L. Moya Blanch,PF,10.7,644.0,12.0,15.0,-3.0,44.7,55.9,-11.2
2513298,Semifinal,979770,MELILLA CIUDAD DEL DEPORTE LA SALLE,AWAY,1454479,A. Senosiain Vergarachea,PG,2648563,M. D´Urso Vallina,PG,2814864,R. Monteiro Da Silva,PF,1946976,L. Moya Blanch,PF,2432929,M. Davydova,C,4.3,256.0,4.0,6.0,-2.0,37.5,56.2,-18.8
2513298,Semifinal,981492,CELTA  FEMXA ZORKA,HOME,1898932,M. Gea Becerra,PG,2049773,D. Bermejo Escribano,PG,2121212,P. Salinas Mascuñana,SG,2644595,I. Vennema,PF,2814638,J. Kelliher,PF,0.8,51.0,0.0,0.0,0.0,0.0,0.0,0.0
2513298,Semifinal,981492,CELTA  FEMXA ZORKA,HOME,1898932,M. Gea Becerra,PG,2121212,P. Salinas Mascuñana,SG,2179984,U. Rodríguez Silva,SF,2276545,M. Vizmanos Iglesis,PF,2644595,I. Vennema,PF,0.1,4.0,1.0,0.0,1.0,600.0,0.0,600.0
2513298,Semifinal,981492,CELTA  FEMXA ZORKA,HOME,1898932,M. Gea Becerra,PG,2121212,P. Salinas Mascuñana,SG,2179984,U. Rodríguez Silva,SF,2644595,I. Vennema,PF,2814638,J. Kelliher,PF,2.4,143.0,4.0,9.0,-5.0,67.1,151.0,-83.9
2513298,Semifinal,981492,CELTA  FEMXA ZORKA,HOME,1898932,M. Gea Becerra,PG,2121212,P. Salinas Mascuñana,SG,2179984,U. Rodríguez Silva,SF,2651124,A. Boquete Manna,SF,2644595,I. Vennema,PF,3.5,214.0,12.0,2.0,10.0,134.6,22.4,112.1
2513298,Semifinal,981492,CELTA  FEMXA ZORKA,HOME,1898932,M. Gea Becerra,PG,2121212,P. Salinas Mascuñana,SG,2276545,M. Vizmanos Iglesis,PF,2644595,I. Vennema,PF,2814638,J. Kelliher,PF,2.2,131.0,0.0,2.0,-2.0,0.0,36.6,-36.6
2513298,Semifinal,981492,CELTA  FEMXA ZORKA,HOME,1898932,M. Gea Becerra,PG,2121212,P. Salinas Mascuñana,SG,2644595,I. Vennema,PF,2814638,J. Kelliher,PF,2743289,D. Cabrera Baccon,C,2.5,152.0,4.0,4.0,0.0,63.2,63.2,0.0
2513298,Semifinal,981492,CELTA  FEMXA ZORKA,HOME,1898932,M. Gea Becerra,PG,2121212,P. Salinas Mascuñana,SG,2651124,A. Boquete Manna,SF,2276545,M. Vizmanos Iglesis,PF,2644595,I. Vennema,PF,2.1,128.0,4.0,2.0,2.0,75.0,37.5,37.5
2513298,Semifinal,981492,CELTA  FEMXA ZORKA,HOME,1898932,M. Gea Becerra,PG,2121212,P. Salinas Mascuñana,SG,2651124,A. Boquete Manna,SF,2276545,M. Vizmanos Iglesis,PF,2814638,J. Kelliher,PF,1.1,63.0,0.0,2.0,-2.0,0.0,76.2,-76.2
2513298,Semifinal,981492,CELTA  FEMXA ZORKA,HOME,1898932,M. Gea Becerra,PG,2121212,P. Salinas Mascuñana,SG,2651124,A. Boquete Manna,SF,2644595,I. Vennema,PF,2276545,M. Vizmanos Iglesis,PF,4.6,274.0,9.0,6.0,3.0,78.8,52.6,26.3
2513298,Semifinal,981492,CELTA  FEMXA ZORKA,HOME,2049773,D. Bermejo Escribano,PG,1898932,M. Gea Becerra,PG,2121212,P. Salinas Mascuñana,SG,2276545,M. Vizmanos Iglesis,PF,2644595,I. Vennema,PF,0.1,8.0,0.0,0.0,0.0,0.0,0.0,0.0
2513298,Semifinal,981492,CELTA  FEMXA ZORKA,HOME,2049773,D. Bermejo Escribano,PG,1898932,M. Gea Becerra,PG,2121212,P. Salinas Mascuñana,SG,2651124,A. Boquete Manna,SF,2276545,M. Vizmanos Iglesis,PF,5.7,343.0,13.0,6.0,7.0,91.0,42.0,49.0
2513298,Semifinal,981492,CELTA  FEMXA ZORKA,HOME,2049773,D. Bermejo Escribano,PG,1898932,M. Gea Becerra,PG,2121212,P. Salinas Mascuñana,SG,2651124,A. Boquete Manna,SF,2644595,I. Vennema,PF,0.6,34.0,1.0,0.0,1.0,70.6,0.0,70.6
2513298,Semifinal,981492,CELTA  FEMXA ZORKA,HOME,2049773,D. Bermejo Escribano,PG,1898932,M. Gea Becerra,PG,2121212,P. Salinas Mascuñana,SG,2651124,A. Boquete Manna,SF,2814638,J. Kelliher,PF,1.7,103.0,4.0,0.0,4.0,93.2,0.0,93.2
2513298,Semifinal,981492,CELTA  FEMXA ZORKA,HOME,2049773,D. Bermejo Escribano,PG,2121212,P. Salinas Mascuñana,SG,2276545,M. Vizmanos Iglesis,PF,2644595,I. Vennema,PF,2743289,D. Cabrera Baccon,C,0.7,41.0,4.0,0.0,4.0,234.1,0.0,234.1
2513298,Semifinal,981492,CELTA  FEMXA ZORKA,HOME,2049773,D. Bermejo Escribano,PG,2121212,P. Salinas Mascuñana,SG,2644595,I. Vennema,PF,2814638,J. Kelliher,PF,2743289,D. Cabrera Baccon,C,1.3,81.0,0.0,3.0,-3.0,0.0,88.9,-88.9
2513298,Semifinal,981492,CELTA  FEMXA ZORKA,HOME,2049773,D. Bermejo Escribano,PG,2121212,P. Salinas Mascuñana,SG,2651124,A. Boquete Manna,SF,2276545,M. Vizmanos Iglesis,PF,2814638,J. Kelliher,PF,5.1,304.0,6.0,6.0,0.0,47.4,47.4,0.0
2513298,Semifinal,981492,CELTA  FEMXA ZORKA,HOME,2049773,D. Bermejo Escribano,PG,2121212,P. Salinas Mascuñana,SG,2651124,A. Boquete Manna,SF,2814638,J. Kelliher,PF,2743289,D. Cabrera Baccon,C,4.7,283.0,7.0,6.0,1.0,59.4,50.9,8.5
2513298,Semifinal,981492,CELTA  FEMXA ZORKA,HOME,2121212,P. Salinas Mascuñana,SG,2179984,U. Rodríguez Silva,SF,2651124,A. Boquete Manna,SF,2644595,I. Vennema,PF,2276545,M. Vizmanos Iglesis,PF,0.7,43.0,3.0,0.0,3.0,167.4,0.0,167.4
2513299,Semifinal,979971,OSES CONSTRUCCION,AWAY,1588922,L. Gutierrez Lancho,PG,2364706,F. Parra,SG,1824910,S. Castro Marrero,SF,1820835,A. Wone Aranaz,PF,2432778,J. Mungo Lanzetti,PF,6.6,393.0,7.0,8.0,-1.0,42.7,48.9,-6.1
2513299,Semifinal,979971,OSES CONSTRUCCION,AWAY,1588922,L. Gutierrez Lancho,PG,2364706,F. Parra,SG,1824910,S. Castro Marrero,SF,2432513,V. Llorente,PF,2432778,J. Mungo Lanzetti,PF,6.1000000000000005,372.0,9.0,7.0,2.0,58.1,45.2,12.9
2513299,Semifinal,979971,OSES CONSTRUCCION,AWAY,2561102,M. Blanco Morcillo,PG,1588922,L. Gutierrez Lancho,PG,1824910,S. Castro Marrero,SF,1820835,A. Wone Aranaz,PF,2432778,J. Mungo Lanzetti,PF,5.9,357.0,15.0,10.0,5.0,100.8,67.2,33.6
2513299,Semifinal,979971,OSES CONSTRUCCION,AWAY,2561102,M. Blanco Morcillo,PG,1588922,L. Gutierrez Lancho,PG,1824910,S. Castro Marrero,SF,2432513,V. Llorente,PF,2432778,J. Mungo Lanzetti,PF,3.5,212.0,8.0,8.0,0.0,90.6,90.6,0.0
2513299,Semifinal,979971,OSES CONSTRUCCION,AWAY,2561102,M. Blanco Morcillo,PG,1824910,S. Castro Marrero,SF,1820835,A. Wone Aranaz,PF,2432513,V. Llorente,PF,2432778,J. Mungo Lanzetti,PF,7.6,453.0,13.0,6.0,7.0,68.9,31.8,37.1
2513299,Semifinal,979971,OSES CONSTRUCCION,AWAY,2561102,M. Blanco Morcillo,PG,2364706,F. Parra,SG,1820835,A. Wone Aranaz,PF,2432513,V. Llorente,PF,2432778,J. Mungo Lanzetti,PF,2.3,143.0,0.0,3.0,-3.0,0.0,50.3,-50.3
2513299,Semifinal,979971,OSES CONSTRUCCION,AWAY,2561102,M. Blanco Morcillo,PG,2364706,F. Parra,SG,1824910,S. Castro Marrero,SF,1820835,A. Wone Aranaz,PF,2432513,V. Llorente,PF,4.8,290.0,2.0,5.0,-3.0,16.6,41.4,-24.8
2513299,Semifinal,979971,OSES CONSTRUCCION,AWAY,2561102,M. Blanco Morcillo,PG,2364706,F. Parra,SG,1824910,S. Castro Marrero,SF,1820835,A. Wone Aranaz,PF,2432778,J. Mungo Lanzetti,PF,1.7000000000000002,106.0,0.0,2.0,-2.0,0.0,45.3,-45.3
2513299,Semifinal,979971,OSES CONSTRUCCION,AWAY,2561102,M. Blanco Morcillo,PG,2364706,F. Parra,SG,1824910,S. Castro Marrero,SF,2432513,V. Llorente,PF,2432778,J. Mungo Lanzetti,PF,1.2,74.0,0.0,4.0,-4.0,0.0,129.7,-129.7
2513299,Semifinal,981334,UNICAJA MIJAS,HOME,1317227,C. Garcia Paunero,SG,1884837,M. Roters Dubinina,PF,1723860,S. Galeron Alvarez,PF,2096249,T. Eke Benitez,C,2646984,L. Rivers,C,1.6,93.0,2.0,0.0,2.0,51.6,0.0,51.6
2513299,Semifinal,981334,UNICAJA MIJAS,HOME,1949233,A. Orois Aznarez,PG,1317227,C. Garcia Paunero,SG,1884837,M. Roters Dubinina,PF,1723860,S. Galeron Alvarez,PF,2096249,T. Eke Benitez,C,10.9,659.0,18.0,26.0,-8.0,65.6,94.7,-29.1
2513299,Semifinal,981334,UNICAJA MIJAS,HOME,1949233,A. Orois Aznarez,PG,1317227,C. Garcia Paunero,SG,1884837,M. Roters Dubinina,PF,1723860,S. Galeron Alvarez,PF,2646984,L. Rivers,C,1.8,112.0,2.0,1.0,1.0,42.9,21.4,21.4
2513299,Semifinal,981334,UNICAJA MIJAS,HOME,1949233,A. Orois Aznarez,PG,1994192,E. Moreno Fernandez,SF,1884837,M. Roters Dubinina,PF,1723860,S. Galeron Alvarez,PF,2096249,T. Eke Benitez,C,1.0,56.0,0.0,2.0,-2.0,0.0,85.7,-85.7
2513299,Semifinal,981334,UNICAJA MIJAS,HOME,1949233,A. Orois Aznarez,PG,1994192,E. Moreno Fernandez,SF,1884837,M. Roters Dubinina,PF,2096249,T. Eke Benitez,C,2646984,L. Rivers,C,1.3,80.0,2.0,3.0,-1.0,60.0,90.0,-30.0
2513299,Semifinal,981334,UNICAJA MIJAS,HOME,1949233,A. Orois Aznarez,PG,2643500,C. Capellan Santana,SG,1994192,E. Moreno Fernandez,SF,1884837,M. Roters Dubinina,PF,2012623,S. Lo Sylla,C,3.6,222.0,3.0,0.0,3.0,32.4,0.0,32.4
2513299,Semifinal,981334,UNICAJA MIJAS,HOME,1954737,E. Puiggros Rovira,PG,1317227,C. Garcia Paunero,SG,1884837,M. Roters Dubinina,PF,1723860,S. Galeron Alvarez,PF,2096249,T. Eke Benitez,C,1.1,68.0,2.0,5.0,-3.0,70.6,176.5,-105.9
2513299,Semifinal,981334,UNICAJA MIJAS,HOME,1954737,E. Puiggros Rovira,PG,1317227,C. Garcia Paunero,SG,1884837,M. Roters Dubinina,PF,1723860,S. Galeron Alvarez,PF,2646984,L. Rivers,C,1.8,108.0,5.0,0.0,5.0,111.1,0.0,111.1
2513299,Semifinal,981334,UNICAJA MIJAS,HOME,1954737,E. Puiggros Rovira,PG,1317227,C. Garcia Paunero,SG,1994192,E. Moreno Fernandez,SF,1884837,M. Roters Dubinina,PF,1723860,S. Galeron Alvarez,PF,2.0,119.0,2.0,0.0,2.0,40.3,0.0,40.3
2513299,Semifinal,981334,UNICAJA MIJAS,HOME,1954737,E. Puiggros Rovira,PG,1317227,C. Garcia Paunero,SG,1994192,E. Moreno Fernandez,SF,1884837,M. Roters Dubinina,PF,2096249,T. Eke Benitez,C,4.1000000000000005,247.0,4.0,2.0,2.0,38.9,19.4,19.4
2513299,Semifinal,981334,UNICAJA MIJAS,HOME,1954737,E. Puiggros Rovira,PG,1994192,E. Moreno Fernandez,SF,1884837,M. Roters Dubinina,PF,1723860,S. Galeron Alvarez,PF,2012623,S. Lo Sylla,C,0.9,54.0,4.0,0.0,4.0,177.8,0.0,177.8
2513299,Semifinal,981334,UNICAJA MIJAS,HOME,1954737,E. Puiggros Rovira,PG,1994192,E. Moreno Fernandez,SF,1884837,M. Roters Dubinina,PF,2096249,T. Eke Benitez,C,2646984,L. Rivers,C,2.8,169.0,5.0,2.0,3.0,71.0,28.4,42.6
2513299,Semifinal,981334,UNICAJA MIJAS,HOME,1954737,E. Puiggros Rovira,PG,2643500,C. Capellan Santana,SG,1994192,E. Moreno Fernandez,SF,1884837,M. Roters Dubinina,PF,2012623,S. Lo Sylla,C,5.1,311.0,2.0,8.0,-6.0,15.4,61.7,-46.3
2513299,Semifinal,981334,UNICAJA MIJAS,HOME,1954737,E. Puiggros Rovira,PG,2643500,C. Capellan Santana,SG,1994192,E. Moreno Fernandez,SF,1884837,M. Roters Dubinina,PF,2096249,T. Eke Benitez,C,1.7,102.0,2.0,5.0,-3.0,47.1,117.6,-70.6
2513596,Final,979971,OSES CONSTRUCCION,AWAY,1588922,L. Gutierrez Lancho,PG,1824910,S. Castro Marrero,SF,2432778,J. Mungo Lanzetti,PF,2432513,V. Llorente,PF,1820835,A. Wone Aranaz,PF,1.9,114.0,0.0,2.0,-2.0,0.0,42.1,-42.1
2513596,Final,979971,OSES CONSTRUCCION,AWAY,1588922,L. Gutierrez Lancho,PG,2364706,F. Parra,SG,1824910,S. Castro Marrero,SF,2432513,V. Llorente,PF,1820835,A. Wone Aranaz,PF,1.5,87.0,0.0,4.0,-4.0,0.0,110.3,-110.3
2513596,Final,979971,OSES CONSTRUCCION,AWAY,1588922,L. Gutierrez Lancho,PG,2364706,F. Parra,SG,1824910,S. Castro Marrero,SF,2432778,J. Mungo Lanzetti,PF,1820835,A. Wone Aranaz,PF,9.5,571.0,12.0,23.0,-11.0,50.4,96.7,-46.2
2513596,Final,979971,OSES CONSTRUCCION,AWAY,1588922,L. Gutierrez Lancho,PG,2364706,F. Parra,SG,1824910,S. Castro Marrero,SF,2432778,J. Mungo Lanzetti,PF,2432513,V. Llorente,PF,1.9,116.0,3.0,0.0,3.0,62.1,0.0,62.1
2513596,Final,979971,OSES CONSTRUCCION,AWAY,1588922,L. Gutierrez Lancho,PG,2364706,F. Parra,SG,2432778,J. Mungo Lanzetti,PF,2432513,V. Llorente,PF,1820835,A. Wone Aranaz,PF,1.3,78.0,0.0,4.0,-4.0,0.0,123.1,-123.1
2513596,Final,979971,OSES CONSTRUCCION,AWAY,1588922,L. Gutierrez Lancho,PG,2561102,M. Blanco Morcillo,PG,1824910,S. Castro Marrero,SF,2432513,V. Llorente,PF,1820835,A. Wone Aranaz,PF,1.9,116.0,0.0,4.0,-4.0,0.0,82.8,-82.8
2513596,Final,979971,OSES CONSTRUCCION,AWAY,1588922,L. Gutierrez Lancho,PG,2561102,M. Blanco Morcillo,PG,1824910,S. Castro Marrero,SF,2432778,J. Mungo Lanzetti,PF,2432513,V. Llorente,PF,1.1,64.0,0.0,2.0,-2.0,0.0,75.0,-75.0
2513596,Final,979971,OSES CONSTRUCCION,AWAY,1588922,L. Gutierrez Lancho,PG,2561102,M. Blanco Morcillo,PG,2432778,J. Mungo Lanzetti,PF,2432513,V. Llorente,PF,1820835,A. Wone Aranaz,PF,1.1,63.0,0.0,2.0,-2.0,0.0,76.2,-76.2
2513596,Final,979971,OSES CONSTRUCCION,AWAY,2561102,M. Blanco Morcillo,PG,1824910,S. Castro Marrero,SF,2432778,J. Mungo Lanzetti,PF,2432513,V. Llorente,PF,1820835,A. Wone Aranaz,PF,11.1,661.0,23.0,15.0,8.0,83.5,54.5,29.0
2513596,Final,979971,OSES CONSTRUCCION,AWAY,2561102,M. Blanco Morcillo,PG,2364706,F. Parra,SG,1824910,S. Castro Marrero,SF,2432778,J. Mungo Lanzetti,PF,1820835,A. Wone Aranaz,PF,5.2,313.0,10.0,4.0,6.0,76.7,30.7,46.0
2513596,Final,979971,OSES CONSTRUCCION,AWAY,2561102,M. Blanco Morcillo,PG,2364706,F. Parra,SG,1824910,S. Castro Marrero,SF,2432778,J. Mungo Lanzetti,PF,2432513,V. Llorente,PF,2.8,165.0,2.0,1.0,1.0,29.1,14.5,14.5
2513596,Final,979971,OSES CONSTRUCCION,AWAY,2561102,M. Blanco Morcillo,PG,2364706,F. Parra,SG,2432778,J. Mungo Lanzetti,PF,2432513,V. Llorente,PF,1820835,A. Wone Aranaz,PF,0.9,52.0,3.0,2.0,1.0,138.5,92.3,46.2
2513596,Final,981492,CELTA  FEMXA ZORKA,HOME,1898932,M. Gea Becerra,PG,2049773,D. Bermejo Escribano,PG,2121212,P. Salinas Mascuñana,SG,2644595,I. Vennema,PF,2814638,J. Kelliher,PF,1.6,97.0,2.0,3.0,-1.0,49.5,74.2,-24.7
2513596,Final,981492,CELTA  FEMXA ZORKA,HOME,1898932,M. Gea Becerra,PG,2049773,D. Bermejo Escribano,PG,2121212,P. Salinas Mascuñana,SG,2651124,A. Boquete Manna,SF,2814638,J. Kelliher,PF,0.3,21.0,0.0,2.0,-2.0,0.0,228.6,-228.6
2513596,Final,981492,CELTA  FEMXA ZORKA,HOME,1898932,M. Gea Becerra,PG,2121212,P. Salinas Mascuñana,SG,2179984,U. Rodríguez Silva,SF,2644595,I. Vennema,PF,2276545,M. Vizmanos Iglesis,PF,4.5,274.0,10.0,1.0,9.0,87.6,8.8,78.8
2513596,Final,981492,CELTA  FEMXA ZORKA,HOME,1898932,M. Gea Becerra,PG,2121212,P. Salinas Mascuñana,SG,2179984,U. Rodríguez Silva,SF,2644595,I. Vennema,PF,2814638,J. Kelliher,PF,0.7,41.0,1.0,0.0,1.0,58.5,0.0,58.5
2513596,Final,981492,CELTA  FEMXA ZORKA,HOME,1898932,M. Gea Becerra,PG,2121212,P. Salinas Mascuñana,SG,2179984,U. Rodríguez Silva,SF,2651124,A. Boquete Manna,SF,2644595,I. Vennema,PF,2.0,115.0,4.0,3.0,1.0,83.5,62.6,20.9
2513596,Final,981492,CELTA  FEMXA ZORKA,HOME,1898932,M. Gea Becerra,PG,2121212,P. Salinas Mascuñana,SG,2179984,U. Rodríguez Silva,SF,2651124,A. Boquete Manna,SF,2814638,J. Kelliher,PF,2.7,160.0,2.0,5.0,-3.0,30.0,75.0,-45.0
2513596,Final,981492,CELTA  FEMXA ZORKA,HOME,1898932,M. Gea Becerra,PG,2121212,P. Salinas Mascuñana,SG,2179984,U. Rodríguez Silva,SF,2814638,J. Kelliher,PF,2644595,I. Vennema,PF,4.5,266.0,10.0,2.0,8.0,90.2,18.0,72.2
2513596,Final,981492,CELTA  FEMXA ZORKA,HOME,1898932,M. Gea Becerra,PG,2121212,P. Salinas Mascuñana,SG,2644595,I. Vennema,PF,2814638,J. Kelliher,PF,2743289,D. Cabrera Baccon,C,0.6,35.0,0.0,0.0,0.0,0.0,0.0,0.0
2513596,Final,981492,CELTA  FEMXA ZORKA,HOME,1898932,M. Gea Becerra,PG,2121212,P. Salinas Mascuñana,SG,2651124,A. Boquete Manna,SF,2644595,I. Vennema,PF,2276545,M. Vizmanos Iglesis,PF,1.0,61.0,2.0,0.0,2.0,78.7,0.0,78.7
2513596,Final,981492,CELTA  FEMXA ZORKA,HOME,1898932,M. Gea Becerra,PG,2121212,P. Salinas Mascuñana,SG,2651124,A. Boquete Manna,SF,2644595,I. Vennema,PF,2814638,J. Kelliher,PF,1.1,64.0,2.0,0.0,2.0,75.0,0.0,75.0
2513596,Final,981492,CELTA  FEMXA ZORKA,HOME,1898932,M. Gea Becerra,PG,2121212,P. Salinas Mascuñana,SG,2651124,A. Boquete Manna,SF,2814638,J. Kelliher,PF,2644595,I. Vennema,PF,2.7,159.0,4.0,2.0,2.0,60.4,30.2,30.2
2513596,Final,981492,CELTA  FEMXA ZORKA,HOME,1898932,M. Gea Becerra,PG,2121212,P. Salinas Mascuñana,SG,2651124,A. Boquete Manna,SF,2814638,J. Kelliher,PF,2743289,D. Cabrera Baccon,C,3.7,224.0,6.0,12.0,-6.0,64.3,128.6,-64.3
2513596,Final,981492,CELTA  FEMXA ZORKA,HOME,2049773,D. Bermejo Escribano,PG,1898932,M. Gea Becerra,PG,2121212,P. Salinas Mascuñana,SG,2644595,I. Vennema,PF,2814638,J. Kelliher,PF,2.1,124.0,0.0,2.0,-2.0,0.0,38.7,-38.7
2513596,Final,981492,CELTA  FEMXA ZORKA,HOME,2049773,D. Bermejo Escribano,PG,1898932,M. Gea Becerra,PG,2121212,P. Salinas Mascuñana,SG,2651124,A. Boquete Manna,SF,2814638,J. Kelliher,PF,0.4,24.0,0.0,3.0,-3.0,0.0,300.0,-300.0
2513596,Final,981492,CELTA  FEMXA ZORKA,HOME,2049773,D. Bermejo Escribano,PG,2121212,P. Salinas Mascuñana,SG,2179984,U. Rodríguez Silva,SF,2651124,A. Boquete Manna,SF,2644595,I. Vennema,PF,0.2,12.0,0.0,0.0,0.0,0.0,0.0,0.0
2513596,Final,981492,CELTA  FEMXA ZORKA,HOME,2049773,D. Bermejo Escribano,PG,2121212,P. Salinas Mascuñana,SG,2179984,U. Rodríguez Silva,SF,2651124,A. Boquete Manna,SF,2743289,D. Cabrera Baccon,C,1.5,88.0,2.0,4.0,-2.0,54.5,109.1,-54.5
2513596,Final,981492,CELTA  FEMXA ZORKA,HOME,2049773,D. Bermejo Escribano,PG,2121212,P. Salinas Mascuñana,SG,2651124,A. Boquete Manna,SF,2644595,I. Vennema,PF,2814638,J. Kelliher,PF,1.7999999999999998,107.0,5.0,0.0,5.0,112.1,0.0,112.1
2513596,Final,981492,CELTA  FEMXA ZORKA,HOME,2049773,D. Bermejo Escribano,PG,2121212,P. Salinas Mascuñana,SG,2651124,A. Boquete Manna,SF,2814638,J. Kelliher,PF,2276545,M. Vizmanos Iglesis,PF,5.4,325.0,13.0,11.0,2.0,96.0,81.2,14.8
2513596,Final,981492,CELTA  FEMXA ZORKA,HOME,2049773,D. Bermejo Escribano,PG,2121212,P. Salinas Mascuñana,SG,2651124,A. Boquete Manna,SF,2814638,J. Kelliher,PF,2743289,D. Cabrera Baccon,C,3.4000000000000004,203.0,0.0,3.0,-3.0,0.0,35.5,-35.5
2480105,1,979770,MELILLA CIUDAD DEL DEPORTE LA SALLE,AWAY,1756623,A. Hernangomez Geuer,SF,1454479,A. Senosiain Vergarachea,SF,2814864,R. Monteiro Da Silva,SF,1587316,C. Caceres Ayala,SF,1715165,M. Torreblanca Ginel,SF,0.2,13.0,0.0,0.0,0.0,0.0,0.0,0.0
2480105,1,979770,MELILLA CIUDAD DEL DEPORTE LA SALLE,AWAY,2104399,C. Garcia Muñoz,SF,1454479,A. Senosiain Vergarachea,SF,1829640,A. Sanchez Davila,SF,2814864,R. Monteiro Da Silva,SF,1587316,C. Caceres Ayala,SF,1.7,104.0,2.0,3.0,-1.0,46.2,69.2,-23.1
2480105,1,979770,MELILLA CIUDAD DEL DEPORTE LA SALLE,AWAY,2104399,C. Garcia Muñoz,SF,1713801,C. Torrubia Cano,SF,1454479,A. Senosiain Vergarachea,SF,1587316,C. Caceres Ayala,SF,1715165,M. Torreblanca Ginel,SF,0.1,6.0,0.0,1.0,-1.0,0.0,400.0,-400.0
2480105,1,979770,MELILLA CIUDAD DEL DEPORTE LA SALLE,AWAY,2104399,C. Garcia Muñoz,SF,1713801,C. Torrubia Cano,SF,1454479,A. Senosiain Vergarachea,SF,1829640,A. Sanchez Davila,SF,1587316,C. Caceres Ayala,SF,2.5,154.0,2.0,6.0,-4.0,31.2,93.5,-62.3
2480105,1,979770,MELILLA CIUDAD DEL DEPORTE LA SALLE,AWAY,2104399,C. Garcia Muñoz,SF,1756623,A. Hernangomez Geuer,SF,1454479,A. Senosiain Vergarachea,SF,1715165,M. Torreblanca Ginel,SF,2648563,M. D´Urso Vallina,SF,1.6,96.0,0.0,5.0,-5.0,0.0,125.0,-125.0
2480105,1,979770,MELILLA CIUDAD DEL DEPORTE LA SALLE,AWAY,2104399,C. Garcia Muñoz,SF,1756623,A. Hernangomez Geuer,SF,1454479,A. Senosiain Vergarachea,SF,1829640,A. Sanchez Davila,SF,1715165,M. Torreblanca Ginel,SF,2.3,140.0,0.0,9.0,-9.0,0.0,154.3,-154.3
2480105,1,979770,MELILLA CIUDAD DEL DEPORTE LA SALLE,AWAY,2104399,C. Garcia Muñoz,SF,1756623,A. Hernangomez Geuer,SF,1454479,A. Senosiain Vergarachea,SF,1829640,A. Sanchez Davila,SF,2814864,R. Monteiro Da Silva,SF,2.2,128.0,6.0,0.0,6.0,112.5,0.0,112.5
2480105,1,979770,MELILLA CIUDAD DEL DEPORTE LA SALLE,AWAY,2432929,M. Davydova,SF,1454479,A. Senosiain Vergarachea,SF,1829640,A. Sanchez Davila,SF,2814864,R. Monteiro Da Silva,SF,1587316,C. Caceres Ayala,SF,1.8,106.0,4.0,3.0,1.0,90.6,67.9,22.6
2480105,1,979770,MELILLA CIUDAD DEL DEPORTE LA SALLE,AWAY,2432929,M. Davydova,SF,1454479,A. Senosiain Vergarachea,SF,1829640,A. Sanchez Davila,SF,2814864,R. Monteiro Da Silva,SF,1715165,M. Torreblanca Ginel,SF,1.3,80.0,0.0,0.0,0.0,0.0,0.0,0.0
2480105,1,979770,MELILLA CIUDAD DEL DEPORTE LA SALLE,AWAY,2432929,M. Davydova,SF,1454479,A. Senosiain Vergarachea,SF,2814864,R. Monteiro Da Silva,SF,1587316,C. Caceres Ayala,SF,1715165,M. Torreblanca Ginel,SF,3.1,184.0,6.0,2.0,4.0,78.3,26.1,52.2
2480105,1,979770,MELILLA CIUDAD DEL DEPORTE LA SALLE,AWAY,2432929,M. Davydova,SF,1454479,A. Senosiain Vergarachea,SF,2814864,R. Monteiro Da Silva,SF,1715165,M. Torreblanca Ginel,SF,2648563,M. D´Urso Vallina,SF,0.8,45.0,0.0,0.0,0.0,0.0,0.0,0.0
2480105,1,979770,MELILLA CIUDAD DEL DEPORTE LA SALLE,AWAY,2432929,M. Davydova,SF,1713801,C. Torrubia Cano,SF,1454479,A. Senosiain Vergarachea,SF,1829640,A. Sanchez Davila,SF,1587316,C. Caceres Ayala,SF,0.8,50.0,2.0,2.0,0.0,96.0,96.0,0.0
2480105,1,979770,MELILLA CIUDAD DEL DEPORTE LA SALLE,AWAY,2432929,M. Davydova,SF,1713801,C. Torrubia Cano,SF,1454479,A. Senosiain Vergarachea,SF,1829640,A. Sanchez Davila,SF,2814864,R. Monteiro Da Silva,SF,1.6,94.0,1.0,2.0,-1.0,25.5,51.1,-25.5
2480105,1,979770,MELILLA CIUDAD DEL DEPORTE LA SALLE,AWAY,2432929,M. Davydova,SF,1756623,A. Hernangomez Geuer,SF,1454479,A. Senosiain Vergarachea,SF,1587316,C. Caceres Ayala,SF,1715165,M. Torreblanca Ginel,SF,1.4,82.0,2.0,2.0,0.0,58.5,58.5,0.0
2480105,1,979770,MELILLA CIUDAD DEL DEPORTE LA SALLE,AWAY,2432929,M. Davydova,SF,1756623,A. Hernangomez Geuer,SF,1454479,A. Senosiain Vergarachea,SF,1715165,M. Torreblanca Ginel,SF,2648563,M. D´Urso Vallina,SF,0.6,33.0,2.0,0.0,2.0,145.5,0.0,145.5
2480105,1,979770,MELILLA CIUDAD DEL DEPORTE LA SALLE,AWAY,2432929,M. Davydova,SF,1756623,A. Hernangomez Geuer,SF,1454479,A. Senosiain Vergarachea,SF,1829640,A. Sanchez Davila,SF,1715165,M. Torreblanca Ginel,SF,0.3,18.0,2.0,0.0,2.0,266.7,0.0,266.7
2480105,1,979770,MELILLA CIUDAD DEL DEPORTE LA SALLE,AWAY,2432929,M. Davydova,SF,1756623,A. Hernangomez Geuer,SF,1454479,A. Senosiain Vergarachea,SF,1829640,A. Sanchez Davila,SF,2814864,R. Monteiro Da Silva,SF,2.2,132.0,4.0,0.0,4.0,72.7,0.0,72.7
2480105,1,979770,MELILLA CIUDAD DEL DEPORTE LA SALLE,AWAY,2432929,M. Davydova,SF,1756623,A. Hernangomez Geuer,SF,1454479,A. Senosiain Vergarachea,SF,2814864,R. Monteiro Da Silva,SF,1587316,C. Caceres Ayala,SF,1.5,92.0,0.0,0.0,0.0,0.0,0.0,0.0
2480105,1,979770,MELILLA CIUDAD DEL DEPORTE LA SALLE,AWAY,2432929,M. Davydova,SF,1756623,A. Hernangomez Geuer,SF,1454479,A. Senosiain Vergarachea,SF,2814864,R. Monteiro Da Silva,SF,1715165,M. Torreblanca Ginel,SF,9.4,574.0,20.0,17.0,3.0,83.6,71.1,12.5
2480105,1,979770,MELILLA CIUDAD DEL DEPORTE LA SALLE,AWAY,2432929,M. Davydova,SF,1756623,A. Hernangomez Geuer,SF,1454479,A. Senosiain Vergarachea,SF,2814864,R. Monteiro Da Silva,SF,2648563,M. D´Urso Vallina,SF,4.4,269.0,9.0,4.0,5.0,80.3,35.7,44.6
2480105,1,981206,MCR LIMA-HORTA BARCELONA,HOME,1908281,M. Aguado Tortella,SF,1959765,J. Rueda Choni,SF,1968768,I. Subirats Teruel,SF,1912814,N. Barrientos Pereira,SF,2642945,B. Chasco Maso,SF,1.6,95.0,2.0,2.0,0.0,50.5,50.5,0.0
2480105,1,981206,MCR LIMA-HORTA BARCELONA,HOME,1908281,M. Aguado Tortella,SF,1968768,I. Subirats Teruel,SF,1958425,L. Roig I Salrach,SF,1912814,N. Barrientos Pereira,SF,2642945,B. Chasco Maso,SF,1.8,106.0,3.0,4.0,-1.0,67.9,90.6,-22.6
2480105,1,981206,MCR LIMA-HORTA BARCELONA,HOME,2049841,E. Trawally Porta,SF,1908281,M. Aguado Tortella,SF,1958425,L. Roig I Salrach,SF,2642945,B. Chasco Maso,SF,2042157,C. Ripoll Moya,SF,1.0,58.0,0.0,0.0,0.0,0.0,0.0,0.0
2480105,1,981206,MCR LIMA-HORTA BARCELONA,HOME,2049841,E. Trawally Porta,SF,1908281,M. Aguado Tortella,SF,1959765,J. Rueda Choni,SF,1968768,I. Subirats Teruel,SF,2642945,B. Chasco Maso,SF,2.9,177.0,9.0,2.0,7.0,122.0,27.1,94.9
2480105,1,981206,MCR LIMA-HORTA BARCELONA,HOME,2049841,E. Trawally Porta,SF,1958425,L. Roig I Salrach,SF,1912814,N. Barrientos Pereira,SF,2642945,B. Chasco Maso,SF,2042157,C. Ripoll Moya,SF,3.3,199.0,4.0,3.0,1.0,48.2,36.2,12.1
2480105,1,981206,MCR LIMA-HORTA BARCELONA,HOME,2049841,E. Trawally Porta,SF,1959765,J. Rueda Choni,SF,1968768,I. Subirats Teruel,SF,1912814,N. Barrientos Pereira,SF,2042157,C. Ripoll Moya,SF,3.2,195.0,5.0,2.0,3.0,61.5,24.6,36.9
2480105,1,981206,MCR LIMA-HORTA BARCELONA,HOME,2049841,E. Trawally Porta,SF,1959765,J. Rueda Choni,SF,1968768,I. Subirats Teruel,SF,2642945,B. Chasco Maso,SF,2042157,C. Ripoll Moya,SF,0.5,31.0,0.0,2.0,-2.0,0.0,154.8,-154.8
2480105,1,981206,MCR LIMA-HORTA BARCELONA,HOME,2049841,E. Trawally Porta,SF,1968768,I. Subirats Teruel,SF,1958425,L. Roig I Salrach,SF,1912814,N. Barrientos Pereira,SF,2642945,B. Chasco Maso,SF,1.1,65.0,0.0,4.0,-4.0,0.0,147.7,-147.7
2480105,1,981206,MCR LIMA-HORTA BARCELONA,HOME,2235190,E. Morales López,SF,1908281,M. Aguado Tortella,SF,1959765,J. Rueda Choni,SF,1968768,I. Subirats Teruel,SF,1912814,N. Barrientos Pereira,SF,1.4,80.0,2.0,4.0,-2.0,60.0,120.0,-60.0
2480105,1,981206,MCR LIMA-HORTA BARCELONA,HOME,2235190,E. Morales López,SF,1908281,M. Aguado Tortella,SF,1968768,I. Subirats Teruel,SF,1958425,L. Roig I Salrach,SF,1912814,N. Barrientos Pereira,SF,1.0,59.0,2.0,0.0,2.0,81.4,0.0,81.4
2480105,1,981206,MCR LIMA-HORTA BARCELONA,HOME,2235190,E. Morales López,SF,1968768,I. Subirats Teruel,SF,1959765,J. Rueda Choni,SF,1912814,N. Barrientos Pereira,SF,2042157,C. Ripoll Moya,SF,2.3,135.0,6.0,2.0,4.0,106.7,35.6,71.1
2480105,1,981206,MCR LIMA-HORTA BARCELONA,HOME,2235190,E. Morales López,SF,2049841,E. Trawally Porta,SF,1908281,M. Aguado Tortella,SF,1959765,J. Rueda Choni,SF,1912814,N. Barrientos Pereira,SF,2.8,173.0,4.0,4.0,0.0,55.5,55.5,0.0
2480105,1,981206,MCR LIMA-HORTA BARCELONA,HOME,2235190,E. Morales López,SF,2049841,E. Trawally Porta,SF,1908281,M. Aguado Tortella,SF,1959765,J. Rueda Choni,SF,1958425,L. Roig I Salrach,SF,3.2,192.0,6.0,5.0,1.0,75.0,62.5,12.5
2480105,1,981206,MCR LIMA-HORTA BARCELONA,HOME,2235190,E. Morales López,SF,2049841,E. Trawally Porta,SF,1908281,M. Aguado Tortella,SF,1959765,J. Rueda Choni,SF,1968768,I. Subirats Teruel,SF,4.1,249.0,4.0,9.0,-5.0,38.6,86.7,-48.2
2480105,1,981206,MCR LIMA-HORTA BARCELONA,HOME,2235190,E. Morales López,SF,2049841,E. Trawally Porta,SF,1959765,J. Rueda Choni,SF,1912814,N. Barrientos Pereira,SF,2042157,C. Ripoll Moya,SF,2.2,132.0,0.0,4.0,-4.0,0.0,72.7,-72.7
2480105,1,981206,MCR LIMA-HORTA BARCELONA,HOME,2235190,E. Morales López,SF,2049841,E. Trawally Porta,SF,1959765,J. Rueda Choni,SF,1958425,L. Roig I Salrach,SF,2042157,C. Ripoll Moya,SF,1.7,104.0,0.0,4.0,-4.0,0.0,92.3,-92.3
2480105,1,981206,MCR LIMA-HORTA BARCELONA,HOME,2235190,E. Morales López,SF,2049841,E. Trawally Porta,SF,1959765,J. Rueda Choni,SF,1968768,I. Subirats Teruel,SF,1958425,L. Roig I Salrach,SF,0.1,9.0,1.0,0.0,1.0,266.7,0.0,266.7
2480105,1,981206,MCR LIMA-HORTA BARCELONA,HOME,2235190,E. Morales López,SF,2049841,E. Trawally Porta,SF,1959765,J. Rueda Choni,SF,1968768,I. Subirats Teruel,SF,2042157,C. Ripoll Moya,SF,2.2,133.0,0.0,4.0,-4.0,0.0,72.2,-72.2
2480105,1,981206,MCR LIMA-HORTA BARCELONA,HOME,2235190,E. Morales López,SF,2049841,E. Trawally Porta,SF,1968768,I. Subirats Teruel,SF,1958425,L. Roig I Salrach,SF,1912814,N. Barrientos Pereira,SF,2.8,167.0,6.0,7.0,-1.0,86.2,100.6,-14.4
2480105,1,981206,MCR LIMA-HORTA BARCELONA,HOME,2235190,E. Morales López,SF,2049841,E. Trawally Porta,SF,1968768,I. Subirats Teruel,SF,1959765,J. Rueda Choni,SF,1912814,N. Barrientos Pereira,SF,0.3,20.0,2.0,0.0,2.0,240.0,0.0,240.0
2480105,1,981206,MCR LIMA-HORTA BARCELONA,HOME,2235190,E. Morales López,SF,2049841,E. Trawally Porta,SF,1968768,I. Subirats Teruel,SF,1959765,J. Rueda Choni,SF,2042157,C. Ripoll Moya,SF,0.3,21.0,0.0,0.0,0.0,0.0,0.0,0.0
2480106,1,981208,ALTER ENERSUN AL-QÁZERES EXTREMADURA,AWAY,1112483,L. Mendez Lamas,SF,1902336,N. Liste Alfonsin,SF,2432389,J. De Barros Filipe,SF,2815234,I. Tavares Ramos,SF,2044012,C. Suarez Fernandez,SF,3.0,181.0,4.0,2.0,2.0,53.0,26.5,26.5
2480106,1,981208,ALTER ENERSUN AL-QÁZERES EXTREMADURA,AWAY,1860325,L. Fontela Cabaleiro,SF,2815153,V. Gauna,SF,1902336,N. Liste Alfonsin,SF,2432389,J. De Barros Filipe,SF,2815234,I. Tavares Ramos,SF,1.2,74.0,2.0,0.0,2.0,64.9,0.0,64.9
2480106,1,981208,ALTER ENERSUN AL-QÁZERES EXTREMADURA,AWAY,1860325,L. Fontela Cabaleiro,SF,2815153,V. Gauna,SF,1902336,N. Liste Alfonsin,SF,2815234,I. Tavares Ramos,SF,1112483,L. Mendez Lamas,SF,0.5,27.0,0.0,3.0,-3.0,0.0,266.7,-266.7
2480106,1,981208,ALTER ENERSUN AL-QÁZERES EXTREMADURA,AWAY,1860325,L. Fontela Cabaleiro,SF,2815153,V. Gauna,SF,1902336,N. Liste Alfonsin,SF,2815234,I. Tavares Ramos,SF,1889214,C. Prieto Pereda,SF,0.5,32.0,0.0,0.0,0.0,0.0,0.0,0.0
2480106,1,981208,ALTER ENERSUN AL-QÁZERES EXTREMADURA,AWAY,2735904,R. De Lima Viegas Laneiro,SF,1112483,L. Mendez Lamas,SF,1902336,N. Liste Alfonsin,SF,2432389,J. De Barros Filipe,SF,2815234,I. Tavares Ramos,SF,8.4,505.0,23.0,14.0,9.0,109.3,66.5,42.8
2480106,1,981208,ALTER ENERSUN AL-QÁZERES EXTREMADURA,AWAY,2735904,R. De Lima Viegas Laneiro,SF,1860325,L. Fontela Cabaleiro,SF,2815153,V. Gauna,SF,1902336,N. Liste Alfonsin,SF,1112483,L. Mendez Lamas,SF,3.3,200.0,2.0,6.0,-4.0,24.0,72.0,-48.0
2480106,1,981208,ALTER ENERSUN AL-QÁZERES EXTREMADURA,AWAY,2735904,R. De Lima Viegas Laneiro,SF,1860325,L. Fontela Cabaleiro,SF,2815153,V. Gauna,SF,1902336,N. Liste Alfonsin,SF,2432389,J. De Barros Filipe,SF,4.2,249.0,2.0,2.0,0.0,19.3,19.3,0.0
2480106,1,981208,ALTER ENERSUN AL-QÁZERES EXTREMADURA,AWAY,2735904,R. De Lima Viegas Laneiro,SF,1860325,L. Fontela Cabaleiro,SF,2815153,V. Gauna,SF,1902336,N. Liste Alfonsin,SF,2815234,I. Tavares Ramos,SF,8.3,499.0,19.0,19.0,0.0,91.4,91.4,0.0
2480106,1,981208,ALTER ENERSUN AL-QÁZERES EXTREMADURA,AWAY,2735904,R. De Lima Viegas Laneiro,SF,1902336,N. Liste Alfonsin,SF,2432389,J. De Barros Filipe,SF,2815234,I. Tavares Ramos,SF,1112483,L. Mendez Lamas,SF,4.6,274.0,10.0,8.0,2.0,87.6,70.1,17.5
2480106,1,981208,ALTER ENERSUN AL-QÁZERES EXTREMADURA,AWAY,2735904,R. De Lima Viegas Laneiro,SF,2432389,J. De Barros Filipe,SF,1112483,L. Mendez Lamas,SF,1902336,N. Liste Alfonsin,SF,2815234,I. Tavares Ramos,SF,5.1,305.0,13.0,10.0,3.0,102.3,78.7,23.6
2480106,1,981208,ALTER ENERSUN AL-QÁZERES EXTREMADURA,AWAY,2815153,V. Gauna,SF,1112483,L. Mendez Lamas,SF,1902336,N. Liste Alfonsin,SF,2432389,J. De Barros Filipe,SF,2815234,I. Tavares Ramos,SF,0.9,54.0,0.0,2.0,-2.0,0.0,88.9,-88.9
2480106,1,981288,SERNOVA RENOVABLES REAL CANOE,HOME,2097038,P. De Mier Espina,SF,1787143,C. Mato De Prada,SF,1242234,C. Rodriguez Nuñez,SF,1859345,L. Fleta Robles,SF,1745108,M. Torres Municio,SF,4.6,279.0,9.0,12.0,-3.0,77.4,103.2,-25.8
2480106,1,981288,SERNOVA RENOVABLES REAL CANOE,HOME,2097038,P. De Mier Espina,SF,1787143,C. Mato De Prada,SF,1242234,C. Rodriguez Nuñez,SF,2818945,O. Santana Moldavsky,SF,1859345,L. Fleta Robles,SF,7.3,436.0,15.0,16.0,-1.0,82.6,88.1,-5.5
2480106,1,981288,SERNOVA RENOVABLES REAL CANOE,HOME,2097038,P. De Mier Espina,SF,2021397,A. Esnal Aguirre,SF,1242234,C. Rodriguez Nuñez,SF,2432516,C. De Sousa,SF,1745108,M. Torres Municio,SF,2.2,131.0,4.0,0.0,4.0,73.3,0.0,73.3
2480106,1,981288,SERNOVA RENOVABLES REAL CANOE,HOME,2097038,P. De Mier Espina,SF,2021397,A. Esnal Aguirre,SF,1242234,C. Rodriguez Nuñez,SF,2432516,C. De Sousa,SF,1859345,L. Fleta Robles,SF,8.0,480.0,15.0,15.0,0.0,75.0,75.0,0.0
2480106,1,981288,SERNOVA RENOVABLES REAL CANOE,HOME,2097038,P. De Mier Espina,SF,2021397,A. Esnal Aguirre,SF,1787143,C. Mato De Prada,SF,1242234,C. Rodriguez Nuñez,SF,1745108,M. Torres Municio,SF,1.3,78.0,3.0,2.0,1.0,92.3,61.5,30.8
2480106,1,981288,SERNOVA RENOVABLES REAL CANOE,HOME,2097038,P. De Mier Espina,SF,2021397,A. Esnal Aguirre,SF,1787143,C. Mato De Prada,SF,1242234,C. Rodriguez Nuñez,SF,2432516,C. De Sousa,SF,7.3,436.0,4.0,11.0,-7.0,22.0,60.6,-38.5
2480106,1,981288,SERNOVA RENOVABLES REAL CANOE,HOME,2097038,P. De Mier Espina,SF,2021397,A. Esnal Aguirre,SF,1787143,C. Mato De Prada,SF,1242234,C. Rodriguez Nuñez,SF,2818945,O. Santana Moldavsky,SF,4.7,283.0,12.0,12.0,0.0,101.8,101.8,0.0
2480106,1,981288,SERNOVA RENOVABLES REAL CANOE,HOME,2097038,P. De Mier Espina,SF,2021397,A. Esnal Aguirre,SF,1927626,C. Flores Garcia,SF,1242234,C. Rodriguez Nuñez,SF,2432516,C. De Sousa,SF,0.9,54.0,2.0,0.0,2.0,88.9,0.0,88.9
2480106,1,981288,SERNOVA RENOVABLES REAL CANOE,HOME,2097038,P. De Mier Espina,SF,2021397,A. Esnal Aguirre,SF,1927626,C. Flores Garcia,SF,2432516,C. De Sousa,SF,2818945,O. Santana Moldavsky,SF,3.7,223.0,2.0,7.0,-5.0,21.5,75.3,-53.8
2480107,1,979919,RECOLETAS ZAMORA,AWAY,1599354,A. Tainta Lizalde,SF,1942017,A. Martin Tejedor,SF,2239381,D. Angel Villen,SF,2734310,E. Resende Carregosa,SF,2110765,A. Perez Relancio,SF,1.9,114.0,4.0,0.0,4.0,84.2,0.0,84.2
2480107,1,979919,RECOLETAS ZAMORA,AWAY,1599354,A. Tainta Lizalde,SF,1942017,A. Martin Tejedor,SF,2561100,F. Pouye,SF,2239381,D. Angel Villen,SF,2110765,A. Perez Relancio,SF,4.3,259.0,4.0,6.0,-2.0,37.1,55.6,-18.5
2480107,1,979919,RECOLETAS ZAMORA,AWAY,1599354,A. Tainta Lizalde,SF,2239381,D. Angel Villen,SF,2110765,A. Perez Relancio,SF,2561100,F. Pouye,SF,2047146,M. Fernandez Muñoz,SF,3.9,231.0,6.0,2.0,4.0,62.3,20.8,41.6
2480107,1,979919,RECOLETAS ZAMORA,AWAY,1599354,A. Tainta Lizalde,SF,2432306,F. Niski Castelao,SF,1942017,A. Martin Tejedor,SF,2110765,A. Perez Relancio,SF,1259670,B. Sanchez Marrufo,SF,0.6,37.0,2.0,2.0,0.0,129.7,129.7,0.0
2480107,1,979919,RECOLETAS ZAMORA,AWAY,1599354,A. Tainta Lizalde,SF,2432306,F. Niski Castelao,SF,1942017,A. Martin Tejedor,SF,2561100,F. Pouye,SF,2110765,A. Perez Relancio,SF,1.0,60.0,0.0,4.0,-4.0,0.0,160.0,-160.0
2480107,1,979919,RECOLETAS ZAMORA,AWAY,1599354,A. Tainta Lizalde,SF,2432306,F. Niski Castelao,SF,1942017,A. Martin Tejedor,SF,2561100,F. Pouye,SF,2239381,D. Angel Villen,SF,1.9,110.0,1.0,4.0,-3.0,21.8,87.3,-65.5
2480107,1,979919,RECOLETAS ZAMORA,AWAY,1599354,A. Tainta Lizalde,SF,2432306,F. Niski Castelao,SF,1942017,A. Martin Tejedor,SF,2561100,F. Pouye,SF,2734310,E. Resende Carregosa,SF,3.7,218.0,6.0,5.0,1.0,66.1,55.0,11.0
2480107,1,979919,RECOLETAS ZAMORA,AWAY,1599354,A. Tainta Lizalde,SF,2432306,F. Niski Castelao,SF,1942017,A. Martin Tejedor,SF,2734310,E. Resende Carregosa,SF,2110765,A. Perez Relancio,SF,3.2,193.0,11.0,7.0,4.0,136.8,87.0,49.7
2480107,1,979919,RECOLETAS ZAMORA,AWAY,1599354,A. Tainta Lizalde,SF,2432306,F. Niski Castelao,SF,1942017,A. Martin Tejedor,SF,2734310,E. Resende Carregosa,SF,2561100,F. Pouye,SF,1.6,98.0,5.0,2.0,3.0,122.4,49.0,73.5
2480107,1,979919,RECOLETAS ZAMORA,AWAY,1599354,A. Tainta Lizalde,SF,2817152,F. Filor,SF,1942017,A. Martin Tejedor,SF,2239381,D. Angel Villen,SF,1259670,B. Sanchez Marrufo,SF,0.4,23.0,0.0,0.0,0.0,0.0,0.0,0.0
2480107,1,979919,RECOLETAS ZAMORA,AWAY,1599354,A. Tainta Lizalde,SF,2817152,F. Filor,SF,1942017,A. Martin Tejedor,SF,2239381,D. Angel Villen,SF,2734310,E. Resende Carregosa,SF,1.2,70.0,3.0,0.0,3.0,102.9,0.0,102.9
2480107,1,979919,RECOLETAS ZAMORA,AWAY,1599354,A. Tainta Lizalde,SF,2817152,F. Filor,SF,1942017,A. Martin Tejedor,SF,2561100,F. Pouye,SF,2239381,D. Angel Villen,SF,3.7,221.0,2.0,7.0,-5.0,21.7,76.0,-54.3
2480107,1,979919,RECOLETAS ZAMORA,AWAY,1599354,A. Tainta Lizalde,SF,2817152,F. Filor,SF,2432306,F. Niski Castelao,SF,1259670,B. Sanchez Marrufo,SF,2047146,M. Fernandez Muñoz,SF,0.6,35.0,2.0,0.0,2.0,137.1,0.0,137.1
2480107,1,979919,RECOLETAS ZAMORA,AWAY,1599354,A. Tainta Lizalde,SF,2817152,F. Filor,SF,2432306,F. Niski Castelao,SF,1942017,A. Martin Tejedor,SF,1259670,B. Sanchez Marrufo,SF,5.1,303.0,7.0,11.0,-4.0,55.4,87.1,-31.7
2480107,1,979919,RECOLETAS ZAMORA,AWAY,1599354,A. Tainta Lizalde,SF,2817152,F. Filor,SF,2432306,F. Niski Castelao,SF,1942017,A. Martin Tejedor,SF,2734310,E. Resende Carregosa,SF,6.3,379.0,15.0,3.0,12.0,95.0,19.0,76.0
2480107,1,979919,RECOLETAS ZAMORA,AWAY,1599354,A. Tainta Lizalde,SF,2817152,F. Filor,SF,2432306,F. Niski Castelao,SF,2561100,F. Pouye,SF,2047146,M. Fernandez Muñoz,SF,0.8,49.0,0.0,3.0,-3.0,0.0,146.9,-146.9
2480107,1,979988,FUSTECMA NBF CASTELLÓ,HOME,1680760,S. Carli Del Pino,SF,1460562,C. Perez Relancio,SF,1494221,L. Soler Madariaga,SF,2102573,A. Ferri Montagud,SF,1618451,L. Campos De Bengoa,SF,2.2,130.0,3.0,4.0,-1.0,55.4,73.8,-18.5
2480107,1,979988,FUSTECMA NBF CASTELLÓ,HOME,1680760,S. Carli Del Pino,SF,1460562,C. Perez Relancio,SF,2087212,L. Ruiz De La Hermosa Arce,SF,2144678,L. Jovena Meseguer,SF,2102573,A. Ferri Montagud,SF,1.7,97.0,0.0,3.0,-3.0,0.0,74.2,-74.2
2480107,1,979988,FUSTECMA NBF CASTELLÓ,HOME,1680760,S. Carli Del Pino,SF,2087212,L. Ruiz De La Hermosa Arce,SF,1460562,C. Perez Relancio,SF,1494221,L. Soler Madariaga,SF,1721468,C. Villamor Aparicio,SF,0.2,13.0,0.0,0.0,0.0,0.0,0.0,0.0
2480107,1,979988,FUSTECMA NBF CASTELLÓ,HOME,1680760,S. Carli Del Pino,SF,2131367,S. Basaez Narvaez,SF,1460562,C. Perez Relancio,SF,1494221,L. Soler Madariaga,SF,2087212,L. Ruiz De La Hermosa Arce,SF,2.4,148.0,4.0,8.0,-4.0,64.9,129.7,-64.9
2480107,1,979988,FUSTECMA NBF CASTELLÓ,HOME,1680760,S. Carli Del Pino,SF,2131367,S. Basaez Narvaez,SF,1460562,C. Perez Relancio,SF,1494221,L. Soler Madariaga,SF,2102573,A. Ferri Montagud,SF,2.3,137.0,3.0,1.0,2.0,52.6,17.5,35.0
2480107,1,979988,FUSTECMA NBF CASTELLÓ,HOME,1680760,S. Carli Del Pino,SF,2131367,S. Basaez Narvaez,SF,1460562,C. Perez Relancio,SF,2087212,L. Ruiz De La Hermosa Arce,SF,2144678,L. Jovena Meseguer,SF,2.5,154.0,2.0,6.0,-4.0,31.2,93.5,-62.3
2480107,1,979988,FUSTECMA NBF CASTELLÓ,HOME,1680760,S. Carli Del Pino,SF,2131367,S. Basaez Narvaez,SF,1460562,C. Perez Relancio,SF,2144678,L. Jovena Meseguer,SF,2102573,A. Ferri Montagud,SF,4.9,292.0,11.0,3.0,8.0,90.4,24.7,65.8
2480107,1,979988,FUSTECMA NBF CASTELLÓ,HOME,1680760,S. Carli Del Pino,SF,2131367,S. Basaez Narvaez,SF,2274867,L. De Giacomo,SF,1460562,C. Perez Relancio,SF,2087212,L. Ruiz De La Hermosa Arce,SF,0.1,6.0,0.0,0.0,0.0,0.0,0.0,0.0
2480107,1,979988,FUSTECMA NBF CASTELLÓ,HOME,1680760,S. Carli Del Pino,SF,2131367,S. Basaez Narvaez,SF,2274867,L. De Giacomo,SF,1460562,C. Perez Relancio,SF,2102573,A. Ferri Montagud,SF,1.9,112.0,3.0,8.0,-5.0,64.3,171.4,-107.1
2480107,1,979988,FUSTECMA NBF CASTELLÓ,HOME,1680760,S. Carli Del Pino,SF,2131367,S. Basaez Narvaez,SF,2274867,L. De Giacomo,SF,2087212,L. Ruiz De La Hermosa Arce,SF,1460562,C. Perez Relancio,SF,0.7,40.0,0.0,2.0,-2.0,0.0,120.0,-120.0
2480107,1,979988,FUSTECMA NBF CASTELLÓ,HOME,1680760,S. Carli Del Pino,SF,2131367,S. Basaez Narvaez,SF,2274867,L. De Giacomo,SF,2087212,L. Ruiz De La Hermosa Arce,SF,2102573,A. Ferri Montagud,SF,1.2,70.0,3.0,4.0,-1.0,102.9,137.1,-34.3
2480107,1,979988,FUSTECMA NBF CASTELLÓ,HOME,1680760,S. Carli Del Pino,SF,2131367,S. Basaez Narvaez,SF,2274867,L. De Giacomo,SF,2087212,L. Ruiz De La Hermosa Arce,SF,2815082,M. Agyei,SF,1.5,88.0,0.0,0.0,0.0,0.0,0.0,0.0
2480107,1,979988,FUSTECMA NBF CASTELLÓ,HOME,1680760,S. Carli Del Pino,SF,2131367,S. Basaez Narvaez,SF,2274867,L. De Giacomo,SF,2815082,M. Agyei,SF,2087212,L. Ruiz De La Hermosa Arce,SF,0.6,33.0,0.0,0.0,0.0,0.0,0.0,0.0
2480107,1,979988,FUSTECMA NBF CASTELLÓ,HOME,1680760,S. Carli Del Pino,SF,2131367,S. Basaez Narvaez,SF,2274867,L. De Giacomo,SF,2815082,M. Agyei,SF,2102573,A. Ferri Montagud,SF,5.3,319.0,10.0,4.0,6.0,75.2,30.1,45.1
2480107,1,979988,FUSTECMA NBF CASTELLÓ,HOME,1680760,S. Carli Del Pino,SF,2131367,S. Basaez Narvaez,SF,2815082,M. Agyei,SF,1494221,L. Soler Madariaga,SF,2102573,A. Ferri Montagud,SF,3.4,206.0,3.0,9.0,-6.0,35.0,104.9,-69.9
2480107,1,979988,FUSTECMA NBF CASTELLÓ,HOME,1680760,S. Carli Del Pino,SF,2274867,L. De Giacomo,SF,1460562,C. Perez Relancio,SF,2087212,L. Ruiz De La Hermosa Arce,SF,2102573,A. Ferri Montagud,SF,0.4,24.0,2.0,0.0,2.0,200.0,0.0,200.0
2480107,1,979988,FUSTECMA NBF CASTELLÓ,HOME,1680760,S. Carli Del Pino,SF,2274867,L. De Giacomo,SF,2087212,L. Ruiz De La Hermosa Arce,SF,1460562,C. Perez Relancio,SF,1721468,C. Villamor Aparicio,SF,1.8,105.0,0.0,4.0,-4.0,0.0,91.4,-91.4
2480107,1,979988,FUSTECMA NBF CASTELLÓ,HOME,1680760,S. Carli Del Pino,SF,2274867,L. De Giacomo,SF,2087212,L. Ruiz De La Hermosa Arce,SF,1460562,C. Perez Relancio,SF,2102573,A. Ferri Montagud,SF,0.2,15.0,0.0,0.0,0.0,0.0,0.0,0.0
2480107,1,979988,FUSTECMA NBF CASTELLÓ,HOME,1680760,S. Carli Del Pino,SF,2274867,L. De Giacomo,SF,2815082,M. Agyei,SF,2087212,L. Ruiz De La Hermosa Arce,SF,2144678,L. Jovena Meseguer,SF,0.4,23.0,0.0,0.0,0.0,0.0,0.0,0.0
2480107,1,979988,FUSTECMA NBF CASTELLÓ,HOME,1680760,S. Carli Del Pino,SF,2274867,L. De Giacomo,SF,2815082,M. Agyei,SF,2102573,A. Ferri Montagud,SF,1618451,L. Campos De Bengoa,SF,5.5,329.0,7.0,10.0,-3.0,51.1,72.9,-21.9
2480107,1,979988,FUSTECMA NBF CASTELLÓ,HOME,1680760,S. Carli Del Pino,SF,2274867,L. De Giacomo,SF,2815082,M. Agyei,SF,2144678,L. Jovena Meseguer,SF,1618451,L. Campos De Bengoa,SF,1.0,59.0,5.0,2.0,3.0,203.4,81.4,122.0
2480108,1,979971,OSES CONSTRUCCION,HOME,1588922,L. Gutierrez Lancho,SF,1044456,M. Asurmendi Villaverde,SF,1593987,M. Recarte Mendive,SF,2432513,V. Llorente,SF,2561102,M. Blanco Morcillo,SF,2.2,131.0,4.0,5.0,-1.0,73.3,91.6,-18.3
2480108,1,979971,OSES CONSTRUCCION,HOME,1588922,L. Gutierrez Lancho,SF,1044456,M. Asurmendi Villaverde,SF,1593987,M. Recarte Mendive,SF,2561102,M. Blanco Morcillo,SF,1820835,A. Wone Aranaz,SF,0.8,46.0,0.0,0.0,0.0,0.0,0.0,0.0
2480108,1,979971,OSES CONSTRUCCION,HOME,1588922,L. Gutierrez Lancho,SF,1044456,M. Asurmendi Villaverde,SF,1593987,M. Recarte Mendive,SF,2561102,M. Blanco Morcillo,SF,2432513,V. Llorente,SF,1.2,74.0,2.0,2.0,0.0,64.9,64.9,0.0
2480108,1,979971,OSES CONSTRUCCION,HOME,1588922,L. Gutierrez Lancho,SF,1044456,M. Asurmendi Villaverde,SF,2432513,V. Llorente,SF,1593987,M. Recarte Mendive,SF,1882395,A. Elso Aramendia,SF,1.2,73.0,0.0,3.0,-3.0,0.0,98.6,-98.6
2480108,1,979971,OSES CONSTRUCCION,HOME,1588922,L. Gutierrez Lancho,SF,1044456,M. Asurmendi Villaverde,SF,2561097,A. Diez Pastor,SF,2432513,V. Llorente,SF,1882395,A. Elso Aramendia,SF,0.8,51.0,0.0,5.0,-5.0,0.0,235.3,-235.3
2480108,1,979971,OSES CONSTRUCCION,HOME,1588922,L. Gutierrez Lancho,SF,2364706,F. Parra,SF,1044456,M. Asurmendi Villaverde,SF,1593987,M. Recarte Mendive,SF,2432513,V. Llorente,SF,0.9,53.0,0.0,3.0,-3.0,0.0,135.8,-135.8
2480108,1,979971,OSES CONSTRUCCION,HOME,1588922,L. Gutierrez Lancho,SF,2364706,F. Parra,SF,1044456,M. Asurmendi Villaverde,SF,2432513,V. Llorente,SF,1820835,A. Wone Aranaz,SF,1.8,105.0,0.0,2.0,-2.0,0.0,45.7,-45.7
2480108,1,979971,OSES CONSTRUCCION,HOME,1588922,L. Gutierrez Lancho,SF,2364706,F. Parra,SF,1593987,M. Recarte Mendive,SF,2432513,V. Llorente,SF,2561102,M. Blanco Morcillo,SF,2.3,138.0,0.0,5.0,-5.0,0.0,87.0,-87.0
2480108,1,979971,OSES CONSTRUCCION,HOME,1588922,L. Gutierrez Lancho,SF,2364706,F. Parra,SF,2432513,V. Llorente,SF,1820835,A. Wone Aranaz,SF,1882395,A. Elso Aramendia,SF,4.0,243.0,10.0,11.0,-1.0,98.8,108.6,-9.9
2480108,1,979971,OSES CONSTRUCCION,HOME,1588922,L. Gutierrez Lancho,SF,2364706,F. Parra,SF,2432513,V. Llorente,SF,2561102,M. Blanco Morcillo,SF,1820835,A. Wone Aranaz,SF,3.5,212.0,5.0,10.0,-5.0,56.6,113.2,-56.6
2480108,1,979971,OSES CONSTRUCCION,HOME,1588922,L. Gutierrez Lancho,SF,2364706,F. Parra,SF,2561097,A. Diez Pastor,SF,1593987,M. Recarte Mendive,SF,2432513,V. Llorente,SF,1.9,111.0,5.0,2.0,3.0,108.1,43.2,64.9
2480108,1,979971,OSES CONSTRUCCION,HOME,1588922,L. Gutierrez Lancho,SF,2364706,F. Parra,SF,2561097,A. Diez Pastor,SF,2432513,V. Llorente,SF,1820835,A. Wone Aranaz,SF,7.6,456.0,12.0,16.0,-4.0,63.2,84.2,-21.1
2480108,1,979971,OSES CONSTRUCCION,HOME,1588922,L. Gutierrez Lancho,SF,2364706,F. Parra,SF,2561097,A. Diez Pastor,SF,2432513,V. Llorente,SF,1882395,A. Elso Aramendia,SF,1.2,72.0,2.0,0.0,2.0,66.7,0.0,66.7
2480108,1,979971,OSES CONSTRUCCION,HOME,2364706,F. Parra,SF,1044456,M. Asurmendi Villaverde,SF,1593987,M. Recarte Mendive,SF,2432513,V. Llorente,SF,1882395,A. Elso Aramendia,SF,0.3,20.0,0.0,2.0,-2.0,0.0,240.0,-240.0
2480108,1,979971,OSES CONSTRUCCION,HOME,2364706,F. Parra,SF,1044456,M. Asurmendi Villaverde,SF,1593987,M. Recarte Mendive,SF,2432513,V. Llorente,SF,2561102,M. Blanco Morcillo,SF,0.8,48.0,2.0,0.0,2.0,100.0,0.0,100.0
2480108,1,979971,OSES CONSTRUCCION,HOME,2364706,F. Parra,SF,1044456,M. Asurmendi Villaverde,SF,1593987,M. Recarte Mendive,SF,2561102,M. Blanco Morcillo,SF,1820835,A. Wone Aranaz,SF,0.6,35.0,0.0,4.0,-4.0,0.0,274.3,-274.3
2480108,1,979971,OSES CONSTRUCCION,HOME,2364706,F. Parra,SF,1044456,M. Asurmendi Villaverde,SF,1593987,M. Recarte Mendive,SF,2561102,M. Blanco Morcillo,SF,2432513,V. Llorente,SF,2.0,119.0,2.0,4.0,-2.0,40.3,80.7,-40.3
2480108,1,979971,OSES CONSTRUCCION,HOME,2364706,F. Parra,SF,1044456,M. Asurmendi Villaverde,SF,2561097,A. Diez Pastor,SF,2432513,V. Llorente,SF,1882395,A. Elso Aramendia,SF,2.2,131.0,2.0,0.0,2.0,36.6,0.0,36.6
2480108,1,979971,OSES CONSTRUCCION,HOME,2364706,F. Parra,SF,2561097,A. Diez Pastor,SF,2432513,V. Llorente,SF,2561102,M. Blanco Morcillo,SF,1820835,A. Wone Aranaz,SF,1.6,93.0,2.0,3.0,-1.0,51.6,77.4,-25.8
2480108,1,979971,OSES CONSTRUCCION,HOME,2364706,F. Parra,SF,2561097,A. Diez Pastor,SF,2561102,M. Blanco Morcillo,SF,1820835,A. Wone Aranaz,SF,1882395,A. Elso Aramendia,SF,2.6,154.0,5.0,6.0,-1.0,77.9,93.5,-15.6
2480108,1,979971,OSES CONSTRUCCION,HOME,2364706,F. Parra,SF,2561097,A. Diez Pastor,SF,2561102,M. Blanco Morcillo,SF,2432513,V. Llorente,SF,1882395,A. Elso Aramendia,SF,0.6,35.0,0.0,0.0,0.0,0.0,0.0,0.0
2480108,1,981213,AZULMARINO MALLORCA PALMA,AWAY,2791252,A. Bulgak,SF,1083354,M. España Almendro,SF,1434977,C. Grande Pardo,SF,1527601,I. Junio Mbulito,SF,2073955,G. Capel Cilla,SF,6.6,392.0,11.0,11.0,0.0,67.3,67.3,0.0
2480108,1,981213,AZULMARINO MALLORCA PALMA,AWAY,2791252,A. Bulgak,SF,2793759,J. Asinde,SF,1083354,M. España Almendro,SF,1434977,C. Grande Pardo,SF,1527601,I. Junio Mbulito,SF,0.9,53.0,3.0,0.0,3.0,135.8,0.0,135.8
2480108,1,981213,AZULMARINO MALLORCA PALMA,AWAY,2791252,A. Bulgak,SF,2793759,J. Asinde,SF,1083354,M. España Almendro,SF,1865395,M. Garcia Mateo,SF,1434977,C. Grande Pardo,SF,0.6,35.0,4.0,0.0,4.0,274.3,0.0,274.3
2480108,1,981213,AZULMARINO MALLORCA PALMA,AWAY,2791252,A. Bulgak,SF,2793759,J. Asinde,SF,2815892,A. Siciliano,SF,1083354,M. España Almendro,SF,1865395,M. Garcia Mateo,SF,32.0,1920.0,65.0,42.0,23.0,81.2,52.5,28.8
2480109,1,981306,CAJASOL BALONCESTO SEVILLA FEMENINO,AWAY,1758184,C. Sanchez Fernandez-Satorre,SF,1993036,I. Rios Rus,SF,1811227,C. Arfinengo Del Carpio,SF,1999405,N. Anitua Garcia,SF,1522827,M. Recio Gonzalez,SF,4.7,281.0,9.0,8.0,1.0,76.9,68.3,8.5
2480109,1,981306,CAJASOL BALONCESTO SEVILLA FEMENINO,AWAY,1758184,C. Sanchez Fernandez-Satorre,SF,2004240,N. Sanchez Robayo,SF,1993036,I. Rios Rus,SF,1811227,C. Arfinengo Del Carpio,SF,1999405,N. Anitua Garcia,SF,35.7,2119.0,52.0,75.0,-23.0,58.9,84.9,-26.1
2480109,1,981492,CELTA  FEMXA ZORKA,HOME,1875311,C. Menendez Torres,SF,1855646,S. Vidal Acuña,SF,2121212,P. Salinas Mascuñana,SF,2814638,J. Kelliher,SF,2651124,A. Boquete Manna,SF,1.8,106.0,7.0,5.0,2.0,158.5,113.2,45.3
2480109,1,981492,CELTA  FEMXA ZORKA,HOME,2049773,D. Bermejo Escribano,SF,2179984,U. Rodríguez Silva,SF,1875311,C. Menendez Torres,SF,2121212,P. Salinas Mascuñana,SF,2814638,J. Kelliher,SF,1.7,100.0,1.0,3.0,-2.0,24.0,72.0,-48.0
2480109,1,981492,CELTA  FEMXA ZORKA,HOME,2049773,D. Bermejo Escribano,SF,2179984,U. Rodríguez Silva,SF,2276545,M. Vizmanos Iglesis,SF,1855646,S. Vidal Acuña,SF,2121212,P. Salinas Mascuñana,SF,3.0,177.0,6.0,3.0,3.0,81.4,40.7,40.7
2480109,1,981492,CELTA  FEMXA ZORKA,HOME,2049773,D. Bermejo Escribano,SF,2276545,M. Vizmanos Iglesis,SF,2815029,J. Thomas,SF,1855646,S. Vidal Acuña,SF,2121212,P. Salinas Mascuñana,SF,2.1,126.0,3.0,4.0,-1.0,57.1,76.2,-19.0
2480109,1,981492,CELTA  FEMXA ZORKA,HOME,2049773,D. Bermejo Escribano,SF,2276545,M. Vizmanos Iglesis,SF,2815029,J. Thomas,SF,1875311,C. Menendez Torres,SF,2121212,P. Salinas Mascuñana,SF,0.8,50.0,2.0,2.0,0.0,96.0,96.0,0.0
2480109,1,981492,CELTA  FEMXA ZORKA,HOME,2049773,D. Bermejo Escribano,SF,2815029,J. Thomas,SF,1875311,C. Menendez Torres,SF,2121212,P. Salinas Mascuñana,SF,2814638,J. Kelliher,SF,2.0,123.0,6.0,3.0,3.0,117.1,58.5,58.5
2480109,1,981492,CELTA  FEMXA ZORKA,HOME,2179984,U. Rodríguez Silva,SF,1875311,C. Menendez Torres,SF,2121212,P. Salinas Mascuñana,SF,2814638,J. Kelliher,SF,2651124,A. Boquete Manna,SF,1.7,103.0,5.0,4.0,1.0,116.5,93.2,23.3
2480109,1,981492,CELTA  FEMXA ZORKA,HOME,2179984,U. Rodríguez Silva,SF,1875311,C. Menendez Torres,SF,2815029,J. Thomas,SF,2121212,P. Salinas Mascuñana,SF,2814638,J. Kelliher,SF,0.6,34.0,2.0,2.0,0.0,141.2,141.2,0.0
2480109,1,981492,CELTA  FEMXA ZORKA,HOME,2179984,U. Rodríguez Silva,SF,2276545,M. Vizmanos Iglesis,SF,1875311,C. Menendez Torres,SF,1855646,S. Vidal Acuña,SF,2121212,P. Salinas Mascuñana,SF,0.4,22.0,1.0,0.0,1.0,109.1,0.0,109.1
2480109,1,981492,CELTA  FEMXA ZORKA,HOME,2179984,U. Rodríguez Silva,SF,2276545,M. Vizmanos Iglesis,SF,1875311,C. Menendez Torres,SF,2121212,P. Salinas Mascuñana,SF,2814638,J. Kelliher,SF,0.3,15.0,0.0,0.0,0.0,0.0,0.0,0.0
2480109,1,981492,CELTA  FEMXA ZORKA,HOME,2276545,M. Vizmanos Iglesis,SF,1875311,C. Menendez Torres,SF,2815029,J. Thomas,SF,1855646,S. Vidal Acuña,SF,2121212,P. Salinas Mascuñana,SF,1.4,83.0,0.0,5.0,-5.0,0.0,144.6,-144.6
2480109,1,981492,CELTA  FEMXA ZORKA,HOME,2743289,D. Cabrera Baccon,SF,1875311,C. Menendez Torres,SF,2121212,P. Salinas Mascuñana,SF,2814638,J. Kelliher,SF,2651124,A. Boquete Manna,SF,6.5,389.0,15.0,11.0,4.0,92.5,67.9,24.7
2480109,1,981492,CELTA  FEMXA ZORKA,HOME,2743289,D. Cabrera Baccon,SF,2049773,D. Bermejo Escribano,SF,2276545,M. Vizmanos Iglesis,SF,2121212,P. Salinas Mascuñana,SF,2651124,A. Boquete Manna,SF,0.4,22.0,0.0,0.0,0.0,0.0,0.0,0.0
2480109,1,981492,CELTA  FEMXA ZORKA,HOME,2743289,D. Cabrera Baccon,SF,2049773,D. Bermejo Escribano,SF,2276545,M. Vizmanos Iglesis,SF,2815029,J. Thomas,SF,1855646,S. Vidal Acuña,SF,3.4,201.0,7.0,3.0,4.0,83.6,35.8,47.8
2480109,1,981492,CELTA  FEMXA ZORKA,HOME,2743289,D. Cabrera Baccon,SF,2049773,D. Bermejo Escribano,SF,2276545,M. Vizmanos Iglesis,SF,2815029,J. Thomas,SF,2121212,P. Salinas Mascuñana,SF,1.7,101.0,0.0,4.0,-4.0,0.0,95.0,-95.0
2480109,1,981492,CELTA  FEMXA ZORKA,HOME,2743289,D. Cabrera Baccon,SF,2049773,D. Bermejo Escribano,SF,2815029,J. Thomas,SF,1855646,S. Vidal Acuña,SF,2121212,P. Salinas Mascuñana,SF,1.3,79.0,0.0,0.0,0.0,0.0,0.0,0.0
2480109,1,981492,CELTA  FEMXA ZORKA,HOME,2743289,D. Cabrera Baccon,SF,2179703,N. Martínez Quintana,SF,1875311,C. Menendez Torres,SF,2121212,P. Salinas Mascuñana,SF,2651124,A. Boquete Manna,SF,0.3,18.0,0.0,0.0,0.0,0.0,0.0,0.0
2480109,1,981492,CELTA  FEMXA ZORKA,HOME,2743289,D. Cabrera Baccon,SF,2179984,U. Rodríguez Silva,SF,1875311,C. Menendez Torres,SF,2121212,P. Salinas Mascuñana,SF,2814638,J. Kelliher,SF,8.9,529.0,26.0,11.0,15.0,118.0,49.9,68.1
2480109,1,981492,CELTA  FEMXA ZORKA,HOME,2743289,D. Cabrera Baccon,SF,2276545,M. Vizmanos Iglesis,SF,1875311,C. Menendez Torres,SF,2121212,P. Salinas Mascuñana,SF,2651124,A. Boquete Manna,SF,0.4,24.0,0.0,0.0,0.0,0.0,0.0,0.0
2480109,1,981492,CELTA  FEMXA ZORKA,HOME,2743289,D. Cabrera Baccon,SF,2286825,M. Cabello Cañas,SF,2179703,N. Martínez Quintana,SF,2121212,P. Salinas Mascuñana,SF,2651124,A. Boquete Manna,SF,1.2,71.0,1.0,1.0,0.0,33.8,33.8,0.0
2480109,1,981492,CELTA  FEMXA ZORKA,HOME,2743289,D. Cabrera Baccon,SF,2815029,J. Thomas,SF,1875311,C. Menendez Torres,SF,1855646,S. Vidal Acuña,SF,2121212,P. Salinas Mascuñana,SF,0.5,27.0,1.0,0.0,1.0,88.9,0.0,88.9
2480110,1,979952,VEGA LAGUNERA TOYOTA  ADAREVA TENERIFE,HOME,1128614,I. Arregui Mariezcurrena,SF,1379088,P. Soler Suarez,SF,1884959,M. Luque Caballero,SF,2432295,B. Stevanovic,SF,1613926,M. Gomez Fernandez,SF,1.3,80.0,2.0,2.0,0.0,60.0,60.0,0.0
2480110,1,979952,VEGA LAGUNERA TOYOTA  ADAREVA TENERIFE,HOME,1128614,I. Arregui Mariezcurrena,SF,1379088,P. Soler Suarez,SF,1884959,M. Luque Caballero,SF,2432295,B. Stevanovic,SF,2735173,M. Forsyth,SF,8.1,487.0,18.0,10.0,8.0,88.7,49.3,39.4
2480110,1,979952,VEGA LAGUNERA TOYOTA  ADAREVA TENERIFE,HOME,1613926,M. Gomez Fernandez,SF,1128614,I. Arregui Mariezcurrena,SF,1379088,P. Soler Suarez,SF,2432295,B. Stevanovic,SF,2735173,M. Forsyth,SF,1.7,100.0,3.0,2.0,1.0,72.0,48.0,24.0
2480110,1,979952,VEGA LAGUNERA TOYOTA  ADAREVA TENERIFE,HOME,1613926,M. Gomez Fernandez,SF,1379088,P. Soler Suarez,SF,1884959,M. Luque Caballero,SF,2432295,B. Stevanovic,SF,2735173,M. Forsyth,SF,11.9,706.0,18.0,17.0,1.0,61.2,57.8,3.4
2480110,1,979952,VEGA LAGUNERA TOYOTA  ADAREVA TENERIFE,HOME,2639428,C. Parisi,SF,1379088,P. Soler Suarez,SF,1884959,M. Luque Caballero,SF,1613926,M. Gomez Fernandez,SF,2735173,M. Forsyth,SF,2.4,142.0,0.0,5.0,-5.0,0.0,84.5,-84.5
2480110,1,979952,VEGA LAGUNERA TOYOTA  ADAREVA TENERIFE,HOME,2639428,C. Parisi,SF,1379088,P. Soler Suarez,SF,1884959,M. Luque Caballero,SF,2432295,B. Stevanovic,SF,1613926,M. Gomez Fernandez,SF,0.2,13.0,0.0,0.0,0.0,0.0,0.0,0.0
2480110,1,979952,VEGA LAGUNERA TOYOTA  ADAREVA TENERIFE,HOME,2639428,C. Parisi,SF,1379088,P. Soler Suarez,SF,1884959,M. Luque Caballero,SF,2432295,B. Stevanovic,SF,2735173,M. Forsyth,SF,4.3,259.0,4.0,14.0,-10.0,37.1,129.7,-92.7
2480110,1,979952,VEGA LAGUNERA TOYOTA  ADAREVA TENERIFE,HOME,2639428,C. Parisi,SF,1379088,P. Soler Suarez,SF,2432295,B. Stevanovic,SF,1613926,M. Gomez Fernandez,SF,2735173,M. Forsyth,SF,1.5,91.0,5.0,5.0,0.0,131.9,131.9,0.0
2480110,1,979952,VEGA LAGUNERA TOYOTA  ADAREVA TENERIFE,HOME,2639428,C. Parisi,SF,1613926,M. Gomez Fernandez,SF,1379088,P. Soler Suarez,SF,2432295,B. Stevanovic,SF,2735173,M. Forsyth,SF,4.2,257.0,7.0,5.0,2.0,65.4,46.7,18.7
2480110,1,979952,VEGA LAGUNERA TOYOTA  ADAREVA TENERIFE,HOME,2639428,C. Parisi,SF,1613926,M. Gomez Fernandez,SF,1878753,N. Ibañez Silvestre,SF,2432295,B. Stevanovic,SF,2735173,M. Forsyth,SF,0.8,49.0,0.0,2.0,-2.0,0.0,98.0,-98.0
2480110,1,979952,VEGA LAGUNERA TOYOTA  ADAREVA TENERIFE,HOME,2639428,C. Parisi,SF,1613926,M. Gomez Fernandez,SF,1884959,M. Luque Caballero,SF,1878753,N. Ibañez Silvestre,SF,2432295,B. Stevanovic,SF,1.0,59.0,2.0,1.0,1.0,81.4,40.7,40.7
2480110,1,979952,VEGA LAGUNERA TOYOTA  ADAREVA TENERIFE,HOME,2639428,C. Parisi,SF,1884959,M. Luque Caballero,SF,1878753,N. Ibañez Silvestre,SF,2432295,B. Stevanovic,SF,2735173,M. Forsyth,SF,2.6,157.0,7.0,4.0,3.0,107.0,61.1,45.9
2480110,1,981334,UNICAJA MIJAS,AWAY,1317227,C. Garcia Paunero,SF,1884837,M. Roters Dubinina,SF,1723860,S. Galeron Alvarez,SF,2012623,S. Lo Sylla,SF,1949233,A. Orois Aznarez,SF,2.3,138.0,8.0,8.0,0.0,139.1,139.1,0.0
2480110,1,981334,UNICAJA MIJAS,AWAY,2096249,T. Eke Benitez,SF,1317227,C. Garcia Paunero,SF,1884837,M. Roters Dubinina,SF,1723860,S. Galeron Alvarez,SF,1949233,A. Orois Aznarez,SF,3.6,216.0,2.0,8.0,-6.0,22.2,88.9,-66.7
2480110,1,981334,UNICAJA MIJAS,AWAY,2096249,T. Eke Benitez,SF,1317227,C. Garcia Paunero,SF,1884837,M. Roters Dubinina,SF,1723860,S. Galeron Alvarez,SF,2207028,N. Merino Ruiz,SF,9.5,569.0,13.0,22.0,-9.0,54.8,92.8,-38.0
2480110,1,981334,UNICAJA MIJAS,AWAY,2096249,T. Eke Benitez,SF,2814756,C. Zimmerman,SF,1317227,C. Garcia Paunero,SF,1884837,M. Roters Dubinina,SF,2207028,N. Merino Ruiz,SF,4.5,273.0,6.0,10.0,-4.0,52.7,87.9,-35.2
2480110,1,981334,UNICAJA MIJAS,AWAY,2096249,T. Eke Benitez,SF,2814756,C. Zimmerman,SF,1884837,M. Roters Dubinina,SF,1949233,A. Orois Aznarez,SF,2643500,C. Capellan Santana,SF,1.4,82.0,2.0,3.0,-1.0,58.5,87.8,-29.3
2480110,1,981334,UNICAJA MIJAS,AWAY,2096249,T. Eke Benitez,SF,2814756,C. Zimmerman,SF,1884837,M. Roters Dubinina,SF,2207028,N. Merino Ruiz,SF,2643500,C. Capellan Santana,SF,2.6,155.0,5.0,0.0,5.0,77.4,0.0,77.4
2480110,1,981334,UNICAJA MIJAS,AWAY,2643500,C. Capellan Santana,SF,1884837,M. Roters Dubinina,SF,1723860,S. Galeron Alvarez,SF,2012623,S. Lo Sylla,SF,2207028,N. Merino Ruiz,SF,1.7,100.0,2.0,3.0,-1.0,48.0,72.0,-24.0
2480110,1,981334,UNICAJA MIJAS,AWAY,2643500,C. Capellan Santana,SF,2096249,T. Eke Benitez,SF,1317227,C. Garcia Paunero,SF,1884837,M. Roters Dubinina,SF,1723860,S. Galeron Alvarez,SF,5.6,337.0,14.0,5.0,9.0,99.7,35.6,64.1
2480110,1,981334,UNICAJA MIJAS,AWAY,2643500,C. Capellan Santana,SF,2814756,C. Zimmerman,SF,1884837,M. Roters Dubinina,SF,2012623,S. Lo Sylla,SF,2207028,N. Merino Ruiz,SF,3.6,214.0,4.0,0.0,4.0,44.9,0.0,44.9
2480110,1,981334,UNICAJA MIJAS,AWAY,2814756,C. Zimmerman,SF,1317227,C. Garcia Paunero,SF,1884837,M. Roters Dubinina,SF,1723860,S. Galeron Alvarez,SF,2207028,N. Merino Ruiz,SF,1.6,98.0,2.0,0.0,2.0,49.0,0.0,49.0
2480110,1,981334,UNICAJA MIJAS,AWAY,2814756,C. Zimmerman,SF,1317227,C. Garcia Paunero,SF,1884837,M. Roters Dubinina,SF,2012623,S. Lo Sylla,SF,2207028,N. Merino Ruiz,SF,3.5,209.0,6.0,5.0,1.0,68.9,57.4,11.5
2480110,1,981334,UNICAJA MIJAS,AWAY,2814756,C. Zimmerman,SF,1884837,M. Roters Dubinina,SF,1949233,A. Orois Aznarez,SF,2643500,C. Capellan Santana,SF,1994192,E. Moreno Fernandez,SF,0.1,9.0,3.0,2.0,1.0,800.0,533.3,266.7
2480111,1,981346,LA CORDÁ DE PATERNA NB,HOME,1508657,V. Saez Moreno,SF,2173687,M. Llompart Perello,SF,1687305,L. Segura Moreno,SF,2031045,M. Galiana Miralles,SF,2071471,P. Saravia Logroño,SF,3.8,228.0,8.0,6.0,2.0,84.2,63.2,21.1
2480111,1,981346,LA CORDÁ DE PATERNA NB,HOME,2653963,A. Traore,SF,1508657,V. Saez Moreno,SF,1632609,C. Che Tortola,SF,1687305,L. Segura Moreno,SF,2024557,M. Bleda Ortega,SF,3.8,227.0,9.0,3.0,6.0,95.2,31.7,63.4
2480111,1,981346,LA CORDÁ DE PATERNA NB,HOME,2653963,A. Traore,SF,1508657,V. Saez Moreno,SF,1632609,C. Che Tortola,SF,2024557,M. Bleda Ortega,SF,2230288,S. Davila Diaz De Ilarraza,SF,0.8,51.0,0.0,1.0,-1.0,0.0,47.1,-47.1
2480111,1,981346,LA CORDÁ DE PATERNA NB,HOME,2653963,A. Traore,SF,1508657,V. Saez Moreno,SF,1632609,C. Che Tortola,SF,2031045,M. Galiana Miralles,SF,2230288,S. Davila Diaz De Ilarraza,SF,1.3,75.0,0.0,0.0,0.0,0.0,0.0,0.0
2480111,1,981346,LA CORDÁ DE PATERNA NB,HOME,2653963,A. Traore,SF,1508657,V. Saez Moreno,SF,2173687,M. Llompart Perello,SF,1687305,L. Segura Moreno,SF,2024557,M. Bleda Ortega,SF,3.4,203.0,7.0,5.0,2.0,82.8,59.1,23.6
2480111,1,981346,LA CORDÁ DE PATERNA NB,HOME,2653963,A. Traore,SF,1508657,V. Saez Moreno,SF,2173687,M. Llompart Perello,SF,2024557,M. Bleda Ortega,SF,2230288,S. Davila Diaz De Ilarraza,SF,0.2,14.0,0.0,0.0,0.0,0.0,0.0,0.0
2480111,1,981346,LA CORDÁ DE PATERNA NB,HOME,2653963,A. Traore,SF,1508657,V. Saez Moreno,SF,2173687,M. Llompart Perello,SF,2031045,M. Galiana Miralles,SF,2230288,S. Davila Diaz De Ilarraza,SF,1.5,89.0,7.0,2.0,5.0,188.8,53.9,134.8
2480111,1,981346,LA CORDÁ DE PATERNA NB,HOME,2653963,A. Traore,SF,1632609,C. Che Tortola,SF,1687305,L. Segura Moreno,SF,2024557,M. Bleda Ortega,SF,2071471,P. Saravia Logroño,SF,1.6,96.0,0.0,4.0,-4.0,0.0,100.0,-100.0
2480111,1,981346,LA CORDÁ DE PATERNA NB,HOME,2653963,A. Traore,SF,1632609,C. Che Tortola,SF,1687305,L. Segura Moreno,SF,2024557,M. Bleda Ortega,SF,2230288,S. Davila Diaz De Ilarraza,SF,5.3,316.0,8.0,11.0,-3.0,60.8,83.5,-22.8
2480111,1,981346,LA CORDÁ DE PATERNA NB,HOME,2653963,A. Traore,SF,1687305,L. Segura Moreno,SF,2024557,M. Bleda Ortega,SF,2230288,S. Davila Diaz De Ilarraza,SF,2071471,P. Saravia Logroño,SF,0.2,10.0,0.0,0.0,0.0,0.0,0.0,0.0
2480111,1,981346,LA CORDÁ DE PATERNA NB,HOME,2653963,A. Traore,SF,2163606,C. Sancho Mauri,SF,1508657,V. Saez Moreno,SF,2173687,M. Llompart Perello,SF,1687305,L. Segura Moreno,SF,0.8,49.0,2.0,0.0,2.0,98.0,0.0,98.0
2480111,1,981346,LA CORDÁ DE PATERNA NB,HOME,2653963,A. Traore,SF,2163606,C. Sancho Mauri,SF,1508657,V. Saez Moreno,SF,2173687,M. Llompart Perello,SF,2031045,M. Galiana Miralles,SF,1.6,99.0,0.0,3.0,-3.0,0.0,72.7,-72.7
2480111,1,981346,LA CORDÁ DE PATERNA NB,HOME,2653963,A. Traore,SF,2163606,C. Sancho Mauri,SF,1687305,L. Segura Moreno,SF,2024557,M. Bleda Ortega,SF,2071471,P. Saravia Logroño,SF,0.4,22.0,0.0,0.0,0.0,0.0,0.0,0.0
2480111,1,981346,LA CORDÁ DE PATERNA NB,HOME,2653963,A. Traore,SF,2163606,C. Sancho Mauri,SF,1687305,L. Segura Moreno,SF,2024557,M. Bleda Ortega,SF,2230288,S. Davila Diaz De Ilarraza,SF,0.1,8.0,1.0,0.0,1.0,300.0,0.0,300.0
2480111,1,981346,LA CORDÁ DE PATERNA NB,HOME,2796302,P. Gabriel,SF,1508657,V. Saez Moreno,SF,2173687,M. Llompart Perello,SF,1687305,L. Segura Moreno,SF,2071471,P. Saravia Logroño,SF,3.1,187.0,3.0,9.0,-6.0,38.5,115.5,-77.0
2480111,1,981346,LA CORDÁ DE PATERNA NB,HOME,2796302,P. Gabriel,SF,1632609,C. Che Tortola,SF,1687305,L. Segura Moreno,SF,2024557,M. Bleda Ortega,SF,2071471,P. Saravia Logroño,SF,6.5,386.0,8.0,13.0,-5.0,49.7,80.8,-31.1
2480111,1,981346,LA CORDÁ DE PATERNA NB,HOME,2796302,P. Gabriel,SF,1632609,C. Che Tortola,SF,2173687,M. Llompart Perello,SF,1687305,L. Segura Moreno,SF,2024557,M. Bleda Ortega,SF,3.9,233.0,7.0,9.0,-2.0,72.1,92.7,-20.6
2480111,1,981346,LA CORDÁ DE PATERNA NB,HOME,2796302,P. Gabriel,SF,2163606,C. Sancho Mauri,SF,1508657,V. Saez Moreno,SF,2173687,M. Llompart Perello,SF,2031045,M. Galiana Miralles,SF,0.7,42.0,0.0,0.0,0.0,0.0,0.0,0.0
2480111,1,981346,LA CORDÁ DE PATERNA NB,HOME,2796302,P. Gabriel,SF,2173687,M. Llompart Perello,SF,1687305,L. Segura Moreno,SF,2024557,M. Bleda Ortega,SF,2071471,P. Saravia Logroño,SF,1.1,65.0,3.0,6.0,-3.0,110.8,221.5,-110.8
2480111,1,981356,BOSONIT UNIBASKET,AWAY,1626810,C. Aldecoa Rodriguez,SF,1834784,E. Florez Pascual,SF,2819119,T. Sedláková,SF,1678734,M. Llorente Ruiz,SF,1821692,M. Alonso Guadaño,SF,1.1,64.0,4.0,0.0,4.0,150.0,0.0,150.0
2480111,1,981356,BOSONIT UNIBASKET,AWAY,1626810,C. Aldecoa Rodriguez,SF,1834784,E. Florez Pascual,SF,2819119,T. Sedláková,SF,1778980,I. Losada Gonzalez-Babe,SF,1821692,M. Alonso Guadaño,SF,2.2,126.0,3.0,3.0,0.0,57.1,57.1,0.0
2480111,1,981356,BOSONIT UNIBASKET,AWAY,1626810,C. Aldecoa Rodriguez,SF,1834784,E. Florez Pascual,SF,2819119,T. Sedláková,SF,2151019,N. Padrosa Mons,SF,1821692,M. Alonso Guadaño,SF,0.1,8.0,0.0,1.0,-1.0,0.0,300.0,-300.0
2480111,1,981356,BOSONIT UNIBASKET,AWAY,1626810,C. Aldecoa Rodriguez,SF,1834784,E. Florez Pascual,SF,2819119,T. Sedláková,SF,2561556,C. Sañudo Trillo,SF,1821692,M. Alonso Guadaño,SF,2.6,152.0,4.0,5.0,-1.0,63.2,78.9,-15.8
2480111,1,981356,BOSONIT UNIBASKET,AWAY,1626810,C. Aldecoa Rodriguez,SF,1834784,E. Florez Pascual,SF,2819119,T. Sedláková,SF,2735759,L. Van Schaik,SF,2151019,N. Padrosa Mons,SF,2.2,130.0,4.0,2.0,2.0,73.8,36.9,36.9
2480111,1,981356,BOSONIT UNIBASKET,AWAY,1626810,C. Aldecoa Rodriguez,SF,1834784,E. Florez Pascual,SF,2819121,H. Forster,SF,1778980,I. Losada Gonzalez-Babe,SF,1821692,M. Alonso Guadaño,SF,1.7,102.0,8.0,1.0,7.0,188.2,23.5,164.7
2480111,1,981356,BOSONIT UNIBASKET,AWAY,1626810,C. Aldecoa Rodriguez,SF,2819119,T. Sedláková,SF,1678734,M. Llorente Ruiz,SF,1778980,I. Losada Gonzalez-Babe,SF,1821692,M. Alonso Guadaño,SF,0.6,35.0,0.0,2.0,-2.0,0.0,137.1,-137.1
2480111,1,981356,BOSONIT UNIBASKET,AWAY,1626810,C. Aldecoa Rodriguez,SF,2819119,T. Sedláková,SF,1834784,E. Florez Pascual,SF,2735759,L. Van Schaik,SF,1821692,M. Alonso Guadaño,SF,3.0,180.0,1.0,9.0,-8.0,13.3,120.0,-106.7
2480111,1,981356,BOSONIT UNIBASKET,AWAY,1626810,C. Aldecoa Rodriguez,SF,2819119,T. Sedláková,SF,1834784,E. Florez Pascual,SF,2819121,H. Forster,SF,1821692,M. Alonso Guadaño,SF,1.9,116.0,4.0,2.0,2.0,82.8,41.4,41.4
2480111,1,981356,BOSONIT UNIBASKET,AWAY,1626810,C. Aldecoa Rodriguez,SF,2819121,H. Forster,SF,1678734,M. Llorente Ruiz,SF,1778980,I. Losada Gonzalez-Babe,SF,2151019,N. Padrosa Mons,SF,1.4,85.0,2.0,5.0,-3.0,56.5,141.2,-84.7
2480111,1,981356,BOSONIT UNIBASKET,AWAY,1626810,C. Aldecoa Rodriguez,SF,2819121,H. Forster,SF,1778980,I. Losada Gonzalez-Babe,SF,2735759,L. Van Schaik,SF,1821692,M. Alonso Guadaño,SF,0.2,13.0,0.0,0.0,0.0,0.0,0.0,0.0
2480111,1,981356,BOSONIT UNIBASKET,AWAY,1626810,C. Aldecoa Rodriguez,SF,2819121,H. Forster,SF,2561556,C. Sañudo Trillo,SF,1821692,M. Alonso Guadaño,SF,1834784,E. Florez Pascual,SF,1.1,63.0,0.0,2.0,-2.0,0.0,76.2,-76.2
2480111,1,981356,BOSONIT UNIBASKET,AWAY,1626810,C. Aldecoa Rodriguez,SF,2819121,H. Forster,SF,2819119,T. Sedláková,SF,1678734,M. Llorente Ruiz,SF,2151019,N. Padrosa Mons,SF,0.1,8.0,0.0,0.0,0.0,0.0,0.0,0.0
2480111,1,981356,BOSONIT UNIBASKET,AWAY,1626810,C. Aldecoa Rodriguez,SF,2819121,H. Forster,SF,2819119,T. Sedláková,SF,2561556,C. Sañudo Trillo,SF,1821692,M. Alonso Guadaño,SF,0.3,16.0,0.0,0.0,0.0,0.0,0.0,0.0
2480111,1,981356,BOSONIT UNIBASKET,AWAY,1834784,E. Florez Pascual,SF,2819119,T. Sedláková,SF,1626810,C. Aldecoa Rodriguez,SF,1778980,I. Losada Gonzalez-Babe,SF,1821692,M. Alonso Guadaño,SF,0.8,46.0,0.0,3.0,-3.0,0.0,156.5,-156.5
2480111,1,981356,BOSONIT UNIBASKET,AWAY,1834784,E. Florez Pascual,SF,2819119,T. Sedláková,SF,1678734,M. Llorente Ruiz,SF,2151019,N. Padrosa Mons,SF,1821692,M. Alonso Guadaño,SF,2.1,125.0,2.0,7.0,-5.0,38.4,134.4,-96.0
2480111,1,981356,BOSONIT UNIBASKET,AWAY,1834784,E. Florez Pascual,SF,2819119,T. Sedláková,SF,1778980,I. Losada Gonzalez-Babe,SF,2735759,L. Van Schaik,SF,1821692,M. Alonso Guadaño,SF,0.5,31.0,2.0,2.0,0.0,154.8,154.8,0.0
2480111,1,981356,BOSONIT UNIBASKET,AWAY,1834784,E. Florez Pascual,SF,2819119,T. Sedláková,SF,2819121,H. Forster,SF,2735759,L. Van Schaik,SF,1821692,M. Alonso Guadaño,SF,4.7,286.0,11.0,5.0,6.0,92.3,42.0,50.3
2480111,1,981356,BOSONIT UNIBASKET,AWAY,2819119,T. Sedláková,SF,1626810,C. Aldecoa Rodriguez,SF,1678734,M. Llorente Ruiz,SF,1778980,I. Losada Gonzalez-Babe,SF,2151019,N. Padrosa Mons,SF,2.1,125.0,4.0,1.0,3.0,76.8,19.2,57.6
2480111,1,981356,BOSONIT UNIBASKET,AWAY,2819119,T. Sedláková,SF,1626810,C. Aldecoa Rodriguez,SF,2735759,L. Van Schaik,SF,1821692,M. Alonso Guadaño,SF,1834784,E. Florez Pascual,SF,4.3,256.0,9.0,6.0,3.0,84.4,56.2,28.1
2480111,1,981356,BOSONIT UNIBASKET,AWAY,2819119,T. Sedláková,SF,1678734,M. Llorente Ruiz,SF,1778980,I. Losada Gonzalez-Babe,SF,2151019,N. Padrosa Mons,SF,1821692,M. Alonso Guadaño,SF,0.8,47.0,2.0,0.0,2.0,102.1,0.0,102.1
2480111,1,981356,BOSONIT UNIBASKET,AWAY,2819119,T. Sedláková,SF,1678734,M. Llorente Ruiz,SF,2735759,L. Van Schaik,SF,2151019,N. Padrosa Mons,SF,1834784,E. Florez Pascual,SF,1.1,65.0,6.0,3.0,3.0,221.5,110.8,110.8
2480111,1,981356,BOSONIT UNIBASKET,AWAY,2819121,H. Forster,SF,1626810,C. Aldecoa Rodriguez,SF,1678734,M. Llorente Ruiz,SF,1778980,I. Losada Gonzalez-Babe,SF,2151019,N. Padrosa Mons,SF,1.0,65.0,1.0,0.0,1.0,36.9,0.0,36.9
2480111,1,981356,BOSONIT UNIBASKET,AWAY,2819121,H. Forster,SF,1678734,M. Llorente Ruiz,SF,1778980,I. Losada Gonzalez-Babe,SF,2735759,L. Van Schaik,SF,2151019,N. Padrosa Mons,SF,1.9,115.0,2.0,4.0,-2.0,41.7,83.5,-41.7
2480111,1,981356,BOSONIT UNIBASKET,AWAY,2819121,H. Forster,SF,2819119,T. Sedláková,SF,1678734,M. Llorente Ruiz,SF,2735759,L. Van Schaik,SF,2151019,N. Padrosa Mons,SF,2.3,141.0,3.0,0.0,3.0,51.1,0.0,51.1
2480112,1,979912,DOMUSA TEKNIK ISB,HOME,1894119,S. Iparraguirre Alustiza,SF,1826917,J. Azcue Jauregui,SF,2818813,E. Lalotte,SF,2021400,M. Gutierrez Ibañez,SF,2818816,I. Araújo Gouveia Vieira,SF,2.1,127.0,2.0,1.0,1.0,37.8,18.9,18.9
2480112,1,979912,DOMUSA TEKNIK ISB,HOME,1894119,S. Iparraguirre Alustiza,SF,2364470,G. Leaupepe,SF,2145033,A. Lizundia Arozena,SF,2818813,E. Lalotte,SF,2021400,M. Gutierrez Ibañez,SF,1.0,59.0,3.0,2.0,1.0,122.0,81.4,40.7
2480112,1,979912,DOMUSA TEKNIK ISB,HOME,2364470,G. Leaupepe,SF,2145033,A. Lizundia Arozena,SF,2818813,E. Lalotte,SF,2021400,M. Gutierrez Ibañez,SF,2137901,M. Otaegi Albizu,SF,2.5,148.0,11.0,4.0,7.0,178.4,64.9,113.5
2480112,1,979912,DOMUSA TEKNIK ISB,HOME,2478361,N. Arozena Illarramendi,SF,1826917,J. Azcue Jauregui,SF,2021400,M. Gutierrez Ibañez,SF,2137901,M. Otaegi Albizu,SF,2818816,I. Araújo Gouveia Vieira,SF,1.1,64.0,2.0,4.0,-2.0,75.0,150.0,-75.0
2480112,1,979912,DOMUSA TEKNIK ISB,HOME,2478361,N. Arozena Illarramendi,SF,1894119,S. Iparraguirre Alustiza,SF,2145033,A. Lizundia Arozena,SF,2021400,M. Gutierrez Ibañez,SF,2137901,M. Otaegi Albizu,SF,1.5,88.0,0.0,6.0,-6.0,0.0,163.6,-163.6
2480112,1,979912,DOMUSA TEKNIK ISB,HOME,2478361,N. Arozena Illarramendi,SF,1894119,S. Iparraguirre Alustiza,SF,2145033,A. Lizundia Arozena,SF,2818813,E. Lalotte,SF,2818816,I. Araújo Gouveia Vieira,SF,1.9,115.0,2.0,5.0,-3.0,41.7,104.3,-62.6
2480112,1,979912,DOMUSA TEKNIK ISB,HOME,2478361,N. Arozena Illarramendi,SF,2145033,A. Lizundia Arozena,SF,2021400,M. Gutierrez Ibañez,SF,2137901,M. Otaegi Albizu,SF,2818816,I. Araújo Gouveia Vieira,SF,1.5,89.0,0.0,2.0,-2.0,0.0,53.9,-53.9
2480112,1,979912,DOMUSA TEKNIK ISB,HOME,2478361,N. Arozena Illarramendi,SF,2364470,G. Leaupepe,SF,2145033,A. Lizundia Arozena,SF,2818813,E. Lalotte,SF,2137901,M. Otaegi Albizu,SF,1.4,81.0,4.0,2.0,2.0,118.5,59.3,59.3
2480112,1,979912,DOMUSA TEKNIK ISB,HOME,2735761,B. Tomancova,SF,2364470,G. Leaupepe,SF,1826917,J. Azcue Jauregui,SF,2021400,M. Gutierrez Ibañez,SF,2137901,M. Otaegi Albizu,SF,4.1,240.0,6.0,4.0,2.0,60.0,40.0,20.0
2480112,1,979912,DOMUSA TEKNIK ISB,HOME,2735761,B. Tomancova,SF,2364470,G. Leaupepe,SF,1826917,J. Azcue Jauregui,SF,2021400,M. Gutierrez Ibañez,SF,2818816,I. Araújo Gouveia Vieira,SF,1.6,97.0,8.0,2.0,6.0,197.9,49.5,148.5
2480112,1,979912,DOMUSA TEKNIK ISB,HOME,2818717,S. Van,SF,1894119,S. Iparraguirre Alustiza,SF,1826917,J. Azcue Jauregui,SF,2818813,E. Lalotte,SF,2818816,I. Araújo Gouveia Vieira,SF,0.7,44.0,2.0,0.0,2.0,109.1,0.0,109.1
2480112,1,979912,DOMUSA TEKNIK ISB,HOME,2818717,S. Van,SF,1894119,S. Iparraguirre Alustiza,SF,2145033,A. Lizundia Arozena,SF,2818813,E. Lalotte,SF,2818816,I. Araújo Gouveia Vieira,SF,4.1,246.0,11.0,10.0,1.0,107.3,97.6,9.8
2480112,1,979912,DOMUSA TEKNIK ISB,HOME,2818717,S. Van,SF,1894119,S. Iparraguirre Alustiza,SF,2364470,G. Leaupepe,SF,1826917,J. Azcue Jauregui,SF,2818813,E. Lalotte,SF,0.4,26.0,0.0,0.0,0.0,0.0,0.0,0.0
2480112,1,979912,DOMUSA TEKNIK ISB,HOME,2818717,S. Van,SF,1894119,S. Iparraguirre Alustiza,SF,2364470,G. Leaupepe,SF,2145033,A. Lizundia Arozena,SF,2818813,E. Lalotte,SF,0.4,25.0,2.0,1.0,1.0,192.0,96.0,96.0
2480112,1,979912,DOMUSA TEKNIK ISB,HOME,2818717,S. Van,SF,1894119,S. Iparraguirre Alustiza,SF,2735761,B. Tomancova,SF,1826917,J. Azcue Jauregui,SF,2818816,I. Araújo Gouveia Vieira,SF,1.4,86.0,4.0,2.0,2.0,111.6,55.8,55.8
2480112,1,979912,DOMUSA TEKNIK ISB,HOME,2818717,S. Van,SF,1894119,S. Iparraguirre Alustiza,SF,2735761,B. Tomancova,SF,2364470,G. Leaupepe,SF,1826917,J. Azcue Jauregui,SF,2.5,150.0,2.0,5.0,-3.0,32.0,80.0,-48.0
2480112,1,979912,DOMUSA TEKNIK ISB,HOME,2818717,S. Van,SF,2478361,N. Arozena Illarramendi,SF,1894119,S. Iparraguirre Alustiza,SF,2145033,A. Lizundia Arozena,SF,2818816,I. Araújo Gouveia Vieira,SF,1.7,100.0,2.0,3.0,-1.0,48.0,72.0,-24.0
2480112,1,979912,DOMUSA TEKNIK ISB,HOME,2818717,S. Van,SF,2735761,B. Tomancova,SF,1826917,J. Azcue Jauregui,SF,2137901,M. Otaegi Albizu,SF,2818816,I. Araújo Gouveia Vieira,SF,2.1,125.0,5.0,0.0,5.0,96.0,0.0,96.0
2480112,1,979912,DOMUSA TEKNIK ISB,HOME,2818717,S. Van,SF,2735761,B. Tomancova,SF,1894119,S. Iparraguirre Alustiza,SF,1826917,J. Azcue Jauregui,SF,2818816,I. Araújo Gouveia Vieira,SF,6.4,385.0,12.0,9.0,3.0,74.8,56.1,18.7
2480112,1,979912,DOMUSA TEKNIK ISB,HOME,2818717,S. Van,SF,2735761,B. Tomancova,SF,1894119,S. Iparraguirre Alustiza,SF,2145033,A. Lizundia Arozena,SF,2818816,I. Araújo Gouveia Vieira,SF,0.7,43.0,0.0,2.0,-2.0,0.0,111.6,-111.6
2480112,1,979912,DOMUSA TEKNIK ISB,HOME,2818717,S. Van,SF,2735761,B. Tomancova,SF,1894119,S. Iparraguirre Alustiza,SF,2364470,G. Leaupepe,SF,2145033,A. Lizundia Arozena,SF,1.0,62.0,3.0,3.0,0.0,116.1,116.1,0.0
2480112,1,981242,C.B. SANTFELIUENC,AWAY,2056237,L. Salmeron Segu,SF,2082062,A. Coulibaly Garcia,SF,2190844,S. Pares Vilaseca,SF,2816669,A. Marotte,SF,2816051,E. Tenbrock,SF,1.4,81.0,2.0,4.0,-2.0,59.3,118.5,-59.3
2480112,1,981242,C.B. SANTFELIUENC,AWAY,2056237,L. Salmeron Segu,SF,2155489,X. Salzmann Romeu,SF,2082062,A. Coulibaly Garcia,SF,2190844,S. Pares Vilaseca,SF,2816051,E. Tenbrock,SF,1.9,115.0,5.0,2.0,3.0,104.3,41.7,62.6
2480112,1,981242,C.B. SANTFELIUENC,AWAY,2056237,L. Salmeron Segu,SF,2155489,X. Salzmann Romeu,SF,2748944,A. Meite,SF,2190844,S. Pares Vilaseca,SF,2816669,A. Marotte,SF,2.8,168.0,4.0,2.0,2.0,57.1,28.6,28.6
2480112,1,981242,C.B. SANTFELIUENC,AWAY,2056237,L. Salmeron Segu,SF,2748944,A. Meite,SF,2155489,X. Salzmann Romeu,SF,2190844,S. Pares Vilaseca,SF,2816051,E. Tenbrock,SF,3.0,177.0,6.0,11.0,-5.0,81.4,149.2,-67.8
2480112,1,981242,C.B. SANTFELIUENC,AWAY,2056237,L. Salmeron Segu,SF,2748944,A. Meite,SF,2155489,X. Salzmann Romeu,SF,2190844,S. Pares Vilaseca,SF,2816669,A. Marotte,SF,3.6,217.0,11.0,10.0,1.0,121.7,110.6,11.1
2480112,1,981242,C.B. SANTFELIUENC,AWAY,2056237,L. Salmeron Segu,SF,2816053,A. Tibe,SF,2748944,A. Meite,SF,2190844,S. Pares Vilaseca,SF,2816669,A. Marotte,SF,2.0,118.0,2.0,2.0,0.0,40.7,40.7,0.0
2480112,1,981242,C.B. SANTFELIUENC,AWAY,2082062,A. Coulibaly Garcia,SF,2190844,S. Pares Vilaseca,SF,2816669,A. Marotte,SF,2073654,C. Gil Abad,SF,2816051,E. Tenbrock,SF,1.6,94.0,2.0,2.0,0.0,51.1,51.1,0.0
2480112,1,981242,C.B. SANTFELIUENC,AWAY,2151715,J. Nogués Martí,SF,2056237,L. Salmeron Segu,SF,2050086,M. Muñoz Moyano,SF,2748944,A. Meite,SF,2155489,X. Salzmann Romeu,SF,0.2,12.0,0.0,0.0,0.0,0.0,0.0,0.0
2480112,1,981242,C.B. SANTFELIUENC,AWAY,2151715,J. Nogués Martí,SF,2056237,L. Salmeron Segu,SF,2050086,M. Muñoz Moyano,SF,2816053,A. Tibe,SF,2748944,A. Meite,SF,0.4,24.0,0.0,0.0,0.0,0.0,0.0,0.0
2480112,1,981242,C.B. SANTFELIUENC,AWAY,2151715,J. Nogués Martí,SF,2056237,L. Salmeron Segu,SF,2050086,M. Muñoz Moyano,SF,2821134,D. Nikolic,SF,2748944,A. Meite,SF,0.1,8.0,0.0,0.0,0.0,0.0,0.0,0.0
2480112,1,981242,C.B. SANTFELIUENC,AWAY,2151715,J. Nogués Martí,SF,2056237,L. Salmeron Segu,SF,2155489,X. Salzmann Romeu,SF,2748944,A. Meite,SF,2190844,S. Pares Vilaseca,SF,0.9,57.0,0.0,2.0,-2.0,0.0,84.2,-84.2
2480112,1,981242,C.B. SANTFELIUENC,AWAY,2151715,J. Nogués Martí,SF,2056237,L. Salmeron Segu,SF,2748944,A. Meite,SF,2155489,X. Salzmann Romeu,SF,2816669,A. Marotte,SF,1.8,111.0,2.0,4.0,-2.0,43.2,86.5,-43.2
2480112,1,981242,C.B. SANTFELIUENC,AWAY,2151715,J. Nogués Martí,SF,2056237,L. Salmeron Segu,SF,2748944,A. Meite,SF,2816669,A. Marotte,SF,2816051,E. Tenbrock,SF,2.0,119.0,5.0,7.0,-2.0,100.8,141.2,-40.3
2480112,1,981242,C.B. SANTFELIUENC,AWAY,2151715,J. Nogués Martí,SF,2056237,L. Salmeron Segu,SF,2816053,A. Tibe,SF,2155489,X. Salzmann Romeu,SF,2816051,E. Tenbrock,SF,2.4,143.0,5.0,2.0,3.0,83.9,33.6,50.3
2480112,1,981242,C.B. SANTFELIUENC,AWAY,2151715,J. Nogués Martí,SF,2056237,L. Salmeron Segu,SF,2816053,A. Tibe,SF,2816669,A. Marotte,SF,2816051,E. Tenbrock,SF,4.1,250.0,5.0,12.0,-7.0,48.0,115.2,-67.2
2480112,1,981242,C.B. SANTFELIUENC,AWAY,2151715,J. Nogués Martí,SF,2821134,D. Nikolic,SF,2155489,X. Salzmann Romeu,SF,2816669,A. Marotte,SF,2073654,C. Gil Abad,SF,0.3,17.0,0.0,4.0,-4.0,0.0,564.7,-564.7
2480112,1,981242,C.B. SANTFELIUENC,AWAY,2151715,J. Nogués Martí,SF,2821134,D. Nikolic,SF,2748944,A. Meite,SF,2155489,X. Salzmann Romeu,SF,2073654,C. Gil Abad,SF,1.5,88.0,6.0,0.0,6.0,163.6,0.0,163.6
2480112,1,981242,C.B. SANTFELIUENC,AWAY,2151715,J. Nogués Martí,SF,2821134,D. Nikolic,SF,2816053,A. Tibe,SF,2155489,X. Salzmann Romeu,SF,2073654,C. Gil Abad,SF,3.7,216.0,6.0,5.0,1.0,66.7,55.6,11.1
2480112,1,981242,C.B. SANTFELIUENC,AWAY,2155489,X. Salzmann Romeu,SF,2082062,A. Coulibaly Garcia,SF,2190844,S. Pares Vilaseca,SF,2816669,A. Marotte,SF,2073654,C. Gil Abad,SF,0.8,46.0,0.0,0.0,0.0,0.0,0.0,0.0
2480112,1,981242,C.B. SANTFELIUENC,AWAY,2748944,A. Meite,SF,2190844,S. Pares Vilaseca,SF,2816669,A. Marotte,SF,2073654,C. Gil Abad,SF,2816051,E. Tenbrock,SF,1.6,97.0,2.0,2.0,0.0,49.5,49.5,0.0
2480112,1,981242,C.B. SANTFELIUENC,AWAY,2821134,D. Nikolic,SF,2155489,X. Salzmann Romeu,SF,2190844,S. Pares Vilaseca,SF,2816669,A. Marotte,SF,2073654,C. Gil Abad,SF,3.0,180.0,4.0,8.0,-4.0,53.3,106.7,-53.3
2480112,1,981242,C.B. SANTFELIUENC,AWAY,2821134,D. Nikolic,SF,2748944,A. Meite,SF,2190844,S. Pares Vilaseca,SF,2816669,A. Marotte,SF,2073654,C. Gil Abad,SF,1.0,62.0,0.0,2.0,-2.0,0.0,77.4,-77.4
2480113,2,981206,MCR LIMA-HORTA BARCELONA,AWAY,1908281,M. Aguado Tortella,SF,1958425,L. Roig I Salrach,SF,2828941,K. Clark,SF,2642945,B. Chasco Maso,SF,1912814,N. Barrientos Pereira,SF,1.2,75.0,2.0,5.0,-3.0,64.0,160.0,-96.0
2480113,2,981206,MCR LIMA-HORTA BARCELONA,AWAY,1908281,M. Aguado Tortella,SF,2828941,K. Clark,SF,1959765,J. Rueda Choni,SF,2642945,B. Chasco Maso,SF,2042157,C. Ripoll Moya,SF,2.0,123.0,2.0,4.0,-2.0,39.0,78.0,-39.0
2480113,2,981206,MCR LIMA-HORTA BARCELONA,AWAY,2049841,E. Trawally Porta,SF,1908281,M. Aguado Tortella,SF,1958425,L. Roig I Salrach,SF,2642945,B. Chasco Maso,SF,2042157,C. Ripoll Moya,SF,3.2,193.0,6.0,4.0,2.0,74.6,49.7,24.9
2480113,2,981206,MCR LIMA-HORTA BARCELONA,AWAY,2049841,E. Trawally Porta,SF,1908281,M. Aguado Tortella,SF,1958425,L. Roig I Salrach,SF,2828941,K. Clark,SF,1912814,N. Barrientos Pereira,SF,2.0,122.0,1.0,5.0,-4.0,19.7,98.4,-78.7
2480113,2,981206,MCR LIMA-HORTA BARCELONA,AWAY,2049841,E. Trawally Porta,SF,1908281,M. Aguado Tortella,SF,1959765,J. Rueda Choni,SF,2642945,B. Chasco Maso,SF,2042157,C. Ripoll Moya,SF,0.8,53.0,1.0,0.0,1.0,45.3,0.0,45.3
2480113,2,981206,MCR LIMA-HORTA BARCELONA,AWAY,2049841,E. Trawally Porta,SF,1968768,I. Subirats Teruel,SF,1959765,J. Rueda Choni,SF,2642945,B. Chasco Maso,SF,1912814,N. Barrientos Pereira,SF,3.1,186.0,6.0,0.0,6.0,77.4,0.0,77.4
2480113,2,981206,MCR LIMA-HORTA BARCELONA,AWAY,2049841,E. Trawally Porta,SF,1968768,I. Subirats Teruel,SF,1959765,J. Rueda Choni,SF,2642945,B. Chasco Maso,SF,2042157,C. Ripoll Moya,SF,0.3,17.0,0.0,0.0,0.0,0.0,0.0,0.0
2480113,2,981206,MCR LIMA-HORTA BARCELONA,AWAY,2235190,E. Morales López,SF,1908281,M. Aguado Tortella,SF,1958425,L. Roig I Salrach,SF,1886093,E. Escuder Gonzalez,SF,1912814,N. Barrientos Pereira,SF,0.7,39.0,0.0,2.0,-2.0,0.0,123.1,-123.1
2480113,2,981206,MCR LIMA-HORTA BARCELONA,AWAY,2235190,E. Morales López,SF,1908281,M. Aguado Tortella,SF,1958425,L. Roig I Salrach,SF,1968768,I. Subirats Teruel,SF,1912814,N. Barrientos Pereira,SF,0.7,43.0,0.0,6.0,-6.0,0.0,334.9,-334.9
2480113,2,981206,MCR LIMA-HORTA BARCELONA,AWAY,2235190,E. Morales López,SF,1908281,M. Aguado Tortella,SF,1958425,L. Roig I Salrach,SF,1968768,I. Subirats Teruel,SF,2642945,B. Chasco Maso,SF,0.5,32.0,2.0,0.0,2.0,150.0,0.0,150.0
2480113,2,981206,MCR LIMA-HORTA BARCELONA,AWAY,2235190,E. Morales López,SF,1908281,M. Aguado Tortella,SF,1959765,J. Rueda Choni,SF,1886093,E. Escuder Gonzalez,SF,1912814,N. Barrientos Pereira,SF,0.5,30.0,1.0,3.0,-2.0,80.0,240.0,-160.0
2480113,2,981206,MCR LIMA-HORTA BARCELONA,AWAY,2235190,E. Morales López,SF,1908281,M. Aguado Tortella,SF,1959765,J. Rueda Choni,SF,1912814,N. Barrientos Pereira,SF,2042157,C. Ripoll Moya,SF,0.4,22.0,1.0,0.0,1.0,109.1,0.0,109.1
2480113,2,981206,MCR LIMA-HORTA BARCELONA,AWAY,2235190,E. Morales López,SF,1908281,M. Aguado Tortella,SF,1959765,J. Rueda Choni,SF,1968768,I. Subirats Teruel,SF,2642945,B. Chasco Maso,SF,1.4,85.0,2.0,1.0,1.0,56.5,28.2,28.2
2480113,2,981206,MCR LIMA-HORTA BARCELONA,AWAY,2235190,E. Morales López,SF,1908281,M. Aguado Tortella,SF,2828941,K. Clark,SF,1958425,L. Roig I Salrach,SF,2042157,C. Ripoll Moya,SF,0.1,4.0,2.0,0.0,2.0,1200.0,0.0,1200.0
2480113,2,981206,MCR LIMA-HORTA BARCELONA,AWAY,2235190,E. Morales López,SF,1959765,J. Rueda Choni,SF,1968768,I. Subirats Teruel,SF,2642945,B. Chasco Maso,SF,2042157,C. Ripoll Moya,SF,1.3,78.0,0.0,3.0,-3.0,0.0,92.3,-92.3
2480113,2,981206,MCR LIMA-HORTA BARCELONA,AWAY,2235190,E. Morales López,SF,2049841,E. Trawally Porta,SF,1908281,M. Aguado Tortella,SF,1958425,L. Roig I Salrach,SF,1912814,N. Barrientos Pereira,SF,1.9,114.0,2.0,0.0,2.0,42.1,0.0,42.1
2480113,2,981206,MCR LIMA-HORTA BARCELONA,AWAY,2235190,E. Morales López,SF,2049841,E. Trawally Porta,SF,1908281,M. Aguado Tortella,SF,1958425,L. Roig I Salrach,SF,1959765,J. Rueda Choni,SF,1.0,56.0,2.0,2.0,0.0,85.7,85.7,0.0
2480113,2,981206,MCR LIMA-HORTA BARCELONA,AWAY,2235190,E. Morales López,SF,2049841,E. Trawally Porta,SF,1908281,M. Aguado Tortella,SF,1958425,L. Roig I Salrach,SF,1968768,I. Subirats Teruel,SF,0.7,44.0,0.0,0.0,0.0,0.0,0.0,0.0
2480113,2,981206,MCR LIMA-HORTA BARCELONA,AWAY,2235190,E. Morales López,SF,2049841,E. Trawally Porta,SF,1908281,M. Aguado Tortella,SF,1958425,L. Roig I Salrach,SF,2042157,C. Ripoll Moya,SF,1.0,61.0,2.0,0.0,2.0,78.7,0.0,78.7
2480113,2,981206,MCR LIMA-HORTA BARCELONA,AWAY,2235190,E. Morales López,SF,2049841,E. Trawally Porta,SF,1908281,M. Aguado Tortella,SF,1959765,J. Rueda Choni,SF,1912814,N. Barrientos Pereira,SF,2.9,177.0,9.0,6.0,3.0,122.0,81.4,40.7
2480113,2,981206,MCR LIMA-HORTA BARCELONA,AWAY,2235190,E. Morales López,SF,2049841,E. Trawally Porta,SF,1908281,M. Aguado Tortella,SF,1959765,J. Rueda Choni,SF,2042157,C. Ripoll Moya,SF,3.7,227.0,3.0,2.0,1.0,31.7,21.1,10.6
2480113,2,981206,MCR LIMA-HORTA BARCELONA,AWAY,2235190,E. Morales López,SF,2049841,E. Trawally Porta,SF,1908281,M. Aguado Tortella,SF,1968768,I. Subirats Teruel,SF,1959765,J. Rueda Choni,SF,0.8,49.0,0.0,0.0,0.0,0.0,0.0,0.0
2480113,2,981206,MCR LIMA-HORTA BARCELONA,AWAY,2235190,E. Morales López,SF,2049841,E. Trawally Porta,SF,1958425,L. Roig I Salrach,SF,1968768,I. Subirats Teruel,SF,1959765,J. Rueda Choni,SF,0.1,6.0,2.0,0.0,2.0,800.0,0.0,800.0
2480113,2,981206,MCR LIMA-HORTA BARCELONA,AWAY,2235190,E. Morales López,SF,2049841,E. Trawally Porta,SF,1958425,L. Roig I Salrach,SF,1968768,I. Subirats Teruel,SF,2042157,C. Ripoll Moya,SF,2.4,143.0,5.0,3.0,2.0,83.9,50.3,33.6
2480113,2,981206,MCR LIMA-HORTA BARCELONA,AWAY,2235190,E. Morales López,SF,2049841,E. Trawally Porta,SF,1959765,J. Rueda Choni,SF,1968768,I. Subirats Teruel,SF,2042157,C. Ripoll Moya,SF,3.8,228.0,7.0,3.0,4.0,73.7,31.6,42.1
2480113,2,981206,MCR LIMA-HORTA BARCELONA,AWAY,2828941,K. Clark,SF,1958425,L. Roig I Salrach,SF,1959765,J. Rueda Choni,SF,2642945,B. Chasco Maso,SF,1912814,N. Barrientos Pereira,SF,1.4,84.0,0.0,5.0,-5.0,0.0,142.9,-142.9
2480113,2,981206,MCR LIMA-HORTA BARCELONA,AWAY,2828941,K. Clark,SF,1958425,L. Roig I Salrach,SF,1968768,I. Subirats Teruel,SF,1959765,J. Rueda Choni,SF,2042157,C. Ripoll Moya,SF,0.2,15.0,0.0,0.0,0.0,0.0,0.0,0.0
2480113,2,981206,MCR LIMA-HORTA BARCELONA,AWAY,2828941,K. Clark,SF,1968768,I. Subirats Teruel,SF,1959765,J. Rueda Choni,SF,2642945,B. Chasco Maso,SF,2042157,C. Ripoll Moya,SF,1.6,94.0,5.0,3.0,2.0,127.7,76.6,51.1
2480113,2,981242,C.B. SANTFELIUENC,HOME,2056237,L. Salmeron Segu,SF,2151715,J. Nogués Martí,SF,1752455,I. Conde Duran,SF,2073654,C. Gil Abad,SF,2816051,E. Tenbrock,SF,0.3,16.0,2.0,2.0,0.0,300.0,300.0,0.0
2480113,2,981242,C.B. SANTFELIUENC,HOME,2056237,L. Salmeron Segu,SF,2151715,J. Nogués Martí,SF,2155489,X. Salzmann Romeu,SF,1752455,I. Conde Duran,SF,2816051,E. Tenbrock,SF,1.7,106.0,2.0,2.0,0.0,45.3,45.3,0.0
2480113,2,981242,C.B. SANTFELIUENC,HOME,2056237,L. Salmeron Segu,SF,2151715,J. Nogués Martí,SF,2155489,X. Salzmann Romeu,SF,2816669,A. Marotte,SF,1752455,I. Conde Duran,SF,3.3,197.0,5.0,7.0,-2.0,60.9,85.3,-24.4
2480113,2,981242,C.B. SANTFELIUENC,HOME,2056237,L. Salmeron Segu,SF,2151715,J. Nogués Martí,SF,2748944,A. Meite,SF,2155489,X. Salzmann Romeu,SF,2816669,A. Marotte,SF,2.3,143.0,9.0,5.0,4.0,151.0,83.9,67.1
2480113,2,981242,C.B. SANTFELIUENC,HOME,2056237,L. Salmeron Segu,SF,2151715,J. Nogués Martí,SF,2748944,A. Meite,SF,2816669,A. Marotte,SF,2073654,C. Gil Abad,SF,0.1,5.0,0.0,0.0,0.0,0.0,0.0,0.0
2480113,2,981242,C.B. SANTFELIUENC,HOME,2056237,L. Salmeron Segu,SF,2151715,J. Nogués Martí,SF,2816053,A. Tibe,SF,2748944,A. Meite,SF,2816669,A. Marotte,SF,1.1,67.0,0.0,2.0,-2.0,0.0,71.6,-71.6
2480113,2,981242,C.B. SANTFELIUENC,HOME,2056237,L. Salmeron Segu,SF,2151715,J. Nogués Martí,SF,2816053,A. Tibe,SF,2816669,A. Marotte,SF,1752455,I. Conde Duran,SF,1.3,78.0,3.0,0.0,3.0,92.3,0.0,92.3
2480113,2,981242,C.B. SANTFELIUENC,HOME,2056237,L. Salmeron Segu,SF,2151715,J. Nogués Martí,SF,2816669,A. Marotte,SF,1752455,I. Conde Duran,SF,2073654,C. Gil Abad,SF,0.8,50.0,0.0,2.0,-2.0,0.0,96.0,-96.0
2480113,2,981242,C.B. SANTFELIUENC,HOME,2056237,L. Salmeron Segu,SF,2151715,J. Nogués Martí,SF,2821134,D. Nikolic,SF,2748944,A. Meite,SF,2816669,A. Marotte,SF,1.5,92.0,4.0,1.0,3.0,104.3,26.1,78.3
2480113,2,981242,C.B. SANTFELIUENC,HOME,2056237,L. Salmeron Segu,SF,2155489,X. Salzmann Romeu,SF,2190844,S. Pares Vilaseca,SF,2816669,A. Marotte,SF,1752455,I. Conde Duran,SF,1.3,79.0,0.0,3.0,-3.0,0.0,91.1,-91.1
2480113,2,981242,C.B. SANTFELIUENC,HOME,2056237,L. Salmeron Segu,SF,2190844,S. Pares Vilaseca,SF,1752455,I. Conde Duran,SF,2073654,C. Gil Abad,SF,2816051,E. Tenbrock,SF,1.4,82.0,0.0,4.0,-4.0,0.0,117.1,-117.1
2480113,2,981242,C.B. SANTFELIUENC,HOME,2056237,L. Salmeron Segu,SF,2748944,A. Meite,SF,2155489,X. Salzmann Romeu,SF,2190844,S. Pares Vilaseca,SF,2816669,A. Marotte,SF,1.7,103.0,2.0,3.0,-1.0,46.6,69.9,-23.3
2480113,2,981242,C.B. SANTFELIUENC,HOME,2056237,L. Salmeron Segu,SF,2748944,A. Meite,SF,2190844,S. Pares Vilaseca,SF,2816669,A. Marotte,SF,2816051,E. Tenbrock,SF,2.6,158.0,3.0,5.0,-2.0,45.6,75.9,-30.4
2480113,2,981242,C.B. SANTFELIUENC,HOME,2056237,L. Salmeron Segu,SF,2816053,A. Tibe,SF,2190844,S. Pares Vilaseca,SF,2816669,A. Marotte,SF,1752455,I. Conde Duran,SF,4.6,282.0,3.0,11.0,-8.0,25.5,93.6,-68.1
2480113,2,981242,C.B. SANTFELIUENC,HOME,2056237,L. Salmeron Segu,SF,2816053,A. Tibe,SF,2748944,A. Meite,SF,2190844,S. Pares Vilaseca,SF,2816669,A. Marotte,SF,4.7,279.0,19.0,6.0,13.0,163.4,51.6,111.8
2480113,2,981242,C.B. SANTFELIUENC,HOME,2056237,L. Salmeron Segu,SF,2816053,A. Tibe,SF,2816669,A. Marotte,SF,1752455,I. Conde Duran,SF,2073654,C. Gil Abad,SF,1.2,72.0,0.0,1.0,-1.0,0.0,33.3,-33.3
2480113,2,981242,C.B. SANTFELIUENC,HOME,2056237,L. Salmeron Segu,SF,2821134,D. Nikolic,SF,2748944,A. Meite,SF,2190844,S. Pares Vilaseca,SF,2816669,A. Marotte,SF,1.4,85.0,1.0,2.0,-1.0,28.2,56.5,-28.2
2480113,2,981242,C.B. SANTFELIUENC,HOME,2151715,J. Nogués Martí,SF,2056237,L. Salmeron Segu,SF,2155489,X. Salzmann Romeu,SF,2816669,A. Marotte,SF,1752455,I. Conde Duran,SF,1.3,76.0,2.0,4.0,-2.0,63.2,126.3,-63.2
2480113,2,981242,C.B. SANTFELIUENC,HOME,2151715,J. Nogués Martí,SF,2056237,L. Salmeron Segu,SF,2816053,A. Tibe,SF,2816669,A. Marotte,SF,1752455,I. Conde Duran,SF,1.4,82.0,0.0,0.0,0.0,0.0,0.0,0.0
2480113,2,981242,C.B. SANTFELIUENC,HOME,2151715,J. Nogués Martí,SF,2816053,A. Tibe,SF,2748944,A. Meite,SF,2816669,A. Marotte,SF,2073654,C. Gil Abad,SF,0.3,21.0,0.0,1.0,-1.0,0.0,114.3,-114.3
2480113,2,981242,C.B. SANTFELIUENC,HOME,2151715,J. Nogués Martí,SF,2816053,A. Tibe,SF,2816669,A. Marotte,SF,1752455,I. Conde Duran,SF,2073654,C. Gil Abad,SF,1.0,60.0,0.0,2.0,-2.0,0.0,80.0,-80.0
2480113,2,981242,C.B. SANTFELIUENC,HOME,2816053,A. Tibe,SF,2190844,S. Pares Vilaseca,SF,2816669,A. Marotte,SF,1752455,I. Conde Duran,SF,2073654,C. Gil Abad,SF,4.0,245.0,2.0,0.0,2.0,19.6,0.0,19.6
2480113,2,981242,C.B. SANTFELIUENC,HOME,2816053,A. Tibe,SF,2748944,A. Meite,SF,2190844,S. Pares Vilaseca,SF,2816669,A. Marotte,SF,2073654,C. Gil Abad,SF,0.4,22.0,0.0,0.0,0.0,0.0,0.0,0.0
2480114,2,979912,DOMUSA TEKNIK ISB,AWAY,2021400,M. Gutierrez Ibañez,SF,2145033,A. Lizundia Arozena,SF,2818813,E. Lalotte,SF,2137901,M. Otaegi Albizu,SF,2818816,I. Araújo Gouveia Vieira,SF,0.6,37.0,0.0,1.0,-1.0,0.0,64.9,-64.9
2480114,2,979912,DOMUSA TEKNIK ISB,AWAY,2364470,G. Leaupepe,SF,1826917,J. Azcue Jauregui,SF,2021400,M. Gutierrez Ibañez,SF,2818813,E. Lalotte,SF,2818816,I. Araújo Gouveia Vieira,SF,1.8,109.0,1.0,5.0,-4.0,22.0,110.1,-88.1
2480114,2,979912,DOMUSA TEKNIK ISB,AWAY,2364470,G. Leaupepe,SF,2021400,M. Gutierrez Ibañez,SF,2145033,A. Lizundia Arozena,SF,2818813,E. Lalotte,SF,2818816,I. Araújo Gouveia Vieira,SF,0.6,36.0,0.0,2.0,-2.0,0.0,133.3,-133.3
2480114,2,979912,DOMUSA TEKNIK ISB,AWAY,2364470,G. Leaupepe,SF,2145033,A. Lizundia Arozena,SF,2818813,E. Lalotte,SF,2021400,M. Gutierrez Ibañez,SF,2818816,I. Araújo Gouveia Vieira,SF,1.8,105.0,2.0,0.0,2.0,45.7,0.0,45.7
2480114,2,979912,DOMUSA TEKNIK ISB,AWAY,2735761,B. Tomancova,SF,2364470,G. Leaupepe,SF,1826917,J. Azcue Jauregui,SF,2021400,M. Gutierrez Ibañez,SF,2818816,I. Araújo Gouveia Vieira,SF,5.5,330.0,9.0,7.0,2.0,65.5,50.9,14.5
2480114,2,979912,DOMUSA TEKNIK ISB,AWAY,2735761,B. Tomancova,SF,2364470,G. Leaupepe,SF,2021400,M. Gutierrez Ibañez,SF,1826917,J. Azcue Jauregui,SF,2145033,A. Lizundia Arozena,SF,1.8,105.0,0.0,4.0,-4.0,0.0,91.4,-91.4
2480114,2,979912,DOMUSA TEKNIK ISB,AWAY,2735761,B. Tomancova,SF,2364470,G. Leaupepe,SF,2021400,M. Gutierrez Ibañez,SF,2145033,A. Lizundia Arozena,SF,2818816,I. Araújo Gouveia Vieira,SF,0.4,23.0,3.0,0.0,3.0,313.0,0.0,313.0
2480114,2,979912,DOMUSA TEKNIK ISB,AWAY,2735761,B. Tomancova,SF,2364470,G. Leaupepe,SF,2145033,A. Lizundia Arozena,SF,2021400,M. Gutierrez Ibañez,SF,2818816,I. Araújo Gouveia Vieira,SF,1.1,67.0,2.0,2.0,0.0,71.6,71.6,0.0
2480114,2,979912,DOMUSA TEKNIK ISB,AWAY,2818717,S. Van,SF,1826917,J. Azcue Jauregui,SF,2818813,E. Lalotte,SF,2137901,M. Otaegi Albizu,SF,2818816,I. Araújo Gouveia Vieira,SF,2.3,139.0,4.0,5.0,-1.0,69.1,86.3,-17.3
2480114,2,979912,DOMUSA TEKNIK ISB,AWAY,2818717,S. Van,SF,2145033,A. Lizundia Arozena,SF,2818813,E. Lalotte,SF,2137901,M. Otaegi Albizu,SF,2818816,I. Araújo Gouveia Vieira,SF,4.9,301.0,4.0,6.0,-2.0,31.9,47.8,-15.9
2480114,2,979912,DOMUSA TEKNIK ISB,AWAY,2818717,S. Van,SF,2364470,G. Leaupepe,SF,2145033,A. Lizundia Arozena,SF,2818813,E. Lalotte,SF,2021400,M. Gutierrez Ibañez,SF,1.7,102.0,0.0,4.0,-4.0,0.0,94.1,-94.1
2480114,2,979912,DOMUSA TEKNIK ISB,AWAY,2818717,S. Van,SF,2364470,G. Leaupepe,SF,2145033,A. Lizundia Arozena,SF,2818813,E. Lalotte,SF,2137901,M. Otaegi Albizu,SF,1.7,103.0,5.0,0.0,5.0,116.5,0.0,116.5
2480114,2,979912,DOMUSA TEKNIK ISB,AWAY,2818717,S. Van,SF,2735761,B. Tomancova,SF,1826917,J. Azcue Jauregui,SF,2137901,M. Otaegi Albizu,SF,2818816,I. Araújo Gouveia Vieira,SF,4.3,259.0,13.0,5.0,8.0,120.5,46.3,74.1
2480114,2,979912,DOMUSA TEKNIK ISB,AWAY,2818717,S. Van,SF,2735761,B. Tomancova,SF,1826917,J. Azcue Jauregui,SF,2145033,A. Lizundia Arozena,SF,2818816,I. Araújo Gouveia Vieira,SF,2.4,141.0,4.0,3.0,1.0,68.1,51.1,17.0
2480114,2,979912,DOMUSA TEKNIK ISB,AWAY,2818717,S. Van,SF,2735761,B. Tomancova,SF,2145033,A. Lizundia Arozena,SF,1826917,J. Azcue Jauregui,SF,2818816,I. Araújo Gouveia Vieira,SF,1.5,91.0,2.0,2.0,0.0,52.7,52.7,0.0
2480114,2,979912,DOMUSA TEKNIK ISB,AWAY,2818717,S. Van,SF,2735761,B. Tomancova,SF,2145033,A. Lizundia Arozena,SF,2137901,M. Otaegi Albizu,SF,2818816,I. Araújo Gouveia Vieira,SF,5.1,311.0,12.0,7.0,5.0,92.6,54.0,38.6
2480114,2,979912,DOMUSA TEKNIK ISB,AWAY,2818717,S. Van,SF,2735761,B. Tomancova,SF,2364470,G. Leaupepe,SF,1826917,J. Azcue Jauregui,SF,2137901,M. Otaegi Albizu,SF,2.4,141.0,6.0,2.0,4.0,102.1,34.0,68.1
2480114,2,981356,BOSONIT UNIBASKET,HOME,1626810,C. Aldecoa Rodriguez,SF,1678734,M. Llorente Ruiz,SF,2819121,H. Forster,SF,1778980,I. Losada Gonzalez-Babe,SF,2151019,N. Padrosa Mons,SF,3.1,184.0,4.0,3.0,1.0,52.2,39.1,13.0
2480114,2,981356,BOSONIT UNIBASKET,HOME,1626810,C. Aldecoa Rodriguez,SF,2819119,T. Sedláková,SF,1678734,M. Llorente Ruiz,SF,1778980,I. Losada Gonzalez-Babe,SF,2151019,N. Padrosa Mons,SF,1.5,91.0,2.0,2.0,0.0,52.7,52.7,0.0
2480114,2,981356,BOSONIT UNIBASKET,HOME,1626810,C. Aldecoa Rodriguez,SF,2819119,T. Sedláková,SF,1821692,M. Alonso Guadaño,SF,1778980,I. Losada Gonzalez-Babe,SF,2151019,N. Padrosa Mons,SF,0.8,46.0,0.0,3.0,-3.0,0.0,156.5,-156.5
2480114,2,981356,BOSONIT UNIBASKET,HOME,1626810,C. Aldecoa Rodriguez,SF,2819119,T. Sedláková,SF,1834784,E. Florez Pascual,SF,1821692,M. Alonso Guadaño,SF,2151019,N. Padrosa Mons,SF,1.0,62.0,0.0,0.0,0.0,0.0,0.0,0.0
2480114,2,981356,BOSONIT UNIBASKET,HOME,1626810,C. Aldecoa Rodriguez,SF,2819121,H. Forster,SF,1678734,M. Llorente Ruiz,SF,1778980,I. Losada Gonzalez-Babe,SF,2151019,N. Padrosa Mons,SF,3.4,201.0,7.0,3.0,4.0,83.6,35.8,47.8
2480114,2,981356,BOSONIT UNIBASKET,HOME,1626810,C. Aldecoa Rodriguez,SF,2819121,H. Forster,SF,1778980,I. Losada Gonzalez-Babe,SF,2735759,L. Van Schaik,SF,2151019,N. Padrosa Mons,SF,2.7,168.0,6.0,0.0,6.0,85.7,0.0,85.7
2480114,2,981356,BOSONIT UNIBASKET,HOME,1678734,M. Llorente Ruiz,SF,2819119,T. Sedláková,SF,1778980,I. Losada Gonzalez-Babe,SF,2151019,N. Padrosa Mons,SF,1821692,M. Alonso Guadaño,SF,0.2,13.0,3.0,2.0,1.0,553.8,369.2,184.6
2480114,2,981356,BOSONIT UNIBASKET,HOME,1834784,E. Florez Pascual,SF,1626810,C. Aldecoa Rodriguez,SF,2819119,T. Sedláková,SF,1678734,M. Llorente Ruiz,SF,2151019,N. Padrosa Mons,SF,1.3,77.0,0.0,2.0,-2.0,0.0,62.3,-62.3
2480114,2,981356,BOSONIT UNIBASKET,HOME,1834784,E. Florez Pascual,SF,1626810,C. Aldecoa Rodriguez,SF,2819119,T. Sedláková,SF,2735759,L. Van Schaik,SF,1821692,M. Alonso Guadaño,SF,3.5,205.0,5.0,9.0,-4.0,58.5,105.4,-46.8
2480114,2,981356,BOSONIT UNIBASKET,HOME,1834784,E. Florez Pascual,SF,2819121,H. Forster,SF,1778980,I. Losada Gonzalez-Babe,SF,2735759,L. Van Schaik,SF,1821692,M. Alonso Guadaño,SF,3.5,208.0,5.0,6.0,-1.0,57.7,69.2,-11.5
2480114,2,981356,BOSONIT UNIBASKET,HOME,2819119,T. Sedláková,SF,1626810,C. Aldecoa Rodriguez,SF,1678734,M. Llorente Ruiz,SF,1821692,M. Alonso Guadaño,SF,1834784,E. Florez Pascual,SF,1.9,112.0,2.0,7.0,-5.0,42.9,150.0,-107.1
2480114,2,981356,BOSONIT UNIBASKET,HOME,2819119,T. Sedláková,SF,1626810,C. Aldecoa Rodriguez,SF,2735759,L. Van Schaik,SF,1821692,M. Alonso Guadaño,SF,1834784,E. Florez Pascual,SF,1.1,63.0,0.0,2.0,-2.0,0.0,76.2,-76.2
2480114,2,981356,BOSONIT UNIBASKET,HOME,2819119,T. Sedláková,SF,1678734,M. Llorente Ruiz,SF,1778980,I. Losada Gonzalez-Babe,SF,2735759,L. Van Schaik,SF,2151019,N. Padrosa Mons,SF,0.5,27.0,1.0,0.0,1.0,88.9,0.0,88.9
2480114,2,981356,BOSONIT UNIBASKET,HOME,2819119,T. Sedláková,SF,1678734,M. Llorente Ruiz,SF,2735759,L. Van Schaik,SF,2151019,N. Padrosa Mons,SF,1834784,E. Florez Pascual,SF,1.4,88.0,2.0,2.0,0.0,54.5,54.5,0.0
2480114,2,981356,BOSONIT UNIBASKET,HOME,2819119,T. Sedláková,SF,1834784,E. Florez Pascual,SF,1678734,M. Llorente Ruiz,SF,2151019,N. Padrosa Mons,SF,1821692,M. Alonso Guadaño,SF,1.7,103.0,0.0,5.0,-5.0,0.0,116.5,-116.5
2480114,2,981356,BOSONIT UNIBASKET,HOME,2819119,T. Sedláková,SF,1834784,E. Florez Pascual,SF,1778980,I. Losada Gonzalez-Babe,SF,2735759,L. Van Schaik,SF,1821692,M. Alonso Guadaño,SF,0.8,51.0,0.0,6.0,-6.0,0.0,282.4,-282.4
2480114,2,981356,BOSONIT UNIBASKET,HOME,2819119,T. Sedláková,SF,1834784,E. Florez Pascual,SF,1821692,M. Alonso Guadaño,SF,2735759,L. Van Schaik,SF,2151019,N. Padrosa Mons,SF,2.5,153.0,4.0,7.0,-3.0,62.7,109.8,-47.1
2480114,2,981356,BOSONIT UNIBASKET,HOME,2819119,T. Sedláková,SF,1834784,E. Florez Pascual,SF,2819121,H. Forster,SF,1626810,C. Aldecoa Rodriguez,SF,1821692,M. Alonso Guadaño,SF,4.0,239.0,5.0,2.0,3.0,50.2,20.1,30.1
2480114,2,981356,BOSONIT UNIBASKET,HOME,2819119,T. Sedláková,SF,2819121,H. Forster,SF,1678734,M. Llorente Ruiz,SF,2735759,L. Van Schaik,SF,2151019,N. Padrosa Mons,SF,1.2,75.0,3.0,0.0,3.0,96.0,0.0,96.0
2480114,2,981356,BOSONIT UNIBASKET,HOME,2819121,H. Forster,SF,1678734,M. Llorente Ruiz,SF,2735759,L. Van Schaik,SF,2151019,N. Padrosa Mons,SF,1834784,E. Florez Pascual,SF,1.1,71.0,3.0,4.0,-1.0,101.4,135.2,-33.8
2480114,2,981356,BOSONIT UNIBASKET,HOME,2819121,H. Forster,SF,1778980,I. Losada Gonzalez-Babe,SF,2735759,L. Van Schaik,SF,2151019,N. Padrosa Mons,SF,1821692,M. Alonso Guadaño,SF,1.7,103.0,1.0,2.0,-1.0,23.3,46.6,-23.3
2480114,2,981356,BOSONIT UNIBASKET,HOME,2819121,H. Forster,SF,1778980,I. Losada Gonzalez-Babe,SF,2735759,L. Van Schaik,SF,2151019,N. Padrosa Mons,SF,1834784,E. Florez Pascual,SF,1.0,60.0,2.0,0.0,2.0,80.0,0.0,80.0
2480115,2,981334,UNICAJA MIJAS,HOME,1317227,C. Garcia Paunero,SF,1884837,M. Roters Dubinina,SF,2814756,C. Zimmerman,SF,2012623,S. Lo Sylla,SF,2207028,N. Merino Ruiz,SF,2.3,137.0,0.0,8.0,-8.0,0.0,140.1,-140.1
2480115,2,981334,UNICAJA MIJAS,HOME,1723860,S. Galeron Alvarez,SF,2012623,S. Lo Sylla,SF,1949233,A. Orois Aznarez,SF,2643500,C. Capellan Santana,SF,1994192,E. Moreno Fernandez,SF,0.2,12.0,1.0,0.0,1.0,200.0,0.0,200.0
2480115,2,981334,UNICAJA MIJAS,HOME,1884837,M. Roters Dubinina,SF,1317227,C. Garcia Paunero,SF,1723860,S. Galeron Alvarez,SF,2012623,S. Lo Sylla,SF,2207028,N. Merino Ruiz,SF,2.7,167.0,0.0,5.0,-5.0,0.0,71.9,-71.9
2480115,2,981334,UNICAJA MIJAS,HOME,1884837,M. Roters Dubinina,SF,1723860,S. Galeron Alvarez,SF,2012623,S. Lo Sylla,SF,1954737,E. Puiggros Rovira,SF,1994192,E. Moreno Fernandez,SF,1.9,114.0,6.0,4.0,2.0,126.3,84.2,42.1
2480115,2,981334,UNICAJA MIJAS,HOME,1884837,M. Roters Dubinina,SF,1723860,S. Galeron Alvarez,SF,2012623,S. Lo Sylla,SF,2207028,N. Merino Ruiz,SF,1949233,A. Orois Aznarez,SF,3.3,203.0,18.0,8.0,10.0,212.8,94.6,118.2
2480115,2,981334,UNICAJA MIJAS,HOME,1884837,M. Roters Dubinina,SF,2814756,C. Zimmerman,SF,2012623,S. Lo Sylla,SF,2207028,N. Merino Ruiz,SF,1994192,E. Moreno Fernandez,SF,1.5,87.0,5.0,2.0,3.0,137.9,55.2,82.8
2480115,2,981334,UNICAJA MIJAS,HOME,1884837,M. Roters Dubinina,SF,2814756,C. Zimmerman,SF,2207028,N. Merino Ruiz,SF,2109425,M. Peña Luque,SF,1994192,E. Moreno Fernandez,SF,0.2,15.0,2.0,2.0,0.0,320.0,320.0,0.0
2480115,2,981334,UNICAJA MIJAS,HOME,2096249,T. Eke Benitez,SF,1317227,C. Garcia Paunero,SF,1884837,M. Roters Dubinina,SF,2814756,C. Zimmerman,SF,2207028,N. Merino Ruiz,SF,1.7,102.0,0.0,4.0,-4.0,0.0,94.1,-94.1
2480115,2,981334,UNICAJA MIJAS,HOME,2096249,T. Eke Benitez,SF,1884837,M. Roters Dubinina,SF,1317227,C. Garcia Paunero,SF,1723860,S. Galeron Alvarez,SF,2207028,N. Merino Ruiz,SF,0.6,33.0,2.0,0.0,2.0,145.5,0.0,145.5
2480115,2,981334,UNICAJA MIJAS,HOME,2096249,T. Eke Benitez,SF,1884837,M. Roters Dubinina,SF,1723860,S. Galeron Alvarez,SF,2207028,N. Merino Ruiz,SF,1949233,A. Orois Aznarez,SF,1.9,111.0,6.0,4.0,2.0,129.7,86.5,43.2
2480115,2,981334,UNICAJA MIJAS,HOME,2096249,T. Eke Benitez,SF,1884837,M. Roters Dubinina,SF,1723860,S. Galeron Alvarez,SF,2207028,N. Merino Ruiz,SF,1994192,E. Moreno Fernandez,SF,2.6,160.0,4.0,6.0,-2.0,60.0,90.0,-30.0
2480115,2,981334,UNICAJA MIJAS,HOME,2096249,T. Eke Benitez,SF,1884837,M. Roters Dubinina,SF,1723860,S. Galeron Alvarez,SF,2207028,N. Merino Ruiz,SF,2643500,C. Capellan Santana,SF,0.9,56.0,2.0,2.0,0.0,85.7,85.7,0.0
2480115,2,981334,UNICAJA MIJAS,HOME,2096249,T. Eke Benitez,SF,2814756,C. Zimmerman,SF,1317227,C. Garcia Paunero,SF,1949233,A. Orois Aznarez,SF,2643500,C. Capellan Santana,SF,5.3,321.0,16.0,7.0,9.0,119.6,52.3,67.3
2480115,2,981334,UNICAJA MIJAS,HOME,2096249,T. Eke Benitez,SF,2814756,C. Zimmerman,SF,1884837,M. Roters Dubinina,SF,1317227,C. Garcia Paunero,SF,1949233,A. Orois Aznarez,SF,1.1,67.0,6.0,2.0,4.0,214.9,71.6,143.3
2480115,2,981334,UNICAJA MIJAS,HOME,2096249,T. Eke Benitez,SF,2814756,C. Zimmerman,SF,1884837,M. Roters Dubinina,SF,1317227,C. Garcia Paunero,SF,2207028,N. Merino Ruiz,SF,3.1,187.0,6.0,6.0,0.0,77.0,77.0,0.0
2480115,2,981334,UNICAJA MIJAS,HOME,2096249,T. Eke Benitez,SF,2814756,C. Zimmerman,SF,1884837,M. Roters Dubinina,SF,1949233,A. Orois Aznarez,SF,1994192,E. Moreno Fernandez,SF,2.1,121.0,5.0,0.0,5.0,99.2,0.0,99.2
2480115,2,981334,UNICAJA MIJAS,HOME,2643500,C. Capellan Santana,SF,1884837,M. Roters Dubinina,SF,1723860,S. Galeron Alvarez,SF,2012623,S. Lo Sylla,SF,2207028,N. Merino Ruiz,SF,0.3,18.0,0.0,2.0,-2.0,0.0,266.7,-266.7
2480115,2,981334,UNICAJA MIJAS,HOME,2643500,C. Capellan Santana,SF,1884837,M. Roters Dubinina,SF,2109425,M. Peña Luque,SF,1723860,S. Galeron Alvarez,SF,2207028,N. Merino Ruiz,SF,2.2,131.0,5.0,7.0,-2.0,91.6,128.2,-36.6
2480115,2,981334,UNICAJA MIJAS,HOME,2643500,C. Capellan Santana,SF,2096249,T. Eke Benitez,SF,1884837,M. Roters Dubinina,SF,1317227,C. Garcia Paunero,SF,1723860,S. Galeron Alvarez,SF,0.2,12.0,0.0,0.0,0.0,0.0,0.0,0.0
2480115,2,981334,UNICAJA MIJAS,HOME,2814756,C. Zimmerman,SF,1884837,M. Roters Dubinina,SF,1317227,C. Garcia Paunero,SF,2012623,S. Lo Sylla,SF,2207028,N. Merino Ruiz,SF,2.4,143.0,5.0,2.0,3.0,83.9,33.6,50.3
2480115,2,981334,UNICAJA MIJAS,HOME,2814756,C. Zimmerman,SF,1884837,M. Roters Dubinina,SF,2012623,S. Lo Sylla,SF,1954737,E. Puiggros Rovira,SF,1994192,E. Moreno Fernandez,SF,3.4,203.0,4.0,6.0,-2.0,47.3,70.9,-23.6
2480115,2,981346,LA CORDÁ DE PATERNA NB,AWAY,2653963,A. Traore,SF,1632609,C. Che Tortola,SF,2032313,C. Segura Moreno,SF,2031045,M. Galiana Miralles,SF,2071471,P. Saravia Logroño,SF,1.1,65.0,2.0,2.0,0.0,73.8,73.8,0.0
2480115,2,981346,LA CORDÁ DE PATERNA NB,AWAY,2653963,A. Traore,SF,1632609,C. Che Tortola,SF,2173687,M. Llompart Perello,SF,1687305,L. Segura Moreno,SF,2032313,C. Segura Moreno,SF,0.1,8.0,0.0,0.0,0.0,0.0,0.0,0.0
2480115,2,981346,LA CORDÁ DE PATERNA NB,AWAY,2653963,A. Traore,SF,1632609,C. Che Tortola,SF,2173687,M. Llompart Perello,SF,2024557,M. Bleda Ortega,SF,2031045,M. Galiana Miralles,SF,0.4,23.0,0.0,0.0,0.0,0.0,0.0,0.0
2480115,2,981346,LA CORDÁ DE PATERNA NB,AWAY,2653963,A. Traore,SF,1632609,C. Che Tortola,SF,2173687,M. Llompart Perello,SF,2032313,C. Segura Moreno,SF,2031045,M. Galiana Miralles,SF,1.1,66.0,0.0,7.0,-7.0,0.0,254.5,-254.5
2480115,2,981346,LA CORDÁ DE PATERNA NB,AWAY,2653963,A. Traore,SF,2024557,M. Bleda Ortega,SF,2032313,C. Segura Moreno,SF,2031045,M. Galiana Miralles,SF,2071471,P. Saravia Logroño,SF,2.6,158.0,3.0,5.0,-2.0,45.6,75.9,-30.4
2480115,2,981346,LA CORDÁ DE PATERNA NB,AWAY,2653963,A. Traore,SF,2163606,C. Sancho Mauri,SF,1632609,C. Che Tortola,SF,1687305,L. Segura Moreno,SF,2071471,P. Saravia Logroño,SF,2.0,121.0,6.0,3.0,3.0,119.0,59.5,59.5
2480115,2,981346,LA CORDÁ DE PATERNA NB,AWAY,2653963,A. Traore,SF,2163606,C. Sancho Mauri,SF,1632609,C. Che Tortola,SF,2173687,M. Llompart Perello,SF,1687305,L. Segura Moreno,SF,1.9,114.0,2.0,8.0,-6.0,42.1,168.4,-126.3
2480115,2,981346,LA CORDÁ DE PATERNA NB,AWAY,2653963,A. Traore,SF,2163606,C. Sancho Mauri,SF,1687305,L. Segura Moreno,SF,2032313,C. Segura Moreno,SF,2071471,P. Saravia Logroño,SF,0.7,40.0,3.0,2.0,1.0,180.0,120.0,60.0
2480115,2,981346,LA CORDÁ DE PATERNA NB,AWAY,2653963,A. Traore,SF,2163606,C. Sancho Mauri,SF,2173687,M. Llompart Perello,SF,1687305,L. Segura Moreno,SF,2024557,M. Bleda Ortega,SF,0.6,34.0,0.0,3.0,-3.0,0.0,211.8,-211.8
2480115,2,981346,LA CORDÁ DE PATERNA NB,AWAY,2653963,A. Traore,SF,2163606,C. Sancho Mauri,SF,2173687,M. Llompart Perello,SF,1687305,L. Segura Moreno,SF,2071471,P. Saravia Logroño,SF,7.7,469.0,21.0,8.0,13.0,107.5,40.9,66.5
2480115,2,981346,LA CORDÁ DE PATERNA NB,AWAY,2653963,A. Traore,SF,2173687,M. Llompart Perello,SF,1687305,L. Segura Moreno,SF,2024557,M. Bleda Ortega,SF,2071471,P. Saravia Logroño,SF,0.2,14.0,3.0,0.0,3.0,514.3,0.0,514.3
2480115,2,981346,LA CORDÁ DE PATERNA NB,AWAY,2653963,A. Traore,SF,2173687,M. Llompart Perello,SF,2024557,M. Bleda Ortega,SF,2031045,M. Galiana Miralles,SF,2071471,P. Saravia Logroño,SF,1.8,109.0,8.0,2.0,6.0,176.1,44.0,132.1
2480115,2,981346,LA CORDÁ DE PATERNA NB,AWAY,2653963,A. Traore,SF,2173687,M. Llompart Perello,SF,2032313,C. Segura Moreno,SF,2031045,M. Galiana Miralles,SF,2071471,P. Saravia Logroño,SF,2.1,126.0,4.0,7.0,-3.0,76.2,133.3,-57.1
2480115,2,981346,LA CORDÁ DE PATERNA NB,AWAY,2796302,P. Gabriel,SF,1632609,C. Che Tortola,SF,1687305,L. Segura Moreno,SF,2031045,M. Galiana Miralles,SF,2071471,P. Saravia Logroño,SF,2.2,133.0,2.0,5.0,-3.0,36.1,90.2,-54.1
2480115,2,981346,LA CORDÁ DE PATERNA NB,AWAY,2796302,P. Gabriel,SF,1632609,C. Che Tortola,SF,1687305,L. Segura Moreno,SF,2032313,C. Segura Moreno,SF,2031045,M. Galiana Miralles,SF,1.2,72.0,2.0,4.0,-2.0,66.7,133.3,-66.7
2480115,2,981346,LA CORDÁ DE PATERNA NB,AWAY,2796302,P. Gabriel,SF,1632609,C. Che Tortola,SF,2032313,C. Segura Moreno,SF,2031045,M. Galiana Miralles,SF,2071471,P. Saravia Logroño,SF,0.2,10.0,0.0,0.0,0.0,0.0,0.0,0.0
2480115,2,981346,LA CORDÁ DE PATERNA NB,AWAY,2796302,P. Gabriel,SF,1632609,C. Che Tortola,SF,2173687,M. Llompart Perello,SF,1687305,L. Segura Moreno,SF,2071471,P. Saravia Logroño,SF,0.6,36.0,0.0,3.0,-3.0,0.0,200.0,-200.0
2480115,2,981346,LA CORDÁ DE PATERNA NB,AWAY,2796302,P. Gabriel,SF,1632609,C. Che Tortola,SF,2173687,M. Llompart Perello,SF,2032313,C. Segura Moreno,SF,2031045,M. Galiana Miralles,SF,1.1,66.0,2.0,6.0,-4.0,72.7,218.2,-145.5
2480115,2,981346,LA CORDÁ DE PATERNA NB,AWAY,2796302,P. Gabriel,SF,2163606,C. Sancho Mauri,SF,1632609,C. Che Tortola,SF,1687305,L. Segura Moreno,SF,2024557,M. Bleda Ortega,SF,5.5,330.0,5.0,21.0,-16.0,36.4,152.7,-116.4
2480115,2,981346,LA CORDÁ DE PATERNA NB,AWAY,2796302,P. Gabriel,SF,2163606,C. Sancho Mauri,SF,1632609,C. Che Tortola,SF,1687305,L. Segura Moreno,SF,2071471,P. Saravia Logroño,SF,0.4,24.0,1.0,0.0,1.0,100.0,0.0,100.0
2480115,2,981346,LA CORDÁ DE PATERNA NB,AWAY,2796302,P. Gabriel,SF,2163606,C. Sancho Mauri,SF,1632609,C. Che Tortola,SF,2173687,M. Llompart Perello,SF,1687305,L. Segura Moreno,SF,1.3,76.0,0.0,2.0,-2.0,0.0,63.2,-63.2
2480115,2,981346,LA CORDÁ DE PATERNA NB,AWAY,2796302,P. Gabriel,SF,2163606,C. Sancho Mauri,SF,2173687,M. Llompart Perello,SF,1687305,L. Segura Moreno,SF,2071471,P. Saravia Logroño,SF,2.4,143.0,3.0,2.0,1.0,50.3,33.6,16.8
2480115,2,981346,LA CORDÁ DE PATERNA NB,AWAY,2796302,P. Gabriel,SF,2163606,C. Sancho Mauri,SF,2173687,M. Llompart Perello,SF,2032313,C. Segura Moreno,SF,2071471,P. Saravia Logroño,SF,0.4,23.0,2.0,0.0,2.0,208.7,0.0,208.7
2480115,2,981346,LA CORDÁ DE PATERNA NB,AWAY,2796302,P. Gabriel,SF,2173687,M. Llompart Perello,SF,1687305,L. Segura Moreno,SF,2024557,M. Bleda Ortega,SF,2071471,P. Saravia Logroño,SF,1.3,79.0,6.0,3.0,3.0,182.3,91.1,91.1
2480115,2,981346,LA CORDÁ DE PATERNA NB,AWAY,2796302,P. Gabriel,SF,2173687,M. Llompart Perello,SF,2024557,M. Bleda Ortega,SF,2031045,M. Galiana Miralles,SF,2071471,P. Saravia Logroño,SF,1.0,61.0,2.0,0.0,2.0,78.7,0.0,78.7
2480116,2,979952,VEGA LAGUNERA TOYOTA  ADAREVA TENERIFE,AWAY,1128614,I. Arregui Mariezcurrena,SF,1379088,P. Soler Suarez,SF,1884959,M. Luque Caballero,SF,2432295,B. Stevanovic,SF,2735173,M. Forsyth,SF,14.2,851.0,29.0,19.0,10.0,81.8,53.6,28.2
2480116,2,979952,VEGA LAGUNERA TOYOTA  ADAREVA TENERIFE,AWAY,1128614,I. Arregui Mariezcurrena,SF,1613926,M. Gomez Fernandez,SF,1379088,P. Soler Suarez,SF,2432295,B. Stevanovic,SF,2735173,M. Forsyth,SF,0.9,55.0,2.0,3.0,-1.0,87.3,130.9,-43.6
2480116,2,979952,VEGA LAGUNERA TOYOTA  ADAREVA TENERIFE,AWAY,1128614,I. Arregui Mariezcurrena,SF,1613926,M. Gomez Fernandez,SF,1878753,N. Ibañez Silvestre,SF,2432295,B. Stevanovic,SF,2735173,M. Forsyth,SF,0.5,30.0,2.0,1.0,1.0,160.0,80.0,80.0
2480116,2,979952,VEGA LAGUNERA TOYOTA  ADAREVA TENERIFE,AWAY,1128614,I. Arregui Mariezcurrena,SF,1878753,N. Ibañez Silvestre,SF,2432295,B. Stevanovic,SF,1613926,M. Gomez Fernandez,SF,2735173,M. Forsyth,SF,1.1,69.0,1.0,4.0,-3.0,34.8,139.1,-104.3
2480116,2,979952,VEGA LAGUNERA TOYOTA  ADAREVA TENERIFE,AWAY,1613926,M. Gomez Fernandez,SF,1128614,I. Arregui Mariezcurrena,SF,1379088,P. Soler Suarez,SF,1884959,M. Luque Caballero,SF,2432295,B. Stevanovic,SF,1.6,94.0,3.0,3.0,0.0,76.6,76.6,0.0
2480116,2,979952,VEGA LAGUNERA TOYOTA  ADAREVA TENERIFE,AWAY,2639428,C. Parisi,SF,1128614,I. Arregui Mariezcurrena,SF,1379088,P. Soler Suarez,SF,1613926,M. Gomez Fernandez,SF,2735173,M. Forsyth,SF,1.8,110.0,5.0,4.0,1.0,109.1,87.3,21.8
2480116,2,979952,VEGA LAGUNERA TOYOTA  ADAREVA TENERIFE,AWAY,2639428,C. Parisi,SF,1128614,I. Arregui Mariezcurrena,SF,1379088,P. Soler Suarez,SF,2432295,B. Stevanovic,SF,1613926,M. Gomez Fernandez,SF,3.3,198.0,3.0,2.0,1.0,36.4,24.2,12.1
2480116,2,979952,VEGA LAGUNERA TOYOTA  ADAREVA TENERIFE,AWAY,2639428,C. Parisi,SF,1128614,I. Arregui Mariezcurrena,SF,1379088,P. Soler Suarez,SF,2432295,B. Stevanovic,SF,2735173,M. Forsyth,SF,2.2,135.0,6.0,5.0,1.0,106.7,88.9,17.8
2480116,2,979952,VEGA LAGUNERA TOYOTA  ADAREVA TENERIFE,AWAY,2639428,C. Parisi,SF,1128614,I. Arregui Mariezcurrena,SF,1613926,M. Gomez Fernandez,SF,1379088,P. Soler Suarez,SF,2432295,B. Stevanovic,SF,2.5,148.0,5.0,9.0,-4.0,81.1,145.9,-64.9
2480116,2,979952,VEGA LAGUNERA TOYOTA  ADAREVA TENERIFE,AWAY,2639428,C. Parisi,SF,1128614,I. Arregui Mariezcurrena,SF,1884959,M. Luque Caballero,SF,2432295,B. Stevanovic,SF,1613926,M. Gomez Fernandez,SF,0.1,4.0,0.0,0.0,0.0,0.0,0.0,0.0
2480116,2,979952,VEGA LAGUNERA TOYOTA  ADAREVA TENERIFE,AWAY,2639428,C. Parisi,SF,1128614,I. Arregui Mariezcurrena,SF,2432295,B. Stevanovic,SF,1613926,M. Gomez Fernandez,SF,2735173,M. Forsyth,SF,1.2,70.0,6.0,3.0,3.0,205.7,102.9,102.9
2480116,2,979952,VEGA LAGUNERA TOYOTA  ADAREVA TENERIFE,AWAY,2639428,C. Parisi,SF,1379088,P. Soler Suarez,SF,2432295,B. Stevanovic,SF,1613926,M. Gomez Fernandez,SF,2735173,M. Forsyth,SF,1.6,93.0,4.0,5.0,-1.0,103.2,129.0,-25.8
2480116,2,979952,VEGA LAGUNERA TOYOTA  ADAREVA TENERIFE,AWAY,2639428,C. Parisi,SF,1613926,M. Gomez Fernandez,SF,1379088,P. Soler Suarez,SF,1884959,M. Luque Caballero,SF,2432295,B. Stevanovic,SF,3.4,206.0,10.0,2.0,8.0,116.5,23.3,93.2
2480116,2,979952,VEGA LAGUNERA TOYOTA  ADAREVA TENERIFE,AWAY,2639428,C. Parisi,SF,1613926,M. Gomez Fernandez,SF,1379088,P. Soler Suarez,SF,2432295,B. Stevanovic,SF,2735173,M. Forsyth,SF,3.2,193.0,7.0,10.0,-3.0,87.0,124.4,-37.3
2480116,2,979952,VEGA LAGUNERA TOYOTA  ADAREVA TENERIFE,AWAY,2639428,C. Parisi,SF,1613926,M. Gomez Fernandez,SF,1884959,M. Luque Caballero,SF,1878753,N. Ibañez Silvestre,SF,2735173,M. Forsyth,SF,1.7,102.0,1.0,6.0,-5.0,23.5,141.2,-117.6
2480116,2,979952,VEGA LAGUNERA TOYOTA  ADAREVA TENERIFE,AWAY,2639428,C. Parisi,SF,1878753,N. Ibañez Silvestre,SF,2432295,B. Stevanovic,SF,1613926,M. Gomez Fernandez,SF,2735173,M. Forsyth,SF,0.7,42.0,3.0,1.0,2.0,171.4,57.1,114.3
2480116,2,981306,CAJASOL BALONCESTO SEVILLA FEMENINO,HOME,1758184,C. Sanchez Fernandez-Satorre,SF,2004240,N. Sanchez Robayo,SF,1993036,I. Rios Rus,SF,1811227,C. Arfinengo Del Carpio,SF,1723585,A. Morales Sancho,SF,4.5,269.0,7.0,10.0,-3.0,62.5,89.2,-26.8
2480116,2,981306,CAJASOL BALONCESTO SEVILLA FEMENINO,HOME,1758184,C. Sanchez Fernandez-Satorre,SF,2004240,N. Sanchez Robayo,SF,1993036,I. Rios Rus,SF,1811227,C. Arfinengo Del Carpio,SF,1999405,N. Anitua Garcia,SF,35.5,2131.0,70.0,77.0,-7.0,78.8,86.7,-7.9
2480117,2,981213,AZULMARINO MALLORCA PALMA,HOME,2791252,A. Bulgak,SF,1083354,M. España Almendro,SF,1434977,C. Grande Pardo,SF,1527601,I. Junio Mbulito,SF,2073955,G. Capel Cilla,SF,4.2,252.0,7.0,6.0,1.0,66.7,57.1,9.5
2480117,2,981213,AZULMARINO MALLORCA PALMA,HOME,2791252,A. Bulgak,SF,2793759,J. Asinde,SF,1083354,M. España Almendro,SF,1434977,C. Grande Pardo,SF,1527601,I. Junio Mbulito,SF,0.6,34.0,0.0,3.0,-3.0,0.0,211.8,-211.8
2480117,2,981213,AZULMARINO MALLORCA PALMA,HOME,2791252,A. Bulgak,SF,2793759,J. Asinde,SF,1083354,M. España Almendro,SF,1865395,M. Garcia Mateo,SF,1434977,C. Grande Pardo,SF,3.0,175.0,6.0,3.0,3.0,82.3,41.1,41.1
2480117,2,981213,AZULMARINO MALLORCA PALMA,HOME,2791252,A. Bulgak,SF,2793759,J. Asinde,SF,2815892,A. Siciliano,SF,1083354,M. España Almendro,SF,1865395,M. Garcia Mateo,SF,32.5,1939.0,57.0,39.0,18.0,70.6,48.3,22.3
2480117,2,981492,CELTA  FEMXA ZORKA,AWAY,2049773,D. Bermejo Escribano,SF,2179984,U. Rodríguez Silva,SF,2815029,J. Thomas,SF,2121212,P. Salinas Mascuñana,SF,2814638,J. Kelliher,SF,0.6,36.0,1.0,0.0,1.0,66.7,0.0,66.7
2480117,2,981492,CELTA  FEMXA ZORKA,AWAY,2049773,D. Bermejo Escribano,SF,2276545,M. Vizmanos Iglesis,SF,1855646,S. Vidal Acuña,SF,2121212,P. Salinas Mascuñana,SF,2814638,J. Kelliher,SF,0.6,33.0,2.0,0.0,2.0,145.5,0.0,145.5
2480117,2,981492,CELTA  FEMXA ZORKA,AWAY,2049773,D. Bermejo Escribano,SF,2276545,M. Vizmanos Iglesis,SF,2815029,J. Thomas,SF,2121212,P. Salinas Mascuñana,SF,2814638,J. Kelliher,SF,0.8,46.0,3.0,4.0,-1.0,156.5,208.7,-52.2
2480117,2,981492,CELTA  FEMXA ZORKA,AWAY,2179703,N. Martínez Quintana,SF,2049773,D. Bermejo Escribano,SF,2276545,M. Vizmanos Iglesis,SF,1875311,C. Menendez Torres,SF,2121212,P. Salinas Mascuñana,SF,0.7,41.0,0.0,2.0,-2.0,0.0,117.1,-117.1
2480117,2,981492,CELTA  FEMXA ZORKA,AWAY,2179703,N. Martínez Quintana,SF,2049773,D. Bermejo Escribano,SF,2276545,M. Vizmanos Iglesis,SF,2815029,J. Thomas,SF,1855646,S. Vidal Acuña,SF,2.6,158.0,3.0,7.0,-4.0,45.6,106.3,-60.8
2480117,2,981492,CELTA  FEMXA ZORKA,AWAY,2179703,N. Martínez Quintana,SF,2179984,U. Rodríguez Silva,SF,2276545,M. Vizmanos Iglesis,SF,1875311,C. Menendez Torres,SF,2121212,P. Salinas Mascuñana,SF,0.3,21.0,0.0,0.0,0.0,0.0,0.0,0.0
2480117,2,981492,CELTA  FEMXA ZORKA,AWAY,2179984,U. Rodríguez Silva,SF,2276545,M. Vizmanos Iglesis,SF,1875311,C. Menendez Torres,SF,2121212,P. Salinas Mascuñana,SF,2814638,J. Kelliher,SF,1.9,115.0,0.0,3.0,-3.0,0.0,62.6,-62.6
2480117,2,981492,CELTA  FEMXA ZORKA,AWAY,2179984,U. Rodríguez Silva,SF,2815029,J. Thomas,SF,1875311,C. Menendez Torres,SF,2121212,P. Salinas Mascuñana,SF,2814638,J. Kelliher,SF,3.1,186.0,6.0,9.0,-3.0,77.4,116.1,-38.7
2480117,2,981492,CELTA  FEMXA ZORKA,AWAY,2276545,M. Vizmanos Iglesis,SF,1875311,C. Menendez Torres,SF,2121212,P. Salinas Mascuñana,SF,2814638,J. Kelliher,SF,2651124,A. Boquete Manna,SF,1.9,112.0,3.0,6.0,-3.0,64.3,128.6,-64.3
2480117,2,981492,CELTA  FEMXA ZORKA,AWAY,2743289,D. Cabrera Baccon,SF,2049773,D. Bermejo Escribano,SF,2276545,M. Vizmanos Iglesis,SF,1855646,S. Vidal Acuña,SF,2121212,P. Salinas Mascuñana,SF,1.8,106.0,0.0,4.0,-4.0,0.0,90.6,-90.6
2480117,2,981492,CELTA  FEMXA ZORKA,AWAY,2743289,D. Cabrera Baccon,SF,2049773,D. Bermejo Escribano,SF,2276545,M. Vizmanos Iglesis,SF,2815029,J. Thomas,SF,1855646,S. Vidal Acuña,SF,2.6,155.0,7.0,1.0,6.0,108.4,15.5,92.9
2480117,2,981492,CELTA  FEMXA ZORKA,AWAY,2743289,D. Cabrera Baccon,SF,2179703,N. Martínez Quintana,SF,2049773,D. Bermejo Escribano,SF,1875311,C. Menendez Torres,SF,2121212,P. Salinas Mascuñana,SF,3.0,178.0,3.0,2.0,1.0,40.4,27.0,13.5
2480117,2,981492,CELTA  FEMXA ZORKA,AWAY,2743289,D. Cabrera Baccon,SF,2179703,N. Martínez Quintana,SF,2049773,D. Bermejo Escribano,SF,2179984,U. Rodríguez Silva,SF,2121212,P. Salinas Mascuñana,SF,1.1,64.0,0.0,3.0,-3.0,0.0,112.5,-112.5
2480117,2,981492,CELTA  FEMXA ZORKA,AWAY,2743289,D. Cabrera Baccon,SF,2179703,N. Martínez Quintana,SF,2049773,D. Bermejo Escribano,SF,2276545,M. Vizmanos Iglesis,SF,1875311,C. Menendez Torres,SF,0.2,11.0,0.0,0.0,0.0,0.0,0.0,0.0
2480117,2,981492,CELTA  FEMXA ZORKA,AWAY,2743289,D. Cabrera Baccon,SF,2179703,N. Martínez Quintana,SF,2049773,D. Bermejo Escribano,SF,2276545,M. Vizmanos Iglesis,SF,2815029,J. Thomas,SF,2.2,134.0,0.0,6.0,-6.0,0.0,107.5,-107.5
2480117,2,981492,CELTA  FEMXA ZORKA,AWAY,2743289,D. Cabrera Baccon,SF,2179703,N. Martínez Quintana,SF,2049773,D. Bermejo Escribano,SF,2815029,J. Thomas,SF,1855646,S. Vidal Acuña,SF,1.1,63.0,0.0,3.0,-3.0,0.0,114.3,-114.3
2480117,2,981492,CELTA  FEMXA ZORKA,AWAY,2743289,D. Cabrera Baccon,SF,2179703,N. Martínez Quintana,SF,2179984,U. Rodríguez Silva,SF,1875311,C. Menendez Torres,SF,2121212,P. Salinas Mascuñana,SF,9.9,592.0,14.0,13.0,1.0,56.8,52.7,4.1
2480117,2,981492,CELTA  FEMXA ZORKA,AWAY,2743289,D. Cabrera Baccon,SF,2179984,U. Rodríguez Silva,SF,1875311,C. Menendez Torres,SF,2814638,J. Kelliher,SF,2651124,A. Boquete Manna,SF,5.9,349.0,9.0,7.0,2.0,61.9,48.1,13.8
2480118,2,979919,RECOLETAS ZAMORA,HOME,1599354,A. Tainta Lizalde,SF,2239381,D. Angel Villen,SF,2734310,E. Resende Carregosa,SF,2110765,A. Perez Relancio,SF,1259670,B. Sanchez Marrufo,SF,2.4,143.0,4.0,6.0,-2.0,67.1,100.7,-33.6
2480118,2,979919,RECOLETAS ZAMORA,HOME,1599354,A. Tainta Lizalde,SF,2239381,D. Angel Villen,SF,2734310,E. Resende Carregosa,SF,2561100,F. Pouye,SF,1259670,B. Sanchez Marrufo,SF,9.3,564.0,14.0,14.0,0.0,59.6,59.6,0.0
2480118,2,979919,RECOLETAS ZAMORA,HOME,1599354,A. Tainta Lizalde,SF,2432306,F. Niski Castelao,SF,2110765,A. Perez Relancio,SF,1259670,B. Sanchez Marrufo,SF,2047146,M. Fernandez Muñoz,SF,2.8,166.0,3.0,2.0,1.0,43.4,28.9,14.5
2480118,2,979919,RECOLETAS ZAMORA,HOME,1599354,A. Tainta Lizalde,SF,2432306,F. Niski Castelao,SF,2110765,A. Perez Relancio,SF,2047146,M. Fernandez Muñoz,SF,1259670,B. Sanchez Marrufo,SF,0.9,54.0,0.0,2.0,-2.0,0.0,88.9,-88.9
2480118,2,979919,RECOLETAS ZAMORA,HOME,1599354,A. Tainta Lizalde,SF,2432306,F. Niski Castelao,SF,2239381,D. Angel Villen,SF,2734310,E. Resende Carregosa,SF,2561100,F. Pouye,SF,2.4,144.0,3.0,13.0,-10.0,50.0,216.7,-166.7
2480118,2,979919,RECOLETAS ZAMORA,HOME,1599354,A. Tainta Lizalde,SF,2432306,F. Niski Castelao,SF,2561100,F. Pouye,SF,1259670,B. Sanchez Marrufo,SF,2047146,M. Fernandez Muñoz,SF,1.9,114.0,4.0,8.0,-4.0,84.2,168.4,-84.2
2480118,2,979919,RECOLETAS ZAMORA,HOME,1599354,A. Tainta Lizalde,SF,2432306,F. Niski Castelao,SF,2734310,E. Resende Carregosa,SF,2110765,A. Perez Relancio,SF,1259670,B. Sanchez Marrufo,SF,1.7,98.0,6.0,2.0,4.0,146.9,49.0,98.0
2480118,2,979919,RECOLETAS ZAMORA,HOME,1599354,A. Tainta Lizalde,SF,2432306,F. Niski Castelao,SF,2734310,E. Resende Carregosa,SF,2110765,A. Perez Relancio,SF,2561100,F. Pouye,SF,1.4,85.0,3.0,0.0,3.0,84.7,0.0,84.7
2480118,2,979919,RECOLETAS ZAMORA,HOME,1599354,A. Tainta Lizalde,SF,2432306,F. Niski Castelao,SF,2734310,E. Resende Carregosa,SF,2561100,F. Pouye,SF,1259670,B. Sanchez Marrufo,SF,1.8,110.0,2.0,2.0,0.0,43.6,43.6,0.0
2480118,2,979919,RECOLETAS ZAMORA,HOME,1599354,A. Tainta Lizalde,SF,2734310,E. Resende Carregosa,SF,2110765,A. Perez Relancio,SF,1259670,B. Sanchez Marrufo,SF,2047146,M. Fernandez Muñoz,SF,1.5,89.0,3.0,8.0,-5.0,80.9,215.7,-134.8
2480118,2,979919,RECOLETAS ZAMORA,HOME,1599354,A. Tainta Lizalde,SF,2817152,F. Filor,SF,2239381,D. Angel Villen,SF,2561100,F. Pouye,SF,1259670,B. Sanchez Marrufo,SF,2.7,163.0,7.0,2.0,5.0,103.1,29.4,73.6
2480118,2,979919,RECOLETAS ZAMORA,HOME,1599354,A. Tainta Lizalde,SF,2817152,F. Filor,SF,2239381,D. Angel Villen,SF,2734310,E. Resende Carregosa,SF,1259670,B. Sanchez Marrufo,SF,0.5,31.0,1.0,2.0,-1.0,77.4,154.8,-77.4
2480118,2,979919,RECOLETAS ZAMORA,HOME,1599354,A. Tainta Lizalde,SF,2817152,F. Filor,SF,2432306,F. Niski Castelao,SF,2110765,A. Perez Relancio,SF,2047146,M. Fernandez Muñoz,SF,4.1,246.0,14.0,6.0,8.0,136.6,58.5,78.0
2480118,2,979919,RECOLETAS ZAMORA,HOME,1599354,A. Tainta Lizalde,SF,2817152,F. Filor,SF,2432306,F. Niski Castelao,SF,2734310,E. Resende Carregosa,SF,2110765,A. Perez Relancio,SF,3.4,198.0,0.0,2.0,-2.0,0.0,24.2,-24.2
2480118,2,979919,RECOLETAS ZAMORA,HOME,1599354,A. Tainta Lizalde,SF,2817152,F. Filor,SF,2621533,C. Llorente,SF,2734310,E. Resende Carregosa,SF,2110765,A. Perez Relancio,SF,0.7,39.0,2.0,2.0,0.0,123.1,123.1,0.0
2480118,2,979919,RECOLETAS ZAMORA,HOME,1599354,A. Tainta Lizalde,SF,2817152,F. Filor,SF,2734310,E. Resende Carregosa,SF,2110765,A. Perez Relancio,SF,2561100,F. Pouye,SF,2.6,156.0,5.0,8.0,-3.0,76.9,123.1,-46.2
2480118,2,979971,OSES CONSTRUCCION,AWAY,1044456,M. Asurmendi Villaverde,SF,1824910,S. Castro Marrero,SF,2432513,V. Llorente,SF,2561102,M. Blanco Morcillo,SF,1820835,A. Wone Aranaz,SF,1.7,97.0,4.0,2.0,2.0,99.0,49.5,49.5
2480118,2,979971,OSES CONSTRUCCION,AWAY,1044456,M. Asurmendi Villaverde,SF,2432778,J. Mungo Lanzetti,SF,1824910,S. Castro Marrero,SF,2432513,V. Llorente,SF,2561102,M. Blanco Morcillo,SF,0.7,40.0,0.0,0.0,0.0,0.0,0.0,0.0
2480118,2,979971,OSES CONSTRUCCION,AWAY,1044456,M. Asurmendi Villaverde,SF,2432778,J. Mungo Lanzetti,SF,1824910,S. Castro Marrero,SF,2561102,M. Blanco Morcillo,SF,1820835,A. Wone Aranaz,SF,0.9,56.0,2.0,0.0,2.0,85.7,0.0,85.7
2480118,2,979971,OSES CONSTRUCCION,AWAY,1044456,M. Asurmendi Villaverde,SF,2432778,J. Mungo Lanzetti,SF,2432513,V. Llorente,SF,2561102,M. Blanco Morcillo,SF,1820835,A. Wone Aranaz,SF,2.2,133.0,2.0,2.0,0.0,36.1,36.1,0.0
2480118,2,979971,OSES CONSTRUCCION,AWAY,1044456,M. Asurmendi Villaverde,SF,2432778,J. Mungo Lanzetti,SF,2561102,M. Blanco Morcillo,SF,2432513,V. Llorente,SF,1820835,A. Wone Aranaz,SF,0.7,40.0,5.0,0.0,5.0,300.0,0.0,300.0
2480118,2,979971,OSES CONSTRUCCION,AWAY,1044456,M. Asurmendi Villaverde,SF,2561097,A. Diez Pastor,SF,2432778,J. Mungo Lanzetti,SF,2561102,M. Blanco Morcillo,SF,2432513,V. Llorente,SF,3.0,180.0,3.0,8.0,-5.0,40.0,106.7,-66.7
2480118,2,979971,OSES CONSTRUCCION,AWAY,1588922,L. Gutierrez Lancho,SF,1044456,M. Asurmendi Villaverde,SF,2432778,J. Mungo Lanzetti,SF,1824910,S. Castro Marrero,SF,1820835,A. Wone Aranaz,SF,3.9,234.0,8.0,5.0,3.0,82.1,51.3,30.8
2480118,2,979971,OSES CONSTRUCCION,AWAY,1588922,L. Gutierrez Lancho,SF,1044456,M. Asurmendi Villaverde,SF,2432778,J. Mungo Lanzetti,SF,1824910,S. Castro Marrero,SF,2432513,V. Llorente,SF,1.8,106.0,0.0,0.0,0.0,0.0,0.0,0.0
2480118,2,979971,OSES CONSTRUCCION,AWAY,1588922,L. Gutierrez Lancho,SF,1044456,M. Asurmendi Villaverde,SF,2432778,J. Mungo Lanzetti,SF,2432513,V. Llorente,SF,1820835,A. Wone Aranaz,SF,1.2,75.0,3.0,2.0,1.0,96.0,64.0,32.0
2480118,2,979971,OSES CONSTRUCCION,AWAY,1588922,L. Gutierrez Lancho,SF,1044456,M. Asurmendi Villaverde,SF,2432778,J. Mungo Lanzetti,SF,2561102,M. Blanco Morcillo,SF,1820835,A. Wone Aranaz,SF,1.2,72.0,0.0,3.0,-3.0,0.0,100.0,-100.0
2480118,2,979971,OSES CONSTRUCCION,AWAY,1588922,L. Gutierrez Lancho,SF,1044456,M. Asurmendi Villaverde,SF,2432778,J. Mungo Lanzetti,SF,2561102,M. Blanco Morcillo,SF,2432513,V. Llorente,SF,0.2,13.0,0.0,0.0,0.0,0.0,0.0,0.0
2480118,2,979971,OSES CONSTRUCCION,AWAY,1588922,L. Gutierrez Lancho,SF,1044456,M. Asurmendi Villaverde,SF,2561097,A. Diez Pastor,SF,1593987,M. Recarte Mendive,SF,1824910,S. Castro Marrero,SF,0.3,20.0,1.0,0.0,1.0,120.0,0.0,120.0
2480118,2,979971,OSES CONSTRUCCION,AWAY,1588922,L. Gutierrez Lancho,SF,2364706,F. Parra,SF,1824910,S. Castro Marrero,SF,2432513,V. Llorente,SF,1820835,A. Wone Aranaz,SF,9.1,547.0,19.0,19.0,0.0,83.4,83.4,0.0
2480118,2,979971,OSES CONSTRUCCION,AWAY,1588922,L. Gutierrez Lancho,SF,2364706,F. Parra,SF,2432778,J. Mungo Lanzetti,SF,1824910,S. Castro Marrero,SF,1593987,M. Recarte Mendive,SF,0.5,34.0,2.0,1.0,1.0,141.2,70.6,70.6
2480118,2,979971,OSES CONSTRUCCION,AWAY,1588922,L. Gutierrez Lancho,SF,2364706,F. Parra,SF,2432778,J. Mungo Lanzetti,SF,1824910,S. Castro Marrero,SF,1820835,A. Wone Aranaz,SF,5.3,319.0,16.0,14.0,2.0,120.4,105.3,15.0
2480118,2,979971,OSES CONSTRUCCION,AWAY,1588922,L. Gutierrez Lancho,SF,2364706,F. Parra,SF,2432778,J. Mungo Lanzetti,SF,1824910,S. Castro Marrero,SF,2432513,V. Llorente,SF,6.5,385.0,10.0,13.0,-3.0,62.3,81.0,-18.7
2480118,2,979971,OSES CONSTRUCCION,AWAY,1588922,L. Gutierrez Lancho,SF,2364706,F. Parra,SF,2432778,J. Mungo Lanzetti,SF,2561102,M. Blanco Morcillo,SF,1824910,S. Castro Marrero,SF,0.7,39.0,2.0,2.0,0.0,123.1,123.1,0.0
2480118,2,979971,OSES CONSTRUCCION,AWAY,1588922,L. Gutierrez Lancho,SF,2432778,J. Mungo Lanzetti,SF,2561102,M. Blanco Morcillo,SF,1824910,S. Castro Marrero,SF,1593987,M. Recarte Mendive,SF,0.2,10.0,2.0,0.0,2.0,480.0,0.0,480.0
2480119,2,979988,FUSTECMA NBF CASTELLÓ,AWAY,1680760,S. Carli Del Pino,SF,2087212,L. Ruiz De La Hermosa Arce,SF,1460562,C. Perez Relancio,SF,2102573,A. Ferri Montagud,SF,1618451,L. Campos De Bengoa,SF,0.8,46.0,5.0,4.0,1.0,260.9,208.7,52.2
2480119,2,979988,FUSTECMA NBF CASTELLÓ,AWAY,1680760,S. Carli Del Pino,SF,2087212,L. Ruiz De La Hermosa Arce,SF,2815082,M. Agyei,SF,1494221,L. Soler Madariaga,SF,1721468,C. Villamor Aparicio,SF,1.3,79.0,5.0,2.0,3.0,151.9,60.8,91.1
2480119,2,979988,FUSTECMA NBF CASTELLÓ,AWAY,1680760,S. Carli Del Pino,SF,2131367,S. Basaez Narvaez,SF,1460562,C. Perez Relancio,SF,2087212,L. Ruiz De La Hermosa Arce,SF,2144678,L. Jovena Meseguer,SF,4.9,288.0,4.0,9.0,-5.0,33.3,75.0,-41.7
2480119,2,979988,FUSTECMA NBF CASTELLÓ,AWAY,1680760,S. Carli Del Pino,SF,2131367,S. Basaez Narvaez,SF,2274867,L. De Giacomo,SF,1460562,C. Perez Relancio,SF,1618451,L. Campos De Bengoa,SF,7.7,466.0,10.0,8.0,2.0,51.5,41.2,10.3
2480119,2,979988,FUSTECMA NBF CASTELLÓ,AWAY,1680760,S. Carli Del Pino,SF,2131367,S. Basaez Narvaez,SF,2274867,L. De Giacomo,SF,1460562,C. Perez Relancio,SF,2102573,A. Ferri Montagud,SF,1.2,72.0,3.0,4.0,-1.0,100.0,133.3,-33.3
2480119,2,979988,FUSTECMA NBF CASTELLÓ,AWAY,1680760,S. Carli Del Pino,SF,2131367,S. Basaez Narvaez,SF,2274867,L. De Giacomo,SF,2815082,M. Agyei,SF,2102573,A. Ferri Montagud,SF,2.1,128.0,3.0,2.0,1.0,56.2,37.5,18.8
2480119,2,979988,FUSTECMA NBF CASTELLÓ,AWAY,1680760,S. Carli Del Pino,SF,2131367,S. Basaez Narvaez,SF,2815082,M. Agyei,SF,1460562,C. Perez Relancio,SF,1618451,L. Campos De Bengoa,SF,1.9,117.0,2.0,0.0,2.0,41.0,0.0,41.0
2480119,2,979988,FUSTECMA NBF CASTELLÓ,AWAY,1680760,S. Carli Del Pino,SF,2131367,S. Basaez Narvaez,SF,2815082,M. Agyei,SF,1494221,L. Soler Madariaga,SF,1721468,C. Villamor Aparicio,SF,0.9,54.0,2.0,2.0,0.0,88.9,88.9,0.0
2480119,2,979988,FUSTECMA NBF CASTELLÓ,AWAY,1680760,S. Carli Del Pino,SF,2131367,S. Basaez Narvaez,SF,2815082,M. Agyei,SF,1494221,L. Soler Madariaga,SF,2102573,A. Ferri Montagud,SF,0.4,24.0,0.0,0.0,0.0,0.0,0.0,0.0
2480119,2,979988,FUSTECMA NBF CASTELLÓ,AWAY,1680760,S. Carli Del Pino,SF,2274867,L. De Giacomo,SF,1460562,C. Perez Relancio,SF,2087212,L. Ruiz De La Hermosa Arce,SF,1721468,C. Villamor Aparicio,SF,0.6,38.0,1.0,2.0,-1.0,63.2,126.3,-63.2
2480119,2,979988,FUSTECMA NBF CASTELLÓ,AWAY,1680760,S. Carli Del Pino,SF,2274867,L. De Giacomo,SF,1460562,C. Perez Relancio,SF,2102573,A. Ferri Montagud,SF,1618451,L. Campos De Bengoa,SF,0.8,48.0,0.0,0.0,0.0,0.0,0.0,0.0
2480119,2,979988,FUSTECMA NBF CASTELLÓ,AWAY,1680760,S. Carli Del Pino,SF,2274867,L. De Giacomo,SF,2087212,L. Ruiz De La Hermosa Arce,SF,1494221,L. Soler Madariaga,SF,1721468,C. Villamor Aparicio,SF,2.8,167.0,0.0,6.0,-6.0,0.0,86.2,-86.2
2480119,2,979988,FUSTECMA NBF CASTELLÓ,AWAY,1680760,S. Carli Del Pino,SF,2274867,L. De Giacomo,SF,2087212,L. Ruiz De La Hermosa Arce,SF,2815082,M. Agyei,SF,1721468,C. Villamor Aparicio,SF,1.9,113.0,5.0,2.0,3.0,106.2,42.5,63.7
2480119,2,979988,FUSTECMA NBF CASTELLÓ,AWAY,1680760,S. Carli Del Pino,SF,2274867,L. De Giacomo,SF,2815082,M. Agyei,SF,1618451,L. Campos De Bengoa,SF,1721468,C. Villamor Aparicio,SF,1.3,76.0,2.0,3.0,-1.0,63.2,94.7,-31.6
2480119,2,979988,FUSTECMA NBF CASTELLÓ,AWAY,1680760,S. Carli Del Pino,SF,2274867,L. De Giacomo,SF,2815082,M. Agyei,SF,2102573,A. Ferri Montagud,SF,1618451,L. Campos De Bengoa,SF,7.2,437.0,17.0,17.0,0.0,93.4,93.4,0.0
2480119,2,979988,FUSTECMA NBF CASTELLÓ,AWAY,1680760,S. Carli Del Pino,SF,2815082,M. Agyei,SF,1460562,C. Perez Relancio,SF,1618451,L. Campos De Bengoa,SF,1721468,C. Villamor Aparicio,SF,0.6,38.0,1.0,3.0,-2.0,63.2,189.5,-126.3
2480119,2,979988,FUSTECMA NBF CASTELLÓ,AWAY,1680760,S. Carli Del Pino,SF,2815082,M. Agyei,SF,1460562,C. Perez Relancio,SF,2102573,A. Ferri Montagud,SF,1618451,L. Campos De Bengoa,SF,3.5,209.0,7.0,8.0,-1.0,80.4,91.9,-11.5
2480119,2,981208,ALTER ENERSUN AL-QÁZERES EXTREMADURA,HOME,1860325,L. Fontela Cabaleiro,SF,2815153,V. Gauna,SF,1902336,N. Liste Alfonsin,SF,1112483,L. Mendez Lamas,SF,2815234,I. Tavares Ramos,SF,3.1,184.0,1.0,2.0,-1.0,13.0,26.1,-13.0
2480119,2,981208,ALTER ENERSUN AL-QÁZERES EXTREMADURA,HOME,1860325,L. Fontela Cabaleiro,SF,2815153,V. Gauna,SF,1902336,N. Liste Alfonsin,SF,2815234,I. Tavares Ramos,SF,1889214,C. Prieto Pereda,SF,1.7,104.0,2.0,0.0,2.0,46.2,0.0,46.2
2480119,2,981208,ALTER ENERSUN AL-QÁZERES EXTREMADURA,HOME,2735904,R. De Lima Viegas Laneiro,SF,1860325,L. Fontela Cabaleiro,SF,1902336,N. Liste Alfonsin,SF,2432389,J. De Barros Filipe,SF,1889214,C. Prieto Pereda,SF,3.3,199.0,8.0,6.0,2.0,96.5,72.4,24.1
2480119,2,981208,ALTER ENERSUN AL-QÁZERES EXTREMADURA,HOME,2735904,R. De Lima Viegas Laneiro,SF,1860325,L. Fontela Cabaleiro,SF,1902336,N. Liste Alfonsin,SF,2815234,I. Tavares Ramos,SF,1112483,L. Mendez Lamas,SF,1.3,82.0,3.0,1.0,2.0,87.8,29.3,58.5
2480119,2,981208,ALTER ENERSUN AL-QÁZERES EXTREMADURA,HOME,2735904,R. De Lima Viegas Laneiro,SF,1860325,L. Fontela Cabaleiro,SF,1902336,N. Liste Alfonsin,SF,2815234,I. Tavares Ramos,SF,2432389,J. De Barros Filipe,SF,4.1,241.0,12.0,13.0,-1.0,119.5,129.5,-10.0
2480119,2,981208,ALTER ENERSUN AL-QÁZERES EXTREMADURA,HOME,2735904,R. De Lima Viegas Laneiro,SF,1860325,L. Fontela Cabaleiro,SF,2432389,J. De Barros Filipe,SF,1902336,N. Liste Alfonsin,SF,2815234,I. Tavares Ramos,SF,2.4,143.0,4.0,5.0,-1.0,67.1,83.9,-16.8
2480119,2,981208,ALTER ENERSUN AL-QÁZERES EXTREMADURA,HOME,2735904,R. De Lima Viegas Laneiro,SF,1860325,L. Fontela Cabaleiro,SF,2815153,V. Gauna,SF,1902336,N. Liste Alfonsin,SF,1112483,L. Mendez Lamas,SF,3.6,219.0,8.0,6.0,2.0,87.7,65.8,21.9
2480119,2,981208,ALTER ENERSUN AL-QÁZERES EXTREMADURA,HOME,2735904,R. De Lima Viegas Laneiro,SF,1860325,L. Fontela Cabaleiro,SF,2815153,V. Gauna,SF,1902336,N. Liste Alfonsin,SF,2815234,I. Tavares Ramos,SF,0.7,44.0,2.0,0.0,2.0,109.1,0.0,109.1
2480119,2,981208,ALTER ENERSUN AL-QÁZERES EXTREMADURA,HOME,2735904,R. De Lima Viegas Laneiro,SF,1860325,L. Fontela Cabaleiro,SF,2815153,V. Gauna,SF,2432389,J. De Barros Filipe,SF,1902336,N. Liste Alfonsin,SF,1.6,96.0,4.0,3.0,1.0,100.0,75.0,25.0
2480119,2,981208,ALTER ENERSUN AL-QÁZERES EXTREMADURA,HOME,2735904,R. De Lima Viegas Laneiro,SF,1902336,N. Liste Alfonsin,SF,1112483,L. Mendez Lamas,SF,2432389,J. De Barros Filipe,SF,2044012,C. Suarez Fernandez,SF,2.1,128.0,2.0,5.0,-3.0,37.5,93.8,-56.2
2480119,2,981208,ALTER ENERSUN AL-QÁZERES EXTREMADURA,HOME,2735904,R. De Lima Viegas Laneiro,SF,1902336,N. Liste Alfonsin,SF,1112483,L. Mendez Lamas,SF,2815234,I. Tavares Ramos,SF,2432389,J. De Barros Filipe,SF,3.7,221.0,4.0,4.0,0.0,43.4,43.4,0.0
2480119,2,981208,ALTER ENERSUN AL-QÁZERES EXTREMADURA,HOME,2735904,R. De Lima Viegas Laneiro,SF,1902336,N. Liste Alfonsin,SF,2815234,I. Tavares Ramos,SF,2432389,J. De Barros Filipe,SF,1889214,C. Prieto Pereda,SF,1.9,113.0,2.0,5.0,-3.0,42.5,106.2,-63.7
2480119,2,981208,ALTER ENERSUN AL-QÁZERES EXTREMADURA,HOME,2735904,R. De Lima Viegas Laneiro,SF,1902336,N. Liste Alfonsin,SF,2815234,I. Tavares Ramos,SF,2432389,J. De Barros Filipe,SF,2044012,C. Suarez Fernandez,SF,1.0,61.0,2.0,2.0,0.0,78.7,78.7,0.0
2480119,2,981208,ALTER ENERSUN AL-QÁZERES EXTREMADURA,HOME,2735904,R. De Lima Viegas Laneiro,SF,2432389,J. De Barros Filipe,SF,1112483,L. Mendez Lamas,SF,1902336,N. Liste Alfonsin,SF,2815234,I. Tavares Ramos,SF,4.3,258.0,10.0,13.0,-3.0,93.0,120.9,-27.9
2480119,2,981208,ALTER ENERSUN AL-QÁZERES EXTREMADURA,HOME,2815153,V. Gauna,SF,1902336,N. Liste Alfonsin,SF,2815234,I. Tavares Ramos,SF,1112483,L. Mendez Lamas,SF,2432389,J. De Barros Filipe,SF,5.1,307.0,8.0,2.0,6.0,62.5,15.6,46.9
2480120,2,979770,MELILLA CIUDAD DEL DEPORTE LA SALLE,HOME,1756623,A. Hernangomez Geuer,SF,1713801,C. Torrubia Cano,SF,1454479,A. Senosiain Vergarachea,SF,1829640,A. Sanchez Davila,SF,1715165,M. Torreblanca Ginel,SF,0.4,23.0,0.0,0.0,0.0,0.0,0.0,0.0
2480120,2,979770,MELILLA CIUDAD DEL DEPORTE LA SALLE,HOME,1756623,A. Hernangomez Geuer,SF,1713801,C. Torrubia Cano,SF,1454479,A. Senosiain Vergarachea,SF,2814864,R. Monteiro Da Silva,SF,1715165,M. Torreblanca Ginel,SF,2.5,150.0,2.0,2.0,0.0,32.0,32.0,0.0
2480120,2,979770,MELILLA CIUDAD DEL DEPORTE LA SALLE,HOME,1756623,A. Hernangomez Geuer,SF,2104399,C. Garcia Muñoz,SF,1454479,A. Senosiain Vergarachea,SF,1829640,A. Sanchez Davila,SF,2814864,R. Monteiro Da Silva,SF,3.1,189.0,8.0,9.0,-1.0,101.6,114.3,-12.7
2480120,2,979770,MELILLA CIUDAD DEL DEPORTE LA SALLE,HOME,1756623,A. Hernangomez Geuer,SF,2104399,C. Garcia Muñoz,SF,1454479,A. Senosiain Vergarachea,SF,2814864,R. Monteiro Da Silva,SF,1587316,C. Caceres Ayala,SF,1.6,96.0,2.0,6.0,-4.0,50.0,150.0,-100.0
2480120,2,979770,MELILLA CIUDAD DEL DEPORTE LA SALLE,HOME,2104399,C. Garcia Muñoz,SF,1756623,A. Hernangomez Geuer,SF,1454479,A. Senosiain Vergarachea,SF,1715165,M. Torreblanca Ginel,SF,2648563,M. D'Urso Vallina,SF,0.9,57.0,0.0,3.0,-3.0,0.0,126.3,-126.3
2480120,2,979770,MELILLA CIUDAD DEL DEPORTE LA SALLE,HOME,2104399,C. Garcia Muñoz,SF,1756623,A. Hernangomez Geuer,SF,1454479,A. Senosiain Vergarachea,SF,2814864,R. Monteiro Da Silva,SF,1587316,C. Caceres Ayala,SF,2.9,176.0,0.0,5.0,-5.0,0.0,68.2,-68.2
2480120,2,979770,MELILLA CIUDAD DEL DEPORTE LA SALLE,HOME,2432929,M. Davydova,SF,1454479,A. Senosiain Vergarachea,SF,2814864,R. Monteiro Da Silva,SF,1587316,C. Caceres Ayala,SF,1715165,M. Torreblanca Ginel,SF,1.9,112.0,6.0,0.0,6.0,128.6,0.0,128.6
2480120,2,979770,MELILLA CIUDAD DEL DEPORTE LA SALLE,HOME,2432929,M. Davydova,SF,1454479,A. Senosiain Vergarachea,SF,2814864,R. Monteiro Da Silva,SF,1715165,M. Torreblanca Ginel,SF,2648563,M. D'Urso Vallina,SF,2.7,158.0,5.0,8.0,-3.0,75.9,121.5,-45.6
2480120,2,979770,MELILLA CIUDAD DEL DEPORTE LA SALLE,HOME,2432929,M. Davydova,SF,1713801,C. Torrubia Cano,SF,1454479,A. Senosiain Vergarachea,SF,1715165,M. Torreblanca Ginel,SF,2648563,M. D'Urso Vallina,SF,3.9,243.0,13.0,4.0,9.0,128.4,39.5,88.9
2480120,2,979770,MELILLA CIUDAD DEL DEPORTE LA SALLE,HOME,2432929,M. Davydova,SF,1713801,C. Torrubia Cano,SF,1454479,A. Senosiain Vergarachea,SF,1829640,A. Sanchez Davila,SF,1715165,M. Torreblanca Ginel,SF,7.3,444.0,5.0,11.0,-6.0,27.0,59.5,-32.4
2480120,2,979770,MELILLA CIUDAD DEL DEPORTE LA SALLE,HOME,2432929,M. Davydova,SF,1713801,C. Torrubia Cano,SF,1454479,A. Senosiain Vergarachea,SF,2814864,R. Monteiro Da Silva,SF,1715165,M. Torreblanca Ginel,SF,2.8,164.0,7.0,2.0,5.0,102.4,29.3,73.2
2480120,2,979770,MELILLA CIUDAD DEL DEPORTE LA SALLE,HOME,2432929,M. Davydova,SF,1756623,A. Hernangomez Geuer,SF,1454479,A. Senosiain Vergarachea,SF,1829640,A. Sanchez Davila,SF,2814864,R. Monteiro Da Silva,SF,2.3,139.0,2.0,0.0,2.0,34.5,0.0,34.5
2480120,2,979770,MELILLA CIUDAD DEL DEPORTE LA SALLE,HOME,2432929,M. Davydova,SF,1756623,A. Hernangomez Geuer,SF,1454479,A. Senosiain Vergarachea,SF,2814864,R. Monteiro Da Silva,SF,1587316,C. Caceres Ayala,SF,2.5,152.0,5.0,3.0,2.0,78.9,47.4,31.6
2480120,2,979770,MELILLA CIUDAD DEL DEPORTE LA SALLE,HOME,2432929,M. Davydova,SF,1756623,A. Hernangomez Geuer,SF,1454479,A. Senosiain Vergarachea,SF,2814864,R. Monteiro Da Silva,SF,1715165,M. Torreblanca Ginel,SF,1.6,97.0,8.0,4.0,4.0,197.9,99.0,99.0
2480120,2,979770,MELILLA CIUDAD DEL DEPORTE LA SALLE,HOME,2432929,M. Davydova,SF,1756623,A. Hernangomez Geuer,SF,1454479,A. Senosiain Vergarachea,SF,2814864,R. Monteiro Da Silva,SF,2648563,M. D'Urso Vallina,SF,3.3,200.0,10.0,5.0,5.0,120.0,60.0,60.0
2480120,2,981288,SERNOVA RENOVABLES REAL CANOE,AWAY,2021397,A. Esnal Aguirre,SF,1787143,C. Mato De Prada,SF,1242234,C. Rodriguez Nuñez,SF,1859345,L. Fleta Robles,SF,1745108,M. Torres Municio,SF,4.3,262.0,8.0,12.0,-4.0,73.3,109.9,-36.6
2480120,2,981288,SERNOVA RENOVABLES REAL CANOE,AWAY,2097038,P. De Mier Espina,SF,1787143,C. Mato De Prada,SF,1242234,C. Rodriguez Nuñez,SF,2037982,M. Nagore Sánchez,SF,1745108,M. Torres Municio,SF,2.1,127.0,7.0,5.0,2.0,132.3,94.5,37.8
2480120,2,981288,SERNOVA RENOVABLES REAL CANOE,AWAY,2097038,P. De Mier Espina,SF,1787143,C. Mato De Prada,SF,1242234,C. Rodriguez Nuñez,SF,2818945,O. Santana Moldavsky,SF,2037982,M. Nagore Sánchez,SF,1.5,89.0,5.0,0.0,5.0,134.8,0.0,134.8
2480120,2,981288,SERNOVA RENOVABLES REAL CANOE,AWAY,2097038,P. De Mier Espina,SF,1787143,C. Mato De Prada,SF,2432516,C. De Sousa,SF,2818945,O. Santana Moldavsky,SF,2037982,M. Nagore Sánchez,SF,3.3,201.0,4.0,6.0,-2.0,47.8,71.6,-23.9
2480120,2,981288,SERNOVA RENOVABLES REAL CANOE,AWAY,2097038,P. De Mier Espina,SF,1927626,C. Flores Garcia,SF,1242234,C. Rodriguez Nuñez,SF,2818945,O. Santana Moldavsky,SF,2037982,M. Nagore Sánchez,SF,3.0,182.0,2.0,1.0,1.0,26.4,13.2,13.2
2480120,2,981288,SERNOVA RENOVABLES REAL CANOE,AWAY,2097038,P. De Mier Espina,SF,1927626,C. Flores Garcia,SF,2432516,C. De Sousa,SF,2818945,O. Santana Moldavsky,SF,2037982,M. Nagore Sánchez,SF,4.2,259.0,6.0,9.0,-3.0,55.6,83.4,-27.8
2480120,2,981288,SERNOVA RENOVABLES REAL CANOE,AWAY,2097038,P. De Mier Espina,SF,2021397,A. Esnal Aguirre,SF,1242234,C. Rodriguez Nuñez,SF,2432516,C. De Sousa,SF,1745108,M. Torres Municio,SF,3.5,212.0,5.0,10.0,-5.0,56.6,113.2,-56.6
2480120,2,981288,SERNOVA RENOVABLES REAL CANOE,AWAY,2097038,P. De Mier Espina,SF,2021397,A. Esnal Aguirre,SF,1242234,C. Rodriguez Nuñez,SF,2432516,C. De Sousa,SF,2037982,M. Nagore Sánchez,SF,1.4,81.0,0.0,3.0,-3.0,0.0,88.9,-88.9
2480120,2,981288,SERNOVA RENOVABLES REAL CANOE,AWAY,2097038,P. De Mier Espina,SF,2021397,A. Esnal Aguirre,SF,1242234,C. Rodriguez Nuñez,SF,2818945,O. Santana Moldavsky,SF,1859345,L. Fleta Robles,SF,3.8,233.0,8.0,0.0,8.0,82.4,0.0,82.4
2480120,2,981288,SERNOVA RENOVABLES REAL CANOE,AWAY,2097038,P. De Mier Espina,SF,2021397,A. Esnal Aguirre,SF,1787143,C. Mato De Prada,SF,1242234,C. Rodriguez Nuñez,SF,1745108,M. Torres Municio,SF,1.6,96.0,5.0,3.0,2.0,125.0,75.0,50.0
2480120,2,981288,SERNOVA RENOVABLES REAL CANOE,AWAY,2097038,P. De Mier Espina,SF,2021397,A. Esnal Aguirre,SF,1787143,C. Mato De Prada,SF,1242234,C. Rodriguez Nuñez,SF,1859345,L. Fleta Robles,SF,2.7,163.0,0.0,3.0,-3.0,0.0,44.2,-44.2
2480120,2,981288,SERNOVA RENOVABLES REAL CANOE,AWAY,2097038,P. De Mier Espina,SF,2021397,A. Esnal Aguirre,SF,1787143,C. Mato De Prada,SF,1242234,C. Rodriguez Nuñez,SF,2432516,C. De Sousa,SF,2.8,166.0,6.0,5.0,1.0,86.7,72.3,14.5
2480120,2,981288,SERNOVA RENOVABLES REAL CANOE,AWAY,2097038,P. De Mier Espina,SF,2021397,A. Esnal Aguirre,SF,1787143,C. Mato De Prada,SF,2432516,C. De Sousa,SF,1859345,L. Fleta Robles,SF,1.3,75.0,4.0,3.0,1.0,128.0,96.0,32.0
2480120,2,981288,SERNOVA RENOVABLES REAL CANOE,AWAY,2097038,P. De Mier Espina,SF,2021397,A. Esnal Aguirre,SF,1787143,C. Mato De Prada,SF,2432516,C. De Sousa,SF,2818945,O. Santana Moldavsky,SF,1.5,90.0,0.0,4.0,-4.0,0.0,106.7,-106.7
2480120,2,981288,SERNOVA RENOVABLES REAL CANOE,AWAY,2097038,P. De Mier Espina,SF,2021397,A. Esnal Aguirre,SF,1927626,C. Flores Garcia,SF,1242234,C. Rodriguez Nuñez,SF,2818945,O. Santana Moldavsky,SF,1.2,75.0,0.0,6.0,-6.0,0.0,192.0,-192.0
2480120,2,981288,SERNOVA RENOVABLES REAL CANOE,AWAY,2097038,P. De Mier Espina,SF,2021397,A. Esnal Aguirre,SF,2432516,C. De Sousa,SF,2818945,O. Santana Moldavsky,SF,2037982,M. Nagore Sánchez,SF,1.5,89.0,2.0,3.0,-1.0,53.9,80.9,-27.0
2480121,3,981206,MCR LIMA-HORTA BARCELONA,HOME,1908281,M. Aguado Tortella,SF,1958425,L. Roig I Salrach,SF,2828941,K. Clark,SF,2642945,B. Chasco Maso,SF,1886093,E. Escuder Gonzalez,SF,1.8,108.0,4.0,4.0,0.0,88.9,88.9,0.0
2480121,3,981206,MCR LIMA-HORTA BARCELONA,HOME,1908281,M. Aguado Tortella,SF,2828941,K. Clark,SF,1958425,L. Roig I Salrach,SF,2642945,B. Chasco Maso,SF,1912814,N. Barrientos Pereira,SF,2.6,152.0,5.0,5.0,0.0,78.9,78.9,0.0
2480121,3,981206,MCR LIMA-HORTA BARCELONA,HOME,1958425,L. Roig I Salrach,SF,2828941,K. Clark,SF,2642945,B. Chasco Maso,SF,1886093,E. Escuder Gonzalez,SF,1912814,N. Barrientos Pereira,SF,0.4,25.0,2.0,2.0,0.0,192.0,192.0,0.0
2480121,3,981206,MCR LIMA-HORTA BARCELONA,HOME,2049841,E. Trawally Porta,SF,1908281,M. Aguado Tortella,SF,1958425,L. Roig I Salrach,SF,2828941,K. Clark,SF,2042157,C. Ripoll Moya,SF,1.3,77.0,0.0,0.0,0.0,0.0,0.0,0.0
2480121,3,981206,MCR LIMA-HORTA BARCELONA,HOME,2049841,E. Trawally Porta,SF,1908281,M. Aguado Tortella,SF,2828941,K. Clark,SF,1958425,L. Roig I Salrach,SF,1912814,N. Barrientos Pereira,SF,0.9,55.0,0.0,2.0,-2.0,0.0,87.3,-87.3
2480121,3,981206,MCR LIMA-HORTA BARCELONA,HOME,2049841,E. Trawally Porta,SF,1908281,M. Aguado Tortella,SF,2828941,K. Clark,SF,1958425,L. Roig I Salrach,SF,1968768,I. Subirats Teruel,SF,1.8,108.0,3.0,2.0,1.0,66.7,44.4,22.2
2480121,3,981206,MCR LIMA-HORTA BARCELONA,HOME,2049841,E. Trawally Porta,SF,1908281,M. Aguado Tortella,SF,2828941,K. Clark,SF,1959765,J. Rueda Choni,SF,2042157,C. Ripoll Moya,SF,0.4,26.0,0.0,0.0,0.0,0.0,0.0,0.0
2480121,3,981206,MCR LIMA-HORTA BARCELONA,HOME,2049841,E. Trawally Porta,SF,1958425,L. Roig I Salrach,SF,2642945,B. Chasco Maso,SF,1886093,E. Escuder Gonzalez,SF,1912814,N. Barrientos Pereira,SF,1.6,94.0,2.0,4.0,-2.0,51.1,102.1,-51.1
2480121,3,981206,MCR LIMA-HORTA BARCELONA,HOME,2049841,E. Trawally Porta,SF,1959765,J. Rueda Choni,SF,1968768,I. Subirats Teruel,SF,2642945,B. Chasco Maso,SF,1886093,E. Escuder Gonzalez,SF,1.3,77.0,2.0,2.0,0.0,62.3,62.3,0.0
2480121,3,981206,MCR LIMA-HORTA BARCELONA,HOME,2049841,E. Trawally Porta,SF,1959765,J. Rueda Choni,SF,1968768,I. Subirats Teruel,SF,2642945,B. Chasco Maso,SF,2042157,C. Ripoll Moya,SF,2.6,158.0,2.0,2.0,0.0,30.4,30.4,0.0
2480121,3,981206,MCR LIMA-HORTA BARCELONA,HOME,2049841,E. Trawally Porta,SF,2828941,K. Clark,SF,1958425,L. Roig I Salrach,SF,1959765,J. Rueda Choni,SF,1968768,I. Subirats Teruel,SF,0.6,34.0,0.0,4.0,-4.0,0.0,282.4,-282.4
2480121,3,981206,MCR LIMA-HORTA BARCELONA,HOME,2235190,E. Morales López,SF,1908281,M. Aguado Tortella,SF,1958425,L. Roig I Salrach,SF,1968768,I. Subirats Teruel,SF,2642945,B. Chasco Maso,SF,0.3,17.0,0.0,0.0,0.0,0.0,0.0,0.0
2480121,3,981206,MCR LIMA-HORTA BARCELONA,HOME,2235190,E. Morales López,SF,1908281,M. Aguado Tortella,SF,1958425,L. Roig I Salrach,SF,2642945,B. Chasco Maso,SF,2042157,C. Ripoll Moya,SF,0.9,57.0,0.0,3.0,-3.0,0.0,126.3,-126.3
2480121,3,981206,MCR LIMA-HORTA BARCELONA,HOME,2235190,E. Morales López,SF,2049841,E. Trawally Porta,SF,1908281,M. Aguado Tortella,SF,1958425,L. Roig I Salrach,SF,1912814,N. Barrientos Pereira,SF,1.2,68.0,0.0,2.0,-2.0,0.0,70.6,-70.6
2480121,3,981206,MCR LIMA-HORTA BARCELONA,HOME,2235190,E. Morales López,SF,2049841,E. Trawally Porta,SF,1908281,M. Aguado Tortella,SF,1958425,L. Roig I Salrach,SF,1959765,J. Rueda Choni,SF,2.9,171.0,10.0,1.0,9.0,140.4,14.0,126.3
2480121,3,981206,MCR LIMA-HORTA BARCELONA,HOME,2235190,E. Morales López,SF,2049841,E. Trawally Porta,SF,1908281,M. Aguado Tortella,SF,1958425,L. Roig I Salrach,SF,1968768,I. Subirats Teruel,SF,1.8,110.0,2.0,0.0,2.0,43.6,0.0,43.6
2480121,3,981206,MCR LIMA-HORTA BARCELONA,HOME,2235190,E. Morales López,SF,2049841,E. Trawally Porta,SF,1908281,M. Aguado Tortella,SF,1958425,L. Roig I Salrach,SF,2042157,C. Ripoll Moya,SF,2.1,129.0,4.0,6.0,-2.0,74.4,111.6,-37.2
2480121,3,981206,MCR LIMA-HORTA BARCELONA,HOME,2235190,E. Morales López,SF,2049841,E. Trawally Porta,SF,1908281,M. Aguado Tortella,SF,1959765,J. Rueda Choni,SF,1968768,I. Subirats Teruel,SF,1.9,115.0,2.0,7.0,-5.0,41.7,146.1,-104.3
2480121,3,981206,MCR LIMA-HORTA BARCELONA,HOME,2235190,E. Morales López,SF,2049841,E. Trawally Porta,SF,1908281,M. Aguado Tortella,SF,1959765,J. Rueda Choni,SF,2042157,C. Ripoll Moya,SF,1.8,107.0,3.0,2.0,1.0,67.3,44.9,22.4
2480121,3,981206,MCR LIMA-HORTA BARCELONA,HOME,2235190,E. Morales López,SF,2049841,E. Trawally Porta,SF,1958425,L. Roig I Salrach,SF,1959765,J. Rueda Choni,SF,1912814,N. Barrientos Pereira,SF,1.6,97.0,3.0,3.0,0.0,74.2,74.2,0.0
2480121,3,981206,MCR LIMA-HORTA BARCELONA,HOME,2235190,E. Morales López,SF,2049841,E. Trawally Porta,SF,1958425,L. Roig I Salrach,SF,1959765,J. Rueda Choni,SF,1968768,I. Subirats Teruel,SF,0.1,5.0,2.0,2.0,0.0,960.0,960.0,0.0
2480121,3,981206,MCR LIMA-HORTA BARCELONA,HOME,2235190,E. Morales López,SF,2049841,E. Trawally Porta,SF,1958425,L. Roig I Salrach,SF,1968768,I. Subirats Teruel,SF,2042157,C. Ripoll Moya,SF,1.1,68.0,0.0,4.0,-4.0,0.0,141.2,-141.2
2480121,3,981206,MCR LIMA-HORTA BARCELONA,HOME,2235190,E. Morales López,SF,2049841,E. Trawally Porta,SF,1959765,J. Rueda Choni,SF,1968768,I. Subirats Teruel,SF,2042157,C. Ripoll Moya,SF,4.9,296.0,12.0,5.0,7.0,97.3,40.5,56.8
2480121,3,981206,MCR LIMA-HORTA BARCELONA,HOME,2235190,E. Morales López,SF,2049841,E. Trawally Porta,SF,1968768,I. Subirats Teruel,SF,1959765,J. Rueda Choni,SF,2042157,C. Ripoll Moya,SF,2.2,130.0,7.0,0.0,7.0,129.2,0.0,129.2
2480121,3,981206,MCR LIMA-HORTA BARCELONA,HOME,2828941,K. Clark,SF,1958425,L. Roig I Salrach,SF,1968768,I. Subirats Teruel,SF,2642945,B. Chasco Maso,SF,2042157,C. Ripoll Moya,SF,1.9,116.0,4.0,2.0,2.0,82.8,41.4,41.4
2480121,3,981288,SERNOVA RENOVABLES REAL CANOE,AWAY,2021397,A. Esnal Aguirre,SF,1242234,C. Rodriguez Nuñez,SF,2432516,C. De Sousa,SF,1859345,L. Fleta Robles,SF,1745108,M. Torres Municio,SF,6.2,373.0,7.0,14.0,-7.0,45.0,90.1,-45.0
2480121,3,981288,SERNOVA RENOVABLES REAL CANOE,AWAY,2021397,A. Esnal Aguirre,SF,1787143,C. Mato De Prada,SF,1242234,C. Rodriguez Nuñez,SF,2432516,C. De Sousa,SF,1745108,M. Torres Municio,SF,0.8,49.0,2.0,2.0,0.0,98.0,98.0,0.0
2480121,3,981288,SERNOVA RENOVABLES REAL CANOE,AWAY,2021397,A. Esnal Aguirre,SF,1787143,C. Mato De Prada,SF,1242234,C. Rodriguez Nuñez,SF,2818945,O. Santana Moldavsky,SF,1745108,M. Torres Municio,SF,3.0,178.0,8.0,6.0,2.0,107.9,80.9,27.0
2480121,3,981288,SERNOVA RENOVABLES REAL CANOE,AWAY,2097038,P. De Mier Espina,SF,1242234,C. Rodriguez Nuñez,SF,2432516,C. De Sousa,SF,1859345,L. Fleta Robles,SF,1745108,M. Torres Municio,SF,0.9,55.0,2.0,0.0,2.0,87.3,0.0,87.3
2480121,3,981288,SERNOVA RENOVABLES REAL CANOE,AWAY,2097038,P. De Mier Espina,SF,1787143,C. Mato De Prada,SF,1242234,C. Rodriguez Nuñez,SF,2432516,C. De Sousa,SF,1745108,M. Torres Municio,SF,3.1,185.0,4.0,3.0,1.0,51.9,38.9,13.0
2480121,3,981288,SERNOVA RENOVABLES REAL CANOE,AWAY,2097038,P. De Mier Espina,SF,1787143,C. Mato De Prada,SF,1927626,C. Flores Garcia,SF,1242234,C. Rodriguez Nuñez,SF,2818945,O. Santana Moldavsky,SF,2.4,146.0,2.0,3.0,-1.0,32.9,49.3,-16.4
2480121,3,981288,SERNOVA RENOVABLES REAL CANOE,AWAY,2097038,P. De Mier Espina,SF,1787143,C. Mato De Prada,SF,1927626,C. Flores Garcia,SF,2432516,C. De Sousa,SF,2818945,O. Santana Moldavsky,SF,2.7,163.0,3.0,4.0,-1.0,44.2,58.9,-14.7
2480121,3,981288,SERNOVA RENOVABLES REAL CANOE,AWAY,2097038,P. De Mier Espina,SF,1787143,C. Mato De Prada,SF,2021397,A. Esnal Aguirre,SF,1242234,C. Rodriguez Nuñez,SF,2432516,C. De Sousa,SF,2.3,141.0,9.0,5.0,4.0,153.2,85.1,68.1
2480121,3,981288,SERNOVA RENOVABLES REAL CANOE,AWAY,2097038,P. De Mier Espina,SF,1787143,C. Mato De Prada,SF,2021397,A. Esnal Aguirre,SF,1242234,C. Rodriguez Nuñez,SF,2818945,O. Santana Moldavsky,SF,7.4,444.0,11.0,15.0,-4.0,59.5,81.1,-21.6
2480121,3,981288,SERNOVA RENOVABLES REAL CANOE,AWAY,2097038,P. De Mier Espina,SF,1927626,C. Flores Garcia,SF,1242234,C. Rodriguez Nuñez,SF,2432516,C. De Sousa,SF,1859345,L. Fleta Robles,SF,4.3,259.0,3.0,5.0,-2.0,27.8,46.3,-18.5
2480121,3,981288,SERNOVA RENOVABLES REAL CANOE,AWAY,2097038,P. De Mier Espina,SF,2021397,A. Esnal Aguirre,SF,1242234,C. Rodriguez Nuñez,SF,2432516,C. De Sousa,SF,1745108,M. Torres Municio,SF,0.3,16.0,2.0,0.0,2.0,300.0,0.0,300.0
2480121,3,981288,SERNOVA RENOVABLES REAL CANOE,AWAY,2097038,P. De Mier Espina,SF,2021397,A. Esnal Aguirre,SF,1242234,C. Rodriguez Nuñez,SF,2432516,C. De Sousa,SF,1859345,L. Fleta Robles,SF,1.8,106.0,3.0,7.0,-4.0,67.9,158.5,-90.6
2480121,3,981288,SERNOVA RENOVABLES REAL CANOE,AWAY,2097038,P. De Mier Espina,SF,2021397,A. Esnal Aguirre,SF,2432516,C. De Sousa,SF,2818945,O. Santana Moldavsky,SF,1745108,M. Torres Municio,SF,1.3,79.0,2.0,0.0,2.0,60.8,0.0,60.8
2480121,3,981288,SERNOVA RENOVABLES REAL CANOE,AWAY,2097038,P. De Mier Espina,SF,2432516,C. De Sousa,SF,2818945,O. Santana Moldavsky,SF,1859345,L. Fleta Robles,SF,1745108,M. Torres Municio,SF,3.5,206.0,6.0,5.0,1.0,69.9,58.3,11.7
2480122,3,979770,MELILLA CIUDAD DEL DEPORTE LA SALLE,AWAY,1756623,A. Hernangomez Geuer,SF,1946976,L. Moya Blanch,SF,1454479,A. Senosiain Vergarachea,SF,1829640,A. Sanchez Davila,SF,1587316,C. Caceres Ayala,SF,4.7,280.0,11.0,3.0,8.0,94.3,25.7,68.6
2480122,3,979770,MELILLA CIUDAD DEL DEPORTE LA SALLE,AWAY,1756623,A. Hernangomez Geuer,SF,2104399,C. Garcia Muñoz,SF,1454479,A. Senosiain Vergarachea,SF,1587316,C. Caceres Ayala,SF,1715165,M. Torreblanca Ginel,SF,1.4,83.0,1.0,0.0,1.0,28.9,0.0,28.9
2480122,3,979770,MELILLA CIUDAD DEL DEPORTE LA SALLE,AWAY,1756623,A. Hernangomez Geuer,SF,2104399,C. Garcia Muñoz,SF,1454479,A. Senosiain Vergarachea,SF,1829640,A. Sanchez Davila,SF,1587316,C. Caceres Ayala,SF,3.3,197.0,4.0,5.0,-1.0,48.7,60.9,-12.2
2480122,3,979770,MELILLA CIUDAD DEL DEPORTE LA SALLE,AWAY,1756623,A. Hernangomez Geuer,SF,2104399,C. Garcia Muñoz,SF,1454479,A. Senosiain Vergarachea,SF,1829640,A. Sanchez Davila,SF,2814864,R. Monteiro Da Silva,SF,1.3,80.0,1.0,2.0,-1.0,30.0,60.0,-30.0
2480122,3,979770,MELILLA CIUDAD DEL DEPORTE LA SALLE,AWAY,1756623,A. Hernangomez Geuer,SF,2104399,C. Garcia Muñoz,SF,1454479,A. Senosiain Vergarachea,SF,2814864,R. Monteiro Da Silva,SF,1715165,M. Torreblanca Ginel,SF,0.1,6.0,0.0,0.0,0.0,0.0,0.0,0.0
2480122,3,979770,MELILLA CIUDAD DEL DEPORTE LA SALLE,AWAY,2104399,C. Garcia Muñoz,SF,1713801,C. Torrubia Cano,SF,1454479,A. Senosiain Vergarachea,SF,1829640,A. Sanchez Davila,SF,1587316,C. Caceres Ayala,SF,1.1,68.0,2.0,0.0,2.0,70.6,0.0,70.6
2480122,3,979770,MELILLA CIUDAD DEL DEPORTE LA SALLE,AWAY,2104399,C. Garcia Muñoz,SF,1713801,C. Torrubia Cano,SF,1454479,A. Senosiain Vergarachea,SF,1829640,A. Sanchez Davila,SF,1715165,M. Torreblanca Ginel,SF,2.2,133.0,5.0,1.0,4.0,90.2,18.0,72.2
2480122,3,979770,MELILLA CIUDAD DEL DEPORTE LA SALLE,AWAY,2104399,C. Garcia Muñoz,SF,1946976,L. Moya Blanch,SF,1454479,A. Senosiain Vergarachea,SF,1829640,A. Sanchez Davila,SF,1587316,C. Caceres Ayala,SF,4.5,275.0,4.0,2.0,2.0,34.9,17.5,17.5
2480122,3,979770,MELILLA CIUDAD DEL DEPORTE LA SALLE,AWAY,2432929,M. Davydova,SF,1454479,A. Senosiain Vergarachea,SF,1829640,A. Sanchez Davila,SF,2814864,R. Monteiro Da Silva,SF,1715165,M. Torreblanca Ginel,SF,2.1,125.0,2.0,0.0,2.0,38.4,0.0,38.4
2480122,3,979770,MELILLA CIUDAD DEL DEPORTE LA SALLE,AWAY,2432929,M. Davydova,SF,1454479,A. Senosiain Vergarachea,SF,2814864,R. Monteiro Da Silva,SF,1715165,M. Torreblanca Ginel,SF,2648563,M. D´Urso Vallina,SF,0.9,50.0,4.0,0.0,4.0,192.0,0.0,192.0
2480122,3,979770,MELILLA CIUDAD DEL DEPORTE LA SALLE,AWAY,2432929,M. Davydova,SF,1713801,C. Torrubia Cano,SF,1454479,A. Senosiain Vergarachea,SF,2814864,R. Monteiro Da Silva,SF,1715165,M. Torreblanca Ginel,SF,5.5,334.0,13.0,2.0,11.0,93.4,14.4,79.0
2480122,3,979770,MELILLA CIUDAD DEL DEPORTE LA SALLE,AWAY,2432929,M. Davydova,SF,1713801,C. Torrubia Cano,SF,1454479,A. Senosiain Vergarachea,SF,2814864,R. Monteiro Da Silva,SF,2648563,M. D´Urso Vallina,SF,4.7,283.0,9.0,13.0,-4.0,76.3,110.2,-33.9
2480122,3,979770,MELILLA CIUDAD DEL DEPORTE LA SALLE,AWAY,2432929,M. Davydova,SF,1756623,A. Hernangomez Geuer,SF,1454479,A. Senosiain Vergarachea,SF,2814864,R. Monteiro Da Silva,SF,1715165,M. Torreblanca Ginel,SF,5.5,325.0,6.0,11.0,-5.0,44.3,81.2,-36.9
2480122,3,979770,MELILLA CIUDAD DEL DEPORTE LA SALLE,AWAY,2432929,M. Davydova,SF,1946976,L. Moya Blanch,SF,1454479,A. Senosiain Vergarachea,SF,1587316,C. Caceres Ayala,SF,1715165,M. Torreblanca Ginel,SF,1.2,71.0,0.0,0.0,0.0,0.0,0.0,0.0
2480122,3,979770,MELILLA CIUDAD DEL DEPORTE LA SALLE,AWAY,2432929,M. Davydova,SF,1946976,L. Moya Blanch,SF,1454479,A. Senosiain Vergarachea,SF,2814864,R. Monteiro Da Silva,SF,1715165,M. Torreblanca Ginel,SF,1.5,90.0,2.0,5.0,-3.0,53.3,133.3,-80.0
2480122,3,979988,FUSTECMA NBF CASTELLÓ,HOME,1680760,S. Carli Del Pino,SF,2087212,L. Ruiz De La Hermosa Arce,SF,2815082,M. Agyei,SF,2144678,L. Jovena Meseguer,SF,1618451,L. Campos De Bengoa,SF,0.4,22.0,0.0,0.0,0.0,0.0,0.0,0.0
2480122,3,979988,FUSTECMA NBF CASTELLÓ,HOME,1680760,S. Carli Del Pino,SF,2131367,S. Basaez Narvaez,SF,1460562,C. Perez Relancio,SF,2144678,L. Jovena Meseguer,SF,2102573,A. Ferri Montagud,SF,3.7,223.0,5.0,2.0,3.0,53.8,21.5,32.3
2480122,3,979988,FUSTECMA NBF CASTELLÓ,HOME,1680760,S. Carli Del Pino,SF,2131367,S. Basaez Narvaez,SF,1460562,C. Perez Relancio,SF,2815082,M. Agyei,SF,1618451,L. Campos De Bengoa,SF,2.7,167.0,0.0,5.0,-5.0,0.0,71.9,-71.9
2480122,3,979988,FUSTECMA NBF CASTELLÓ,HOME,1680760,S. Carli Del Pino,SF,2131367,S. Basaez Narvaez,SF,1494221,L. Soler Madariaga,SF,2144678,L. Jovena Meseguer,SF,1618451,L. Campos De Bengoa,SF,0.5,28.0,0.0,4.0,-4.0,0.0,342.9,-342.9
2480122,3,979988,FUSTECMA NBF CASTELLÓ,HOME,1680760,S. Carli Del Pino,SF,2131367,S. Basaez Narvaez,SF,2087212,L. Ruiz De La Hermosa Arce,SF,2815082,M. Agyei,SF,1494221,L. Soler Madariaga,SF,2.1,126.0,0.0,3.0,-3.0,0.0,57.1,-57.1
2480122,3,979988,FUSTECMA NBF CASTELLÓ,HOME,1680760,S. Carli Del Pino,SF,2131367,S. Basaez Narvaez,SF,2274867,L. De Giacomo,SF,1460562,C. Perez Relancio,SF,2102573,A. Ferri Montagud,SF,1.1,66.0,0.0,0.0,0.0,0.0,0.0,0.0
2480122,3,979988,FUSTECMA NBF CASTELLÓ,HOME,1680760,S. Carli Del Pino,SF,2131367,S. Basaez Narvaez,SF,2274867,L. De Giacomo,SF,1494221,L. Soler Madariaga,SF,2102573,A. Ferri Montagud,SF,1.2,72.0,2.0,0.0,2.0,66.7,0.0,66.7
2480122,3,979988,FUSTECMA NBF CASTELLÓ,HOME,1680760,S. Carli Del Pino,SF,2131367,S. Basaez Narvaez,SF,2274867,L. De Giacomo,SF,2087212,L. Ruiz De La Hermosa Arce,SF,1460562,C. Perez Relancio,SF,1.4,83.0,0.0,1.0,-1.0,0.0,28.9,-28.9
2480122,3,979988,FUSTECMA NBF CASTELLÓ,HOME,1680760,S. Carli Del Pino,SF,2131367,S. Basaez Narvaez,SF,2274867,L. De Giacomo,SF,2087212,L. Ruiz De La Hermosa Arce,SF,2815082,M. Agyei,SF,3.0,183.0,2.0,4.0,-2.0,26.2,52.5,-26.2
2480122,3,979988,FUSTECMA NBF CASTELLÓ,HOME,1680760,S. Carli Del Pino,SF,2131367,S. Basaez Narvaez,SF,2274867,L. De Giacomo,SF,2815082,M. Agyei,SF,1618451,L. Campos De Bengoa,SF,2.6,155.0,1.0,10.0,-9.0,15.5,154.8,-139.4
2480122,3,979988,FUSTECMA NBF CASTELLÓ,HOME,1680760,S. Carli Del Pino,SF,2131367,S. Basaez Narvaez,SF,2274867,L. De Giacomo,SF,2815082,M. Agyei,SF,2102573,A. Ferri Montagud,SF,2.3,138.0,0.0,3.0,-3.0,0.0,52.2,-52.2
2480122,3,979988,FUSTECMA NBF CASTELLÓ,HOME,1680760,S. Carli Del Pino,SF,2131367,S. Basaez Narvaez,SF,2815082,M. Agyei,SF,1494221,L. Soler Madariaga,SF,2102573,A. Ferri Montagud,SF,2.3,138.0,3.0,5.0,-2.0,52.2,87.0,-34.8
2480122,3,979988,FUSTECMA NBF CASTELLÓ,HOME,1680760,S. Carli Del Pino,SF,2131367,S. Basaez Narvaez,SF,2815082,M. Agyei,SF,2144678,L. Jovena Meseguer,SF,2102573,A. Ferri Montagud,SF,2.1,123.0,8.0,3.0,5.0,156.1,58.5,97.6
2480122,3,979988,FUSTECMA NBF CASTELLÓ,HOME,1680760,S. Carli Del Pino,SF,2274867,L. De Giacomo,SF,2087212,L. Ruiz De La Hermosa Arce,SF,1460562,C. Perez Relancio,SF,1721468,C. Villamor Aparicio,SF,4.2,246.0,5.0,9.0,-4.0,48.8,87.8,-39.0
2480122,3,979988,FUSTECMA NBF CASTELLÓ,HOME,1680760,S. Carli Del Pino,SF,2274867,L. De Giacomo,SF,2087212,L. Ruiz De La Hermosa Arce,SF,2815082,M. Agyei,SF,2102573,A. Ferri Montagud,SF,2.6,160.0,0.0,2.0,-2.0,0.0,30.0,-30.0
2480122,3,979988,FUSTECMA NBF CASTELLÓ,HOME,1680760,S. Carli Del Pino,SF,2274867,L. De Giacomo,SF,2281318,S. Belloch Delgado,SF,2815082,M. Agyei,SF,2102573,A. Ferri Montagud,SF,0.5,32.0,0.0,0.0,0.0,0.0,0.0,0.0
2480122,3,979988,FUSTECMA NBF CASTELLÓ,HOME,1680760,S. Carli Del Pino,SF,2274867,L. De Giacomo,SF,2815082,M. Agyei,SF,2102573,A. Ferri Montagud,SF,1618451,L. Campos De Bengoa,SF,1.4,86.0,2.0,1.0,1.0,55.8,27.9,27.9
2480122,3,979988,FUSTECMA NBF CASTELLÓ,HOME,2131367,S. Basaez Narvaez,SF,2274867,L. De Giacomo,SF,2087212,L. Ruiz De La Hermosa Arce,SF,1460562,C. Perez Relancio,SF,2102573,A. Ferri Montagud,SF,0.5,27.0,3.0,0.0,3.0,266.7,0.0,266.7
2480122,3,979988,FUSTECMA NBF CASTELLÓ,HOME,2131367,S. Basaez Narvaez,SF,2274867,L. De Giacomo,SF,2815082,M. Agyei,SF,2102573,A. Ferri Montagud,SF,1618451,L. Campos De Bengoa,SF,0.7,42.0,0.0,3.0,-3.0,0.0,171.4,-171.4
2480122,3,979988,FUSTECMA NBF CASTELLÓ,HOME,2131367,S. Basaez Narvaez,SF,2815082,M. Agyei,SF,2144678,L. Jovena Meseguer,SF,2102573,A. Ferri Montagud,SF,1618451,L. Campos De Bengoa,SF,4.7,283.0,13.0,9.0,4.0,110.2,76.3,33.9
2480123,3,979971,OSES CONSTRUCCION,HOME,1044456,M. Asurmendi Villaverde,SF,1824910,S. Castro Marrero,SF,1593987,M. Recarte Mendive,SF,2561102,M. Blanco Morcillo,SF,1820835,A. Wone Aranaz,SF,3.0,179.0,7.0,7.0,0.0,93.9,93.9,0.0
2480123,3,979971,OSES CONSTRUCCION,HOME,1044456,M. Asurmendi Villaverde,SF,2432778,J. Mungo Lanzetti,SF,1593987,M. Recarte Mendive,SF,2561102,M. Blanco Morcillo,SF,1820835,A. Wone Aranaz,SF,0.9,53.0,5.0,0.0,5.0,226.4,0.0,226.4
2480123,3,979971,OSES CONSTRUCCION,HOME,1044456,M. Asurmendi Villaverde,SF,2432778,J. Mungo Lanzetti,SF,2432513,V. Llorente,SF,2561102,M. Blanco Morcillo,SF,1882395,A. Elso Aramendia,SF,1.9,115.0,6.0,0.0,6.0,125.2,0.0,125.2
2480123,3,979971,OSES CONSTRUCCION,HOME,1044456,M. Asurmendi Villaverde,SF,2432778,J. Mungo Lanzetti,SF,2561102,M. Blanco Morcillo,SF,1820835,A. Wone Aranaz,SF,1882395,A. Elso Aramendia,SF,3.6,216.0,5.0,3.0,2.0,55.6,33.3,22.2
2480123,3,979971,OSES CONSTRUCCION,HOME,1044456,M. Asurmendi Villaverde,SF,2561102,M. Blanco Morcillo,SF,1593987,M. Recarte Mendive,SF,1820835,A. Wone Aranaz,SF,1882395,A. Elso Aramendia,SF,4.6,278.0,14.0,7.0,7.0,120.9,60.4,60.4
2480123,3,979971,OSES CONSTRUCCION,HOME,1588922,L. Gutierrez Lancho,SF,1044456,M. Asurmendi Villaverde,SF,1824910,S. Castro Marrero,SF,1593987,M. Recarte Mendive,SF,1820835,A. Wone Aranaz,SF,0.1,5.0,0.0,0.0,0.0,0.0,0.0,0.0
2480123,3,979971,OSES CONSTRUCCION,HOME,1588922,L. Gutierrez Lancho,SF,1044456,M. Asurmendi Villaverde,SF,2432778,J. Mungo Lanzetti,SF,1824910,S. Castro Marrero,SF,1820835,A. Wone Aranaz,SF,0.2,10.0,0.0,0.0,0.0,0.0,0.0,0.0
2480123,3,979971,OSES CONSTRUCCION,HOME,1588922,L. Gutierrez Lancho,SF,1044456,M. Asurmendi Villaverde,SF,2561102,M. Blanco Morcillo,SF,1593987,M. Recarte Mendive,SF,1820835,A. Wone Aranaz,SF,0.2,13.0,0.0,0.0,0.0,0.0,0.0,0.0
2480123,3,979971,OSES CONSTRUCCION,HOME,1588922,L. Gutierrez Lancho,SF,1593987,M. Recarte Mendive,SF,2432513,V. Llorente,SF,2561102,M. Blanco Morcillo,SF,1882395,A. Elso Aramendia,SF,1.1,64.0,0.0,0.0,0.0,0.0,0.0,0.0
2480123,3,979971,OSES CONSTRUCCION,HOME,1588922,L. Gutierrez Lancho,SF,2364706,F. Parra,SF,1593987,M. Recarte Mendive,SF,1824910,S. Castro Marrero,SF,2432513,V. Llorente,SF,1.3,74.0,1.0,2.0,-1.0,32.4,64.9,-32.4
2480123,3,979971,OSES CONSTRUCCION,HOME,1588922,L. Gutierrez Lancho,SF,2364706,F. Parra,SF,1593987,M. Recarte Mendive,SF,2432513,V. Llorente,SF,2165145,A. Valero Elia,SF,0.8,49.0,0.0,0.0,0.0,0.0,0.0,0.0
2480123,3,979971,OSES CONSTRUCCION,HOME,1588922,L. Gutierrez Lancho,SF,2364706,F. Parra,SF,1820835,A. Wone Aranaz,SF,2432513,V. Llorente,SF,2165145,A. Valero Elia,SF,2.3,137.0,6.0,9.0,-3.0,105.1,157.7,-52.6
2480123,3,979971,OSES CONSTRUCCION,HOME,1588922,L. Gutierrez Lancho,SF,2364706,F. Parra,SF,1824910,S. Castro Marrero,SF,1593987,M. Recarte Mendive,SF,1820835,A. Wone Aranaz,SF,1.3,79.0,8.0,0.0,8.0,243.0,0.0,243.0
2480123,3,979971,OSES CONSTRUCCION,HOME,1588922,L. Gutierrez Lancho,SF,2364706,F. Parra,SF,1824910,S. Castro Marrero,SF,2432513,V. Llorente,SF,1820835,A. Wone Aranaz,SF,4.0,238.0,7.0,7.0,0.0,70.6,70.6,0.0
2480123,3,979971,OSES CONSTRUCCION,HOME,1588922,L. Gutierrez Lancho,SF,2364706,F. Parra,SF,2432778,J. Mungo Lanzetti,SF,1824910,S. Castro Marrero,SF,1820835,A. Wone Aranaz,SF,1.6,96.0,1.0,0.0,1.0,25.0,0.0,25.0
2480123,3,979971,OSES CONSTRUCCION,HOME,1588922,L. Gutierrez Lancho,SF,2364706,F. Parra,SF,2432778,J. Mungo Lanzetti,SF,1824910,S. Castro Marrero,SF,2432513,V. Llorente,SF,8.0,484.0,14.0,11.0,3.0,69.4,54.5,14.9
2480123,3,979971,OSES CONSTRUCCION,HOME,1588922,L. Gutierrez Lancho,SF,2432778,J. Mungo Lanzetti,SF,1824910,S. Castro Marrero,SF,2561102,M. Blanco Morcillo,SF,1820835,A. Wone Aranaz,SF,1.9,113.0,7.0,3.0,4.0,148.7,63.7,85.0
2480123,3,979971,OSES CONSTRUCCION,HOME,2364706,F. Parra,SF,1044456,M. Asurmendi Villaverde,SF,2432778,J. Mungo Lanzetti,SF,1820835,A. Wone Aranaz,SF,1882395,A. Elso Aramendia,SF,0.6,37.0,0.0,0.0,0.0,0.0,0.0,0.0
2480123,3,979971,OSES CONSTRUCCION,HOME,2364706,F. Parra,SF,1044456,M. Asurmendi Villaverde,SF,2432778,J. Mungo Lanzetti,SF,2432513,V. Llorente,SF,1882395,A. Elso Aramendia,SF,1.1,69.0,0.0,2.0,-2.0,0.0,69.6,-69.6
2480123,3,979971,OSES CONSTRUCCION,HOME,2364706,F. Parra,SF,1820835,A. Wone Aranaz,SF,1593987,M. Recarte Mendive,SF,2165145,A. Valero Elia,SF,1882395,A. Elso Aramendia,SF,1.5,91.0,4.0,2.0,2.0,105.5,52.7,52.7
2480123,3,981208,ALTER ENERSUN AL-QÁZERES EXTREMADURA,AWAY,1860325,L. Fontela Cabaleiro,SF,1902336,N. Liste Alfonsin,SF,1112483,L. Mendez Lamas,SF,2815234,I. Tavares Ramos,SF,2044012,C. Suarez Fernandez,SF,1.1,69.0,0.0,3.0,-3.0,0.0,104.3,-104.3
2480123,3,981208,ALTER ENERSUN AL-QÁZERES EXTREMADURA,AWAY,1860325,L. Fontela Cabaleiro,SF,2815153,V. Gauna,SF,1902336,N. Liste Alfonsin,SF,2815234,I. Tavares Ramos,SF,2044012,C. Suarez Fernandez,SF,1.1,64.0,0.0,0.0,0.0,0.0,0.0,0.0
2480123,3,981208,ALTER ENERSUN AL-QÁZERES EXTREMADURA,AWAY,1860325,L. Fontela Cabaleiro,SF,2815153,V. Gauna,SF,2432389,J. De Barros Filipe,SF,1902336,N. Liste Alfonsin,SF,2815234,I. Tavares Ramos,SF,2.4,148.0,2.0,7.0,-5.0,32.4,113.5,-81.1
2480123,3,981208,ALTER ENERSUN AL-QÁZERES EXTREMADURA,AWAY,1902336,N. Liste Alfonsin,SF,1112483,L. Mendez Lamas,SF,2815234,I. Tavares Ramos,SF,2432389,J. De Barros Filipe,SF,1889214,C. Prieto Pereda,SF,3.2,190.0,3.0,7.0,-4.0,37.9,88.4,-50.5
2480123,3,981208,ALTER ENERSUN AL-QÁZERES EXTREMADURA,AWAY,2735904,R. De Lima Viegas Laneiro,SF,1860325,L. Fontela Cabaleiro,SF,2815153,V. Gauna,SF,1902336,N. Liste Alfonsin,SF,1112483,L. Mendez Lamas,SF,3.0,179.0,7.0,7.0,0.0,93.9,93.9,0.0
2480123,3,981208,ALTER ENERSUN AL-QÁZERES EXTREMADURA,AWAY,2735904,R. De Lima Viegas Laneiro,SF,1860325,L. Fontela Cabaleiro,SF,2815153,V. Gauna,SF,1902336,N. Liste Alfonsin,SF,2044012,C. Suarez Fernandez,SF,4.6,277.0,11.0,10.0,1.0,95.3,86.6,8.7
2480123,3,981208,ALTER ENERSUN AL-QÁZERES EXTREMADURA,AWAY,2735904,R. De Lima Viegas Laneiro,SF,1860325,L. Fontela Cabaleiro,SF,2815153,V. Gauna,SF,2432389,J. De Barros Filipe,SF,1112483,L. Mendez Lamas,SF,1.9,113.0,3.0,7.0,-4.0,63.7,148.7,-85.0
2480123,3,981208,ALTER ENERSUN AL-QÁZERES EXTREMADURA,AWAY,2735904,R. De Lima Viegas Laneiro,SF,1860325,L. Fontela Cabaleiro,SF,2815153,V. Gauna,SF,2432389,J. De Barros Filipe,SF,1902336,N. Liste Alfonsin,SF,6.1,368.0,9.0,15.0,-6.0,58.7,97.8,-39.1
2480123,3,981208,ALTER ENERSUN AL-QÁZERES EXTREMADURA,AWAY,2735904,R. De Lima Viegas Laneiro,SF,2432389,J. De Barros Filipe,SF,1112483,L. Mendez Lamas,SF,1902336,N. Liste Alfonsin,SF,2815234,I. Tavares Ramos,SF,8.6,518.0,10.0,12.0,-2.0,46.3,55.6,-9.3
2480123,3,981208,ALTER ENERSUN AL-QÁZERES EXTREMADURA,AWAY,2735904,R. De Lima Viegas Laneiro,SF,2432389,J. De Barros Filipe,SF,1902336,N. Liste Alfonsin,SF,1112483,L. Mendez Lamas,SF,1889214,C. Prieto Pereda,SF,0.1,5.0,0.0,0.0,0.0,0.0,0.0,0.0
2480123,3,981208,ALTER ENERSUN AL-QÁZERES EXTREMADURA,AWAY,2735904,R. De Lima Viegas Laneiro,SF,2432389,J. De Barros Filipe,SF,1902336,N. Liste Alfonsin,SF,2815234,I. Tavares Ramos,SF,2044012,C. Suarez Fernandez,SF,3.4,201.0,3.0,4.0,-1.0,35.8,47.8,-11.9
2480123,3,981208,ALTER ENERSUN AL-QÁZERES EXTREMADURA,AWAY,2735904,R. De Lima Viegas Laneiro,SF,2815153,V. Gauna,SF,1112483,L. Mendez Lamas,SF,1902336,N. Liste Alfonsin,SF,2815234,I. Tavares Ramos,SF,3.6,215.0,5.0,8.0,-3.0,55.8,89.3,-33.5
2480123,3,981208,ALTER ENERSUN AL-QÁZERES EXTREMADURA,AWAY,2735904,R. De Lima Viegas Laneiro,SF,2815153,V. Gauna,SF,1902336,N. Liste Alfonsin,SF,1112483,L. Mendez Lamas,SF,2815234,I. Tavares Ramos,SF,0.9,53.0,0.0,5.0,-5.0,0.0,226.4,-226.4
2480124,3,979919,RECOLETAS ZAMORA,AWAY,1599354,A. Tainta Lizalde,SF,2239381,D. Angel Villen,SF,2561100,F. Pouye,SF,2110765,A. Perez Relancio,SF,2047146,M. Fernandez Muñoz,SF,0.8,51.0,1.0,0.0,1.0,47.1,0.0,47.1
2480124,3,979919,RECOLETAS ZAMORA,AWAY,1599354,A. Tainta Lizalde,SF,2239381,D. Angel Villen,SF,2561100,F. Pouye,SF,2734310,E. Resende Carregosa,SF,1259670,B. Sanchez Marrufo,SF,2.2,136.0,5.0,4.0,1.0,88.2,70.6,17.6
2480124,3,979919,RECOLETAS ZAMORA,AWAY,1599354,A. Tainta Lizalde,SF,2239381,D. Angel Villen,SF,2561100,F. Pouye,SF,2734310,E. Resende Carregosa,SF,2110765,A. Perez Relancio,SF,2.2,132.0,0.0,1.0,-1.0,0.0,18.2,-18.2
2480124,3,979919,RECOLETAS ZAMORA,AWAY,1599354,A. Tainta Lizalde,SF,2432306,F. Niski Castelao,SF,2239381,D. Angel Villen,SF,2561100,F. Pouye,SF,2110765,A. Perez Relancio,SF,1.2,70.0,3.0,5.0,-2.0,102.9,171.4,-68.6
2480124,3,979919,RECOLETAS ZAMORA,AWAY,1599354,A. Tainta Lizalde,SF,2432306,F. Niski Castelao,SF,2239381,D. Angel Villen,SF,2561100,F. Pouye,SF,2734310,E. Resende Carregosa,SF,5.8,347.0,17.0,10.0,7.0,117.6,69.2,48.4
2480124,3,979919,RECOLETAS ZAMORA,AWAY,1599354,A. Tainta Lizalde,SF,2432306,F. Niski Castelao,SF,2561100,F. Pouye,SF,2047146,M. Fernandez Muñoz,SF,1259670,B. Sanchez Marrufo,SF,3.3,195.0,10.0,2.0,8.0,123.1,24.6,98.5
2480124,3,979919,RECOLETAS ZAMORA,AWAY,1599354,A. Tainta Lizalde,SF,2432306,F. Niski Castelao,SF,2561100,F. Pouye,SF,2734310,E. Resende Carregosa,SF,1259670,B. Sanchez Marrufo,SF,1.0,59.0,2.0,3.0,-1.0,81.4,122.0,-40.7
2480124,3,979919,RECOLETAS ZAMORA,AWAY,1599354,A. Tainta Lizalde,SF,2432306,F. Niski Castelao,SF,2561100,F. Pouye,SF,2734310,E. Resende Carregosa,SF,2110765,A. Perez Relancio,SF,2.2,132.0,3.0,5.0,-2.0,54.5,90.9,-36.4
2480124,3,979919,RECOLETAS ZAMORA,AWAY,1599354,A. Tainta Lizalde,SF,2561100,F. Pouye,SF,2110765,A. Perez Relancio,SF,2047146,M. Fernandez Muñoz,SF,1259670,B. Sanchez Marrufo,SF,1.7,105.0,4.0,0.0,4.0,91.4,0.0,91.4
2480124,3,979919,RECOLETAS ZAMORA,AWAY,1599354,A. Tainta Lizalde,SF,2561100,F. Pouye,SF,2734310,E. Resende Carregosa,SF,2110765,A. Perez Relancio,SF,1259670,B. Sanchez Marrufo,SF,0.9,54.0,0.0,2.0,-2.0,0.0,88.9,-88.9
2480124,3,979919,RECOLETAS ZAMORA,AWAY,1599354,A. Tainta Lizalde,SF,2817152,F. Filor,SF,2239381,D. Angel Villen,SF,2561100,F. Pouye,SF,2047146,M. Fernandez Muñoz,SF,2.0,121.0,2.0,11.0,-9.0,39.7,218.2,-178.5
2480124,3,979919,RECOLETAS ZAMORA,AWAY,1599354,A. Tainta Lizalde,SF,2817152,F. Filor,SF,2239381,D. Angel Villen,SF,2561100,F. Pouye,SF,2734310,E. Resende Carregosa,SF,0.8,51.0,0.0,1.0,-1.0,0.0,47.1,-47.1
2480124,3,979919,RECOLETAS ZAMORA,AWAY,1599354,A. Tainta Lizalde,SF,2817152,F. Filor,SF,2432306,F. Niski Castelao,SF,2047146,M. Fernandez Muñoz,SF,1259670,B. Sanchez Marrufo,SF,10.2,605.0,20.0,18.0,2.0,79.3,71.4,7.9
2480124,3,979919,RECOLETAS ZAMORA,AWAY,1599354,A. Tainta Lizalde,SF,2817152,F. Filor,SF,2432306,F. Niski Castelao,SF,2561100,F. Pouye,SF,2047146,M. Fernandez Muñoz,SF,1.1,67.0,0.0,5.0,-5.0,0.0,179.1,-179.1
2480124,3,979919,RECOLETAS ZAMORA,AWAY,1599354,A. Tainta Lizalde,SF,2817152,F. Filor,SF,2561100,F. Pouye,SF,2047146,M. Fernandez Muñoz,SF,1259670,B. Sanchez Marrufo,SF,2.4,142.0,6.0,5.0,1.0,101.4,84.5,16.9
2480124,3,979919,RECOLETAS ZAMORA,AWAY,1599354,A. Tainta Lizalde,SF,2817152,F. Filor,SF,2561100,F. Pouye,SF,2734310,E. Resende Carregosa,SF,2047146,M. Fernandez Muñoz,SF,1.7,102.0,4.0,4.0,0.0,94.1,94.1,0.0
2480124,3,979919,RECOLETAS ZAMORA,AWAY,1599354,A. Tainta Lizalde,SF,2817152,F. Filor,SF,2734310,E. Resende Carregosa,SF,2047146,M. Fernandez Muñoz,SF,1259670,B. Sanchez Marrufo,SF,0.5,31.0,1.0,3.0,-2.0,77.4,232.3,-154.8
2480124,3,981492,CELTA  FEMXA ZORKA,HOME,2179703,N. Martínez Quintana,SF,1875311,C. Menendez Torres,SF,1855646,S. Vidal Acuña,SF,2121212,P. Salinas Mascuñana,SF,2814638,J. Kelliher,SF,0.9,55.0,0.0,2.0,-2.0,0.0,87.3,-87.3
2480124,3,981492,CELTA  FEMXA ZORKA,HOME,2179703,N. Martínez Quintana,SF,2049773,D. Bermejo Escribano,SF,2179984,U. Rodríguez Silva,SF,1875311,C. Menendez Torres,SF,1855646,S. Vidal Acuña,SF,0.2,11.0,2.0,0.0,2.0,436.4,0.0,436.4
2480124,3,981492,CELTA  FEMXA ZORKA,HOME,2179703,N. Martínez Quintana,SF,2049773,D. Bermejo Escribano,SF,2179984,U. Rodríguez Silva,SF,2815029,J. Thomas,SF,2121212,P. Salinas Mascuñana,SF,4.2,251.0,9.0,6.0,3.0,86.1,57.4,28.7
2480124,3,981492,CELTA  FEMXA ZORKA,HOME,2179703,N. Martínez Quintana,SF,2179984,U. Rodríguez Silva,SF,2276545,M. Vizmanos Iglesis,SF,1875311,C. Menendez Torres,SF,2815029,J. Thomas,SF,3.5,212.0,7.0,8.0,-1.0,79.2,90.6,-11.3
2480124,3,981492,CELTA  FEMXA ZORKA,HOME,2743289,D. Cabrera Baccon,SF,2049773,D. Bermejo Escribano,SF,2121212,P. Salinas Mascuñana,SF,2814638,J. Kelliher,SF,2651124,A. Boquete Manna,SF,2.9,173.0,4.0,7.0,-3.0,55.5,97.1,-41.6
2480124,3,981492,CELTA  FEMXA ZORKA,HOME,2743289,D. Cabrera Baccon,SF,2179703,N. Martínez Quintana,SF,1875311,C. Menendez Torres,SF,1855646,S. Vidal Acuña,SF,2121212,P. Salinas Mascuñana,SF,6.2,373.0,15.0,9.0,6.0,96.5,57.9,38.6
2480124,3,981492,CELTA  FEMXA ZORKA,HOME,2743289,D. Cabrera Baccon,SF,2179703,N. Martínez Quintana,SF,1875311,C. Menendez Torres,SF,2121212,P. Salinas Mascuñana,SF,2814638,J. Kelliher,SF,4.4,262.0,7.0,10.0,-3.0,64.1,91.6,-27.5
2480124,3,981492,CELTA  FEMXA ZORKA,HOME,2743289,D. Cabrera Baccon,SF,2179703,N. Martínez Quintana,SF,1875311,C. Menendez Torres,SF,2815029,J. Thomas,SF,2121212,P. Salinas Mascuñana,SF,0.9,53.0,3.0,1.0,2.0,135.8,45.3,90.6
2480124,3,981492,CELTA  FEMXA ZORKA,HOME,2743289,D. Cabrera Baccon,SF,2179703,N. Martínez Quintana,SF,2049773,D. Bermejo Escribano,SF,1875311,C. Menendez Torres,SF,1855646,S. Vidal Acuña,SF,1.3,80.0,0.0,2.0,-2.0,0.0,60.0,-60.0
2480124,3,981492,CELTA  FEMXA ZORKA,HOME,2743289,D. Cabrera Baccon,SF,2179703,N. Martínez Quintana,SF,2049773,D. Bermejo Escribano,SF,1875311,C. Menendez Torres,SF,2121212,P. Salinas Mascuñana,SF,1.5,90.0,2.0,5.0,-3.0,53.3,133.3,-80.0
2480124,3,981492,CELTA  FEMXA ZORKA,HOME,2743289,D. Cabrera Baccon,SF,2179703,N. Martínez Quintana,SF,2049773,D. Bermejo Escribano,SF,2121212,P. Salinas Mascuñana,SF,2651124,A. Boquete Manna,SF,2.9,173.0,7.0,7.0,0.0,97.1,97.1,0.0
2480124,3,981492,CELTA  FEMXA ZORKA,HOME,2743289,D. Cabrera Baccon,SF,2179703,N. Martínez Quintana,SF,2049773,D. Bermejo Escribano,SF,2179984,U. Rodríguez Silva,SF,2121212,P. Salinas Mascuñana,SF,0.9,53.0,2.0,2.0,0.0,90.6,90.6,0.0
2480124,3,981492,CELTA  FEMXA ZORKA,HOME,2743289,D. Cabrera Baccon,SF,2179703,N. Martínez Quintana,SF,2179984,U. Rodríguez Silva,SF,1875311,C. Menendez Torres,SF,1855646,S. Vidal Acuña,SF,1.5,92.0,4.0,3.0,1.0,104.3,78.3,26.1
2480124,3,981492,CELTA  FEMXA ZORKA,HOME,2743289,D. Cabrera Baccon,SF,2179703,N. Martínez Quintana,SF,2179984,U. Rodríguez Silva,SF,1875311,C. Menendez Torres,SF,2121212,P. Salinas Mascuñana,SF,1.4,89.0,1.0,2.0,-1.0,27.0,53.9,-27.0
2480124,3,981492,CELTA  FEMXA ZORKA,HOME,2743289,D. Cabrera Baccon,SF,2179703,N. Martínez Quintana,SF,2179984,U. Rodríguez Silva,SF,1875311,C. Menendez Torres,SF,2815029,J. Thomas,SF,1.8,107.0,2.0,2.0,0.0,44.9,44.9,0.0
2480124,3,981492,CELTA  FEMXA ZORKA,HOME,2743289,D. Cabrera Baccon,SF,2179703,N. Martínez Quintana,SF,2179984,U. Rodríguez Silva,SF,2276545,M. Vizmanos Iglesis,SF,1875311,C. Menendez Torres,SF,0.8,45.0,0.0,1.0,-1.0,0.0,53.3,-53.3
2480124,3,981492,CELTA  FEMXA ZORKA,HOME,2743289,D. Cabrera Baccon,SF,2179703,N. Martínez Quintana,SF,2276545,M. Vizmanos Iglesis,SF,1875311,C. Menendez Torres,SF,1855646,S. Vidal Acuña,SF,1.3,79.0,4.0,6.0,-2.0,121.5,182.3,-60.8
2480124,3,981492,CELTA  FEMXA ZORKA,HOME,2743289,D. Cabrera Baccon,SF,2179703,N. Martínez Quintana,SF,2276545,M. Vizmanos Iglesis,SF,1875311,C. Menendez Torres,SF,2815029,J. Thomas,SF,2.1,123.0,8.0,3.0,5.0,156.1,58.5,97.6
2480124,3,981492,CELTA  FEMXA ZORKA,HOME,2743289,D. Cabrera Baccon,SF,2179703,N. Martínez Quintana,SF,2815029,J. Thomas,SF,1875311,C. Menendez Torres,SF,1855646,S. Vidal Acuña,SF,1.3,79.0,2.0,2.0,0.0,60.8,60.8,0.0
2480125,3,979952,VEGA LAGUNERA TOYOTA  ADAREVA TENERIFE,HOME,1128614,I. Arregui Mariezcurrena,SF,1379088,P. Soler Suarez,SF,1884959,M. Luque Caballero,SF,2432295,B. Stevanovic,SF,1613926,M. Gomez Fernandez,SF,0.6,37.0,0.0,0.0,0.0,0.0,0.0,0.0
2480125,3,979952,VEGA LAGUNERA TOYOTA  ADAREVA TENERIFE,HOME,1128614,I. Arregui Mariezcurrena,SF,1379088,P. Soler Suarez,SF,1884959,M. Luque Caballero,SF,2432295,B. Stevanovic,SF,2735173,M. Forsyth,SF,6.4,382.0,8.0,11.0,-3.0,50.3,69.1,-18.8
2480125,3,979952,VEGA LAGUNERA TOYOTA  ADAREVA TENERIFE,HOME,1128614,I. Arregui Mariezcurrena,SF,1379088,P. Soler Suarez,SF,2432295,B. Stevanovic,SF,1613926,M. Gomez Fernandez,SF,2735173,M. Forsyth,SF,1.9,115.0,7.0,2.0,5.0,146.1,41.7,104.3
2480125,3,979952,VEGA LAGUNERA TOYOTA  ADAREVA TENERIFE,HOME,1128614,I. Arregui Mariezcurrena,SF,1884959,M. Luque Caballero,SF,1379088,P. Soler Suarez,SF,1878753,N. Ibañez Silvestre,SF,2432295,B. Stevanovic,SF,0.5,30.0,0.0,0.0,0.0,0.0,0.0,0.0
2480125,3,979952,VEGA LAGUNERA TOYOTA  ADAREVA TENERIFE,HOME,1128614,I. Arregui Mariezcurrena,SF,1884959,M. Luque Caballero,SF,1379088,P. Soler Suarez,SF,2432295,B. Stevanovic,SF,2735173,M. Forsyth,SF,4.8,287.0,5.0,4.0,1.0,41.8,33.4,8.4
2480125,3,979952,VEGA LAGUNERA TOYOTA  ADAREVA TENERIFE,HOME,1128614,I. Arregui Mariezcurrena,SF,1884959,M. Luque Caballero,SF,1878753,N. Ibañez Silvestre,SF,2432295,B. Stevanovic,SF,1613926,M. Gomez Fernandez,SF,0.2,10.0,0.0,1.0,-1.0,0.0,240.0,-240.0
2480125,3,979952,VEGA LAGUNERA TOYOTA  ADAREVA TENERIFE,HOME,1613926,M. Gomez Fernandez,SF,1128614,I. Arregui Mariezcurrena,SF,1379088,P. Soler Suarez,SF,2432295,B. Stevanovic,SF,2735173,M. Forsyth,SF,3.8,232.0,3.0,3.0,0.0,31.0,31.0,0.0
2480125,3,979952,VEGA LAGUNERA TOYOTA  ADAREVA TENERIFE,HOME,1613926,M. Gomez Fernandez,SF,1128614,I. Arregui Mariezcurrena,SF,1884959,M. Luque Caballero,SF,1379088,P. Soler Suarez,SF,2432295,B. Stevanovic,SF,7.1,427.0,12.0,16.0,-4.0,67.4,89.9,-22.5
2480125,3,979952,VEGA LAGUNERA TOYOTA  ADAREVA TENERIFE,HOME,2639428,C. Parisi,SF,1128614,I. Arregui Mariezcurrena,SF,1379088,P. Soler Suarez,SF,1878753,N. Ibañez Silvestre,SF,2735173,M. Forsyth,SF,1.1,66.0,0.0,4.0,-4.0,0.0,145.5,-145.5
2480125,3,979952,VEGA LAGUNERA TOYOTA  ADAREVA TENERIFE,HOME,2639428,C. Parisi,SF,1128614,I. Arregui Mariezcurrena,SF,1878753,N. Ibañez Silvestre,SF,2432295,B. Stevanovic,SF,2735173,M. Forsyth,SF,0.5,30.0,0.0,2.0,-2.0,0.0,160.0,-160.0
2480125,3,979952,VEGA LAGUNERA TOYOTA  ADAREVA TENERIFE,HOME,2639428,C. Parisi,SF,1379088,P. Soler Suarez,SF,1884959,M. Luque Caballero,SF,2432295,B. Stevanovic,SF,1613926,M. Gomez Fernandez,SF,0.2,13.0,0.0,2.0,-2.0,0.0,369.2,-369.2
2480125,3,979952,VEGA LAGUNERA TOYOTA  ADAREVA TENERIFE,HOME,2639428,C. Parisi,SF,1379088,P. Soler Suarez,SF,1884959,M. Luque Caballero,SF,2432295,B. Stevanovic,SF,2735173,M. Forsyth,SF,0.2,13.0,2.0,0.0,2.0,369.2,0.0,369.2
2480125,3,979952,VEGA LAGUNERA TOYOTA  ADAREVA TENERIFE,HOME,2639428,C. Parisi,SF,1613926,M. Gomez Fernandez,SF,1379088,P. Soler Suarez,SF,2432295,B. Stevanovic,SF,2735173,M. Forsyth,SF,2.6,159.0,3.0,2.0,1.0,45.3,30.2,15.1
2480125,3,979952,VEGA LAGUNERA TOYOTA  ADAREVA TENERIFE,HOME,2639428,C. Parisi,SF,1613926,M. Gomez Fernandez,SF,1884959,M. Luque Caballero,SF,1379088,P. Soler Suarez,SF,2432295,B. Stevanovic,SF,2.6,154.0,6.0,2.0,4.0,93.5,31.2,62.3
2480125,3,979952,VEGA LAGUNERA TOYOTA  ADAREVA TENERIFE,HOME,2639428,C. Parisi,SF,1884959,M. Luque Caballero,SF,1379088,P. Soler Suarez,SF,2432295,B. Stevanovic,SF,2735173,M. Forsyth,SF,7.5,445.0,8.0,7.0,1.0,43.1,37.8,5.4
2480125,3,981213,AZULMARINO MALLORCA PALMA,AWAY,2791252,A. Bulgak,SF,1083354,M. España Almendro,SF,1434977,C. Grande Pardo,SF,1527601,I. Junio Mbulito,SF,2073955,G. Capel Cilla,SF,6.4,382.0,11.0,8.0,3.0,69.1,50.3,18.8
2480125,3,981213,AZULMARINO MALLORCA PALMA,AWAY,2791252,A. Bulgak,SF,2793759,J. Asinde,SF,1083354,M. España Almendro,SF,1434977,C. Grande Pardo,SF,1527601,I. Junio Mbulito,SF,0.7,41.0,2.0,1.0,1.0,117.1,58.5,58.5
2480125,3,981213,AZULMARINO MALLORCA PALMA,AWAY,2791252,A. Bulgak,SF,2793759,J. Asinde,SF,2815892,A. Siciliano,SF,1083354,M. España Almendro,SF,1865395,M. Garcia Mateo,SF,32.9,1977.0,43.0,45.0,-2.0,52.2,54.6,-2.4
2480126,3,981306,CAJASOL BALONCESTO SEVILLA FEMENINO,AWAY,1758184,C. Sanchez Fernandez-Satorre,SF,1811227,C. Arfinengo Del Carpio,SF,1999405,N. Anitua Garcia,SF,2053354,F. Gassama Dansoko,SF,1723585,A. Morales Sancho,SF,2.2,132.0,4.0,2.0,2.0,72.7,36.4,36.4
2480126,3,981306,CAJASOL BALONCESTO SEVILLA FEMENINO,AWAY,1758184,C. Sanchez Fernandez-Satorre,SF,1993036,I. Rios Rus,SF,1811227,C. Arfinengo Del Carpio,SF,1999405,N. Anitua Garcia,SF,2053354,F. Gassama Dansoko,SF,2.7,160.0,5.0,10.0,-5.0,75.0,150.0,-75.0
2480126,3,981306,CAJASOL BALONCESTO SEVILLA FEMENINO,AWAY,1758184,C. Sanchez Fernandez-Satorre,SF,2791616,L. Vorphal,SF,1993036,I. Rios Rus,SF,1811227,C. Arfinengo Del Carpio,SF,1999405,N. Anitua Garcia,SF,6.3,382.0,10.0,12.0,-2.0,62.8,75.4,-12.6
2480126,3,981306,CAJASOL BALONCESTO SEVILLA FEMENINO,AWAY,1758184,C. Sanchez Fernandez-Satorre,SF,2791616,L. Vorphal,SF,2004240,N. Sanchez Robayo,SF,1993036,I. Rios Rus,SF,1811227,C. Arfinengo Del Carpio,SF,28.6,1726.0,50.0,62.0,-12.0,69.5,86.2,-16.7
2480126,3,981346,LA CORDÁ DE PATERNA NB,HOME,1632609,C. Che Tortola,SF,2173687,M. Llompart Perello,SF,1687305,L. Segura Moreno,SF,2230288,S. Davila Diaz De Ilarraza,SF,2071471,P. Saravia Logroño,SF,0.6,37.0,3.0,3.0,0.0,194.6,194.6,0.0
2480126,3,981346,LA CORDÁ DE PATERNA NB,HOME,2163606,C. Sancho Mauri,SF,2653963,A. Traore,SF,2173687,M. Llompart Perello,SF,1687305,L. Segura Moreno,SF,2071471,P. Saravia Logroño,SF,0.1,5.0,2.0,0.0,2.0,960.0,0.0,960.0
2480126,3,981346,LA CORDÁ DE PATERNA NB,HOME,2653963,A. Traore,SF,1508657,V. Saez Moreno,SF,1632609,C. Che Tortola,SF,1687305,L. Segura Moreno,SF,2071471,P. Saravia Logroño,SF,1.6,97.0,2.0,3.0,-1.0,49.5,74.2,-24.7
2480126,3,981346,LA CORDÁ DE PATERNA NB,HOME,2653963,A. Traore,SF,1508657,V. Saez Moreno,SF,1632609,C. Che Tortola,SF,1687305,L. Segura Moreno,SF,2230288,S. Davila Diaz De Ilarraza,SF,0.1,8.0,0.0,0.0,0.0,0.0,0.0,0.0
2480126,3,981346,LA CORDÁ DE PATERNA NB,HOME,2653963,A. Traore,SF,1508657,V. Saez Moreno,SF,1632609,C. Che Tortola,SF,2173687,M. Llompart Perello,SF,1687305,L. Segura Moreno,SF,2.5,153.0,11.0,1.0,10.0,172.5,15.7,156.9
2480126,3,981346,LA CORDÁ DE PATERNA NB,HOME,2653963,A. Traore,SF,1508657,V. Saez Moreno,SF,1632609,C. Che Tortola,SF,2173687,M. Llompart Perello,SF,2230288,S. Davila Diaz De Ilarraza,SF,0.1,7.0,0.0,1.0,-1.0,0.0,342.9,-342.9
2480126,3,981346,LA CORDÁ DE PATERNA NB,HOME,2653963,A. Traore,SF,1508657,V. Saez Moreno,SF,1632609,C. Che Tortola,SF,2230288,S. Davila Diaz De Ilarraza,SF,2071471,P. Saravia Logroño,SF,1.4,83.0,3.0,0.0,3.0,86.7,0.0,86.7
2480126,3,981346,LA CORDÁ DE PATERNA NB,HOME,2653963,A. Traore,SF,1508657,V. Saez Moreno,SF,2173687,M. Llompart Perello,SF,1687305,L. Segura Moreno,SF,2071471,P. Saravia Logroño,SF,4.1,248.0,7.0,8.0,-1.0,67.7,77.4,-9.7
2480126,3,981346,LA CORDÁ DE PATERNA NB,HOME,2653963,A. Traore,SF,1508657,V. Saez Moreno,SF,2173687,M. Llompart Perello,SF,1687305,L. Segura Moreno,SF,2230288,S. Davila Diaz De Ilarraza,SF,2.4,144.0,5.0,0.0,5.0,83.3,0.0,83.3
2480126,3,981346,LA CORDÁ DE PATERNA NB,HOME,2653963,A. Traore,SF,1508657,V. Saez Moreno,SF,2173687,M. Llompart Perello,SF,2031045,M. Galiana Miralles,SF,2071471,P. Saravia Logroño,SF,2.8,168.0,2.0,8.0,-6.0,28.6,114.3,-85.7
2480126,3,981346,LA CORDÁ DE PATERNA NB,HOME,2653963,A. Traore,SF,1508657,V. Saez Moreno,SF,2173687,M. Llompart Perello,SF,2230288,S. Davila Diaz De Ilarraza,SF,2071471,P. Saravia Logroño,SF,0.9,53.0,0.0,0.0,0.0,0.0,0.0,0.0
2480126,3,981346,LA CORDÁ DE PATERNA NB,HOME,2653963,A. Traore,SF,1632609,C. Che Tortola,SF,2173687,M. Llompart Perello,SF,1687305,L. Segura Moreno,SF,2071471,P. Saravia Logroño,SF,8.5,509.0,13.0,18.0,-5.0,61.3,84.9,-23.6
2480126,3,981346,LA CORDÁ DE PATERNA NB,HOME,2653963,A. Traore,SF,2163606,C. Sancho Mauri,SF,1508657,V. Saez Moreno,SF,1632609,C. Che Tortola,SF,1687305,L. Segura Moreno,SF,0.7,41.0,0.0,3.0,-3.0,0.0,175.6,-175.6
2480126,3,981346,LA CORDÁ DE PATERNA NB,HOME,2653963,A. Traore,SF,2163606,C. Sancho Mauri,SF,1632609,C. Che Tortola,SF,1687305,L. Segura Moreno,SF,2071471,P. Saravia Logroño,SF,4.5,273.0,10.0,6.0,4.0,87.9,52.7,35.2
2480126,3,981346,LA CORDÁ DE PATERNA NB,HOME,2653963,A. Traore,SF,2163606,C. Sancho Mauri,SF,2173687,M. Llompart Perello,SF,1687305,L. Segura Moreno,SF,2230288,S. Davila Diaz De Ilarraza,SF,0.1,6.0,3.0,0.0,3.0,1200.0,0.0,1200.0
2480126,3,981346,LA CORDÁ DE PATERNA NB,HOME,2796302,P. Gabriel,SF,1508657,V. Saez Moreno,SF,1632609,C. Che Tortola,SF,1687305,L. Segura Moreno,SF,2071471,P. Saravia Logroño,SF,1.1,65.0,4.0,3.0,1.0,147.7,110.8,36.9
2480126,3,981346,LA CORDÁ DE PATERNA NB,HOME,2796302,P. Gabriel,SF,1508657,V. Saez Moreno,SF,1632609,C. Che Tortola,SF,2173687,M. Llompart Perello,SF,2031045,M. Galiana Miralles,SF,0.3,18.0,0.0,0.0,0.0,0.0,0.0,0.0
2480126,3,981346,LA CORDÁ DE PATERNA NB,HOME,2796302,P. Gabriel,SF,1508657,V. Saez Moreno,SF,1632609,C. Che Tortola,SF,2173687,M. Llompart Perello,SF,2230288,S. Davila Diaz De Ilarraza,SF,0.6,37.0,3.0,2.0,1.0,194.6,129.7,64.9
2480126,3,981346,LA CORDÁ DE PATERNA NB,HOME,2796302,P. Gabriel,SF,1508657,V. Saez Moreno,SF,2173687,M. Llompart Perello,SF,1687305,L. Segura Moreno,SF,2230288,S. Davila Diaz De Ilarraza,SF,1.0,60.0,3.0,2.0,1.0,120.0,80.0,40.0
2480126,3,981346,LA CORDÁ DE PATERNA NB,HOME,2796302,P. Gabriel,SF,1508657,V. Saez Moreno,SF,2173687,M. Llompart Perello,SF,2031045,M. Galiana Miralles,SF,2071471,P. Saravia Logroño,SF,0.4,24.0,0.0,0.0,0.0,0.0,0.0,0.0
2480126,3,981346,LA CORDÁ DE PATERNA NB,HOME,2796302,P. Gabriel,SF,1508657,V. Saez Moreno,SF,2173687,M. Llompart Perello,SF,2031045,M. Galiana Miralles,SF,2230288,S. Davila Diaz De Ilarraza,SF,1.3,80.0,2.0,2.0,0.0,60.0,60.0,0.0
2480126,3,981346,LA CORDÁ DE PATERNA NB,HOME,2796302,P. Gabriel,SF,1508657,V. Saez Moreno,SF,2173687,M. Llompart Perello,SF,2230288,S. Davila Diaz De Ilarraza,SF,2071471,P. Saravia Logroño,SF,2.1,126.0,9.0,6.0,3.0,171.4,114.3,57.1
2480126,3,981346,LA CORDÁ DE PATERNA NB,HOME,2796302,P. Gabriel,SF,2163606,C. Sancho Mauri,SF,1508657,V. Saez Moreno,SF,1632609,C. Che Tortola,SF,2031045,M. Galiana Miralles,SF,1.1,64.0,2.0,2.0,0.0,75.0,75.0,0.0
2480126,3,981346,LA CORDÁ DE PATERNA NB,HOME,2796302,P. Gabriel,SF,2163606,C. Sancho Mauri,SF,1508657,V. Saez Moreno,SF,1632609,C. Che Tortola,SF,2230288,S. Davila Diaz De Ilarraza,SF,1.4,85.0,2.0,0.0,2.0,56.5,0.0,56.5
2480126,3,981346,LA CORDÁ DE PATERNA NB,HOME,2796302,P. Gabriel,SF,2653963,A. Traore,SF,2163606,C. Sancho Mauri,SF,2173687,M. Llompart Perello,SF,2230288,S. Davila Diaz De Ilarraza,SF,0.1,9.0,0.0,1.0,-1.0,0.0,266.7,-266.7
2480127,3,979912,DOMUSA TEKNIK ISB,HOME,1894119,S. Iparraguirre Alustiza,SF,2735761,B. Tomancova,SF,2364470,G. Leaupepe,SF,2021400,M. Gutierrez Ibañez,SF,2818816,I. Araújo Gouveia Vieira,SF,3.4,207.0,2.0,5.0,-3.0,23.2,58.0,-34.8
2480127,3,979912,DOMUSA TEKNIK ISB,HOME,2364470,G. Leaupepe,SF,1826917,J. Azcue Jauregui,SF,2818813,E. Lalotte,SF,2021400,M. Gutierrez Ibañez,SF,2818816,I. Araújo Gouveia Vieira,SF,4.2,247.0,6.0,8.0,-2.0,58.3,77.7,-19.4
2480127,3,979912,DOMUSA TEKNIK ISB,HOME,2735761,B. Tomancova,SF,2364470,G. Leaupepe,SF,1826917,J. Azcue Jauregui,SF,2021400,M. Gutierrez Ibañez,SF,2818816,I. Araújo Gouveia Vieira,SF,1.8,108.0,5.0,3.0,2.0,111.1,66.7,44.4
2480127,3,979912,DOMUSA TEKNIK ISB,HOME,2735761,B. Tomancova,SF,2364470,G. Leaupepe,SF,2145033,A. Lizundia Arozena,SF,2021400,M. Gutierrez Ibañez,SF,2818816,I. Araújo Gouveia Vieira,SF,4.2,255.0,3.0,9.0,-6.0,28.2,84.7,-56.5
2480127,3,979912,DOMUSA TEKNIK ISB,HOME,2818717,S. Van,SF,1894119,S. Iparraguirre Alustiza,SF,1826917,J. Azcue Jauregui,SF,2818813,E. Lalotte,SF,2818816,I. Araújo Gouveia Vieira,SF,2.4,145.0,3.0,3.0,0.0,49.7,49.7,0.0
2480127,3,979912,DOMUSA TEKNIK ISB,HOME,2818717,S. Van,SF,1894119,S. Iparraguirre Alustiza,SF,2145033,A. Lizundia Arozena,SF,2818813,E. Lalotte,SF,2818816,I. Araújo Gouveia Vieira,SF,3.9,231.0,3.0,8.0,-5.0,31.2,83.1,-51.9
2480127,3,979912,DOMUSA TEKNIK ISB,HOME,2818717,S. Van,SF,1894119,S. Iparraguirre Alustiza,SF,2364470,G. Leaupepe,SF,1826917,J. Azcue Jauregui,SF,2818813,E. Lalotte,SF,2.3,137.0,6.0,5.0,1.0,105.1,87.6,17.5
2480127,3,979912,DOMUSA TEKNIK ISB,HOME,2818717,S. Van,SF,1894119,S. Iparraguirre Alustiza,SF,2735761,B. Tomancova,SF,2145033,A. Lizundia Arozena,SF,2818816,I. Araújo Gouveia Vieira,SF,1.1,66.0,2.0,3.0,-1.0,72.7,109.1,-36.4
2480127,3,979912,DOMUSA TEKNIK ISB,HOME,2818717,S. Van,SF,2145033,A. Lizundia Arozena,SF,1826917,J. Azcue Jauregui,SF,2818813,E. Lalotte,SF,2818816,I. Araújo Gouveia Vieira,SF,1.3,78.0,0.0,0.0,0.0,0.0,0.0,0.0
2480127,3,979912,DOMUSA TEKNIK ISB,HOME,2818717,S. Van,SF,2364470,G. Leaupepe,SF,1826917,J. Azcue Jauregui,SF,2021400,M. Gutierrez Ibañez,SF,2818816,I. Araújo Gouveia Vieira,SF,3.2,201.0,4.0,5.0,-1.0,47.8,59.7,-11.9
2480127,3,979912,DOMUSA TEKNIK ISB,HOME,2818717,S. Van,SF,2735761,B. Tomancova,SF,1894119,S. Iparraguirre Alustiza,SF,2145033,A. Lizundia Arozena,SF,2818816,I. Araújo Gouveia Vieira,SF,8.5,509.0,8.0,8.0,0.0,37.7,37.7,0.0
2480127,3,979912,DOMUSA TEKNIK ISB,HOME,2818717,S. Van,SF,2735761,B. Tomancova,SF,1894119,S. Iparraguirre Alustiza,SF,2364470,G. Leaupepe,SF,2145033,A. Lizundia Arozena,SF,0.8,46.0,2.0,0.0,2.0,104.3,0.0,104.3
2480127,3,979912,DOMUSA TEKNIK ISB,HOME,2818717,S. Van,SF,2735761,B. Tomancova,SF,2145033,A. Lizundia Arozena,SF,1826917,J. Azcue Jauregui,SF,2818816,I. Araújo Gouveia Vieira,SF,2.9,170.0,7.0,2.0,5.0,98.8,28.2,70.6
2480127,3,981334,UNICAJA MIJAS,AWAY,2096249,T. Eke Benitez,SF,1317227,C. Garcia Paunero,SF,1723860,S. Galeron Alvarez,SF,1949233,A. Orois Aznarez,SF,2643500,C. Capellan Santana,SF,5.7,340.0,8.0,6.0,2.0,56.5,42.4,14.1
2480127,3,981334,UNICAJA MIJAS,AWAY,2096249,T. Eke Benitez,SF,1317227,C. Garcia Paunero,SF,1884837,M. Roters Dubinina,SF,1723860,S. Galeron Alvarez,SF,2207028,N. Merino Ruiz,SF,6.6,393.0,5.0,12.0,-7.0,30.5,73.3,-42.7
2480127,3,981334,UNICAJA MIJAS,AWAY,2096249,T. Eke Benitez,SF,1884837,M. Roters Dubinina,SF,1317227,C. Garcia Paunero,SF,1723860,S. Galeron Alvarez,SF,2207028,N. Merino Ruiz,SF,6.9,419.0,15.0,7.0,8.0,85.9,40.1,45.8
2480127,3,981334,UNICAJA MIJAS,AWAY,2096249,T. Eke Benitez,SF,1884837,M. Roters Dubinina,SF,1723860,S. Galeron Alvarez,SF,2207028,N. Merino Ruiz,SF,2643500,C. Capellan Santana,SF,0.5,30.0,0.0,0.0,0.0,0.0,0.0,0.0
2480127,3,981334,UNICAJA MIJAS,AWAY,2096249,T. Eke Benitez,SF,1884837,M. Roters Dubinina,SF,2814756,C. Zimmerman,SF,2207028,N. Merino Ruiz,SF,1949233,A. Orois Aznarez,SF,2.1,133.0,5.0,7.0,-2.0,90.2,126.3,-36.1
2480127,3,981334,UNICAJA MIJAS,AWAY,2096249,T. Eke Benitez,SF,1884837,M. Roters Dubinina,SF,2814756,C. Zimmerman,SF,2207028,N. Merino Ruiz,SF,2643500,C. Capellan Santana,SF,2.2,134.0,3.0,0.0,3.0,53.7,0.0,53.7
2480127,3,981334,UNICAJA MIJAS,AWAY,2096249,T. Eke Benitez,SF,2814756,C. Zimmerman,SF,1884837,M. Roters Dubinina,SF,1317227,C. Garcia Paunero,SF,2207028,N. Merino Ruiz,SF,0.9,52.0,0.0,3.0,-3.0,0.0,138.5,-138.5
2480127,3,981334,UNICAJA MIJAS,AWAY,2096249,T. Eke Benitez,SF,2814756,C. Zimmerman,SF,1884837,M. Roters Dubinina,SF,1954737,E. Puiggros Rovira,SF,1994192,E. Moreno Fernandez,SF,1.4,80.0,5.0,3.0,2.0,150.0,90.0,60.0
2480127,3,981334,UNICAJA MIJAS,AWAY,2096249,T. Eke Benitez,SF,2814756,C. Zimmerman,SF,1884837,M. Roters Dubinina,SF,2207028,N. Merino Ruiz,SF,1954737,E. Puiggros Rovira,SF,0.6,36.0,0.0,0.0,0.0,0.0,0.0,0.0
2480127,3,981334,UNICAJA MIJAS,AWAY,2096249,T. Eke Benitez,SF,2814756,C. Zimmerman,SF,1884837,M. Roters Dubinina,SF,2207028,N. Merino Ruiz,SF,2643500,C. Capellan Santana,SF,0.7,42.0,0.0,0.0,0.0,0.0,0.0,0.0
2480127,3,981334,UNICAJA MIJAS,AWAY,2814756,C. Zimmerman,SF,1884837,M. Roters Dubinina,SF,1317227,C. Garcia Paunero,SF,2012623,S. Lo Sylla,SF,2207028,N. Merino Ruiz,SF,2.0,118.0,3.0,0.0,3.0,61.0,0.0,61.0
2480127,3,981334,UNICAJA MIJAS,AWAY,2814756,C. Zimmerman,SF,1884837,M. Roters Dubinina,SF,2012623,S. Lo Sylla,SF,1949233,A. Orois Aznarez,SF,1994192,E. Moreno Fernandez,SF,1.5,89.0,0.0,2.0,-2.0,0.0,53.9,-53.9
2480127,3,981334,UNICAJA MIJAS,AWAY,2814756,C. Zimmerman,SF,1884837,M. Roters Dubinina,SF,2012623,S. Lo Sylla,SF,1954737,E. Puiggros Rovira,SF,1994192,E. Moreno Fernandez,SF,2.3,138.0,5.0,3.0,2.0,87.0,52.2,34.8
2480127,3,981334,UNICAJA MIJAS,AWAY,2814756,C. Zimmerman,SF,1884837,M. Roters Dubinina,SF,2012623,S. Lo Sylla,SF,2207028,N. Merino Ruiz,SF,1949233,A. Orois Aznarez,SF,3.9,235.0,4.0,2.0,2.0,40.9,20.4,20.4
2480127,3,981334,UNICAJA MIJAS,AWAY,2814756,C. Zimmerman,SF,1884837,M. Roters Dubinina,SF,2012623,S. Lo Sylla,SF,2207028,N. Merino Ruiz,SF,2643500,C. Capellan Santana,SF,2.7,161.0,6.0,6.0,0.0,89.4,89.4,0.0
2480128,3,981242,C.B. SANTFELIUENC,HOME,2050086,M. Muñoz Moyano,SF,2073654,C. Gil Abad,SF,2190844,S. Pares Vilaseca,SF,2816669,A. Marotte,SF,1752455,I. Conde Duran,SF,0.8,48.0,0.0,5.0,-5.0,0.0,250.0,-250.0
2480128,3,981242,C.B. SANTFELIUENC,HOME,2050086,M. Muñoz Moyano,SF,2816766,A. Coulibaly,SF,2155489,X. Salzmann Romeu,SF,2190844,S. Pares Vilaseca,SF,1752455,I. Conde Duran,SF,0.6,38.0,0.0,0.0,0.0,0.0,0.0,0.0
2480128,3,981242,C.B. SANTFELIUENC,HOME,2056237,L. Salmeron Segu,SF,2073654,C. Gil Abad,SF,2190844,S. Pares Vilaseca,SF,2816669,A. Marotte,SF,1752455,I. Conde Duran,SF,0.1,6.0,2.0,0.0,2.0,800.0,0.0,800.0
2480128,3,981242,C.B. SANTFELIUENC,HOME,2056237,L. Salmeron Segu,SF,2151715,J. Nogués Martí,SF,2073654,C. Gil Abad,SF,2748944,A. Meite,SF,2816051,E. Tenbrock,SF,1.7,103.0,2.0,1.0,1.0,46.6,23.3,23.3
2480128,3,981242,C.B. SANTFELIUENC,HOME,2056237,L. Salmeron Segu,SF,2151715,J. Nogués Martí,SF,2748944,A. Meite,SF,2816669,A. Marotte,SF,2816051,E. Tenbrock,SF,8.3,498.0,13.0,13.0,0.0,62.7,62.7,0.0
2480128,3,981242,C.B. SANTFELIUENC,HOME,2056237,L. Salmeron Segu,SF,2151715,J. Nogués Martí,SF,2816053,A. Tibe,SF,2073654,C. Gil Abad,SF,1752455,I. Conde Duran,SF,2.0,121.0,5.0,5.0,0.0,99.2,99.2,0.0
2480128,3,981242,C.B. SANTFELIUENC,HOME,2056237,L. Salmeron Segu,SF,2151715,J. Nogués Martí,SF,2816053,A. Tibe,SF,2073654,C. Gil Abad,SF,2748944,A. Meite,SF,3.4,200.0,7.0,8.0,-1.0,84.0,96.0,-12.0
2480128,3,981242,C.B. SANTFELIUENC,HOME,2056237,L. Salmeron Segu,SF,2151715,J. Nogués Martí,SF,2816669,A. Marotte,SF,2748944,A. Meite,SF,2816051,E. Tenbrock,SF,0.3,19.0,3.0,0.0,3.0,378.9,0.0,378.9
2480128,3,981242,C.B. SANTFELIUENC,HOME,2056237,L. Salmeron Segu,SF,2151715,J. Nogués Martí,SF,2816766,A. Coulibaly,SF,2155489,X. Salzmann Romeu,SF,2816669,A. Marotte,SF,1.9,116.0,3.0,0.0,3.0,62.1,0.0,62.1
2480128,3,981242,C.B. SANTFELIUENC,HOME,2056237,L. Salmeron Segu,SF,2816766,A. Coulibaly,SF,2155489,X. Salzmann Romeu,SF,2190844,S. Pares Vilaseca,SF,2073654,C. Gil Abad,SF,0.1,8.0,0.0,2.0,-2.0,0.0,600.0,-600.0
2480128,3,981242,C.B. SANTFELIUENC,HOME,2151715,J. Nogués Martí,SF,2050086,M. Muñoz Moyano,SF,2155489,X. Salzmann Romeu,SF,1752455,I. Conde Duran,SF,2816051,E. Tenbrock,SF,0.8,46.0,2.0,2.0,0.0,104.3,104.3,0.0
2480128,3,981242,C.B. SANTFELIUENC,HOME,2151715,J. Nogués Martí,SF,2050086,M. Muñoz Moyano,SF,2190844,S. Pares Vilaseca,SF,2816669,A. Marotte,SF,1752455,I. Conde Duran,SF,1.1,63.0,1.0,1.0,0.0,38.1,38.1,0.0
2480128,3,981242,C.B. SANTFELIUENC,HOME,2151715,J. Nogués Martí,SF,2050086,M. Muñoz Moyano,SF,2748944,A. Meite,SF,2190844,S. Pares Vilaseca,SF,2816669,A. Marotte,SF,1.0,59.0,2.0,2.0,0.0,81.4,81.4,0.0
2480128,3,981242,C.B. SANTFELIUENC,HOME,2151715,J. Nogués Martí,SF,2050086,M. Muñoz Moyano,SF,2748944,A. Meite,SF,2816669,A. Marotte,SF,2816051,E. Tenbrock,SF,0.3,20.0,0.0,0.0,0.0,0.0,0.0,0.0
2480128,3,981242,C.B. SANTFELIUENC,HOME,2151715,J. Nogués Martí,SF,2050086,M. Muñoz Moyano,SF,2816669,A. Marotte,SF,1752455,I. Conde Duran,SF,2816051,E. Tenbrock,SF,1.6,95.0,0.0,1.0,-1.0,0.0,25.3,-25.3
2480128,3,981242,C.B. SANTFELIUENC,HOME,2151715,J. Nogués Martí,SF,2050086,M. Muñoz Moyano,SF,2816766,A. Coulibaly,SF,2155489,X. Salzmann Romeu,SF,1752455,I. Conde Duran,SF,0.3,17.0,0.0,0.0,0.0,0.0,0.0,0.0
2480128,3,981242,C.B. SANTFELIUENC,HOME,2151715,J. Nogués Martí,SF,2056237,L. Salmeron Segu,SF,2748944,A. Meite,SF,2816669,A. Marotte,SF,2816051,E. Tenbrock,SF,3.9,233.0,5.0,4.0,1.0,51.5,41.2,10.3
2480128,3,981242,C.B. SANTFELIUENC,HOME,2151715,J. Nogués Martí,SF,2056237,L. Salmeron Segu,SF,2816053,A. Tibe,SF,2816669,A. Marotte,SF,1752455,I. Conde Duran,SF,0.4,26.0,0.0,2.0,-2.0,0.0,184.6,-184.6
2480128,3,981242,C.B. SANTFELIUENC,HOME,2151715,J. Nogués Martí,SF,2056237,L. Salmeron Segu,SF,2816669,A. Marotte,SF,1752455,I. Conde Duran,SF,2816051,E. Tenbrock,SF,2.9,172.0,6.0,0.0,6.0,83.7,0.0,83.7
2480128,3,981242,C.B. SANTFELIUENC,HOME,2151715,J. Nogués Martí,SF,2073654,C. Gil Abad,SF,2155489,X. Salzmann Romeu,SF,2748944,A. Meite,SF,2816051,E. Tenbrock,SF,0.1,9.0,1.0,0.0,1.0,266.7,0.0,266.7
2480128,3,981242,C.B. SANTFELIUENC,HOME,2151715,J. Nogués Martí,SF,2748944,A. Meite,SF,2155489,X. Salzmann Romeu,SF,2190844,S. Pares Vilaseca,SF,2816669,A. Marotte,SF,3.1,185.0,5.0,5.0,0.0,64.9,64.9,0.0
2480128,3,981242,C.B. SANTFELIUENC,HOME,2151715,J. Nogués Martí,SF,2816053,A. Tibe,SF,2816669,A. Marotte,SF,1752455,I. Conde Duran,SF,2073654,C. Gil Abad,SF,1.4,83.0,3.0,0.0,3.0,86.7,0.0,86.7
2480128,3,981242,C.B. SANTFELIUENC,HOME,2151715,J. Nogués Martí,SF,2816766,A. Coulibaly,SF,2155489,X. Salzmann Romeu,SF,2190844,S. Pares Vilaseca,SF,2816669,A. Marotte,SF,1.0,60.0,2.0,2.0,0.0,80.0,80.0,0.0
2480128,3,981242,C.B. SANTFELIUENC,HOME,2816053,A. Tibe,SF,2155489,X. Salzmann Romeu,SF,2190844,S. Pares Vilaseca,SF,1752455,I. Conde Duran,SF,2073654,C. Gil Abad,SF,0.8,51.0,2.0,2.0,0.0,94.1,94.1,0.0
2480128,3,981242,C.B. SANTFELIUENC,HOME,2816053,A. Tibe,SF,2190844,S. Pares Vilaseca,SF,2816669,A. Marotte,SF,1752455,I. Conde Duran,SF,2073654,C. Gil Abad,SF,0.5,27.0,0.0,0.0,0.0,0.0,0.0,0.0
2480128,3,981242,C.B. SANTFELIUENC,HOME,2816766,A. Coulibaly,SF,2155489,X. Salzmann Romeu,SF,2190844,S. Pares Vilaseca,SF,1752455,I. Conde Duran,SF,2073654,C. Gil Abad,SF,1.6,97.0,0.0,1.0,-1.0,0.0,24.7,-24.7
2480128,3,981356,BOSONIT UNIBASKET,AWAY,1626810,C. Aldecoa Rodriguez,SF,1778980,I. Losada Gonzalez-Babe,SF,2735759,L. Van Schaik,SF,2151019,N. Padrosa Mons,SF,1834784,E. Florez Pascual,SF,0.1,8.0,2.0,0.0,2.0,600.0,0.0,600.0
2480128,3,981356,BOSONIT UNIBASKET,AWAY,1626810,C. Aldecoa Rodriguez,SF,2819119,T. Sedláková,SF,1678734,M. Llorente Ruiz,SF,2735759,L. Van Schaik,SF,1821692,M. Alonso Guadaño,SF,0.1,9.0,0.0,1.0,-1.0,0.0,266.7,-266.7
2480128,3,981356,BOSONIT UNIBASKET,AWAY,1626810,C. Aldecoa Rodriguez,SF,2819119,T. Sedláková,SF,1778980,I. Losada Gonzalez-Babe,SF,2735759,L. Van Schaik,SF,1821692,M. Alonso Guadaño,SF,1.6,97.0,1.0,0.0,1.0,24.7,0.0,24.7
2480128,3,981356,BOSONIT UNIBASKET,AWAY,1626810,C. Aldecoa Rodriguez,SF,2819119,T. Sedláková,SF,2151019,N. Padrosa Mons,SF,1778980,I. Losada Gonzalez-Babe,SF,1821692,M. Alonso Guadaño,SF,2.4,144.0,0.0,5.0,-5.0,0.0,83.3,-83.3
2480128,3,981356,BOSONIT UNIBASKET,AWAY,1626810,C. Aldecoa Rodriguez,SF,2819119,T. Sedláková,SF,2151019,N. Padrosa Mons,SF,1821692,M. Alonso Guadaño,SF,1834784,E. Florez Pascual,SF,1.7,103.0,4.0,0.0,4.0,93.2,0.0,93.2
2480128,3,981356,BOSONIT UNIBASKET,AWAY,1626810,C. Aldecoa Rodriguez,SF,2819119,T. Sedláková,SF,2819121,H. Forster,SF,2735759,L. Van Schaik,SF,1821692,M. Alonso Guadaño,SF,0.3,19.0,0.0,3.0,-3.0,0.0,378.9,-378.9
2480128,3,981356,BOSONIT UNIBASKET,AWAY,1626810,C. Aldecoa Rodriguez,SF,2819121,H. Forster,SF,1678734,M. Llorente Ruiz,SF,1821692,M. Alonso Guadaño,SF,1834784,E. Florez Pascual,SF,1.6,96.0,0.0,6.0,-6.0,0.0,150.0,-150.0
2480128,3,981356,BOSONIT UNIBASKET,AWAY,1626810,C. Aldecoa Rodriguez,SF,2819121,H. Forster,SF,1678734,M. Llorente Ruiz,SF,2151019,N. Padrosa Mons,SF,1778980,I. Losada Gonzalez-Babe,SF,1.0,59.0,2.0,2.0,0.0,81.4,81.4,0.0
2480128,3,981356,BOSONIT UNIBASKET,AWAY,1626810,C. Aldecoa Rodriguez,SF,2819121,H. Forster,SF,1678734,M. Llorente Ruiz,SF,2151019,N. Padrosa Mons,SF,1834784,E. Florez Pascual,SF,2.4,139.0,1.0,1.0,0.0,17.3,17.3,0.0
2480128,3,981356,BOSONIT UNIBASKET,AWAY,1626810,C. Aldecoa Rodriguez,SF,2819121,H. Forster,SF,1778980,I. Losada Gonzalez-Babe,SF,2735759,L. Van Schaik,SF,1821692,M. Alonso Guadaño,SF,2.1,125.0,2.0,2.0,0.0,38.4,38.4,0.0
2480128,3,981356,BOSONIT UNIBASKET,AWAY,1626810,C. Aldecoa Rodriguez,SF,2819121,H. Forster,SF,2151019,N. Padrosa Mons,SF,1821692,M. Alonso Guadaño,SF,1834784,E. Florez Pascual,SF,1.9,114.0,3.0,5.0,-2.0,63.2,105.3,-42.1
2480128,3,981356,BOSONIT UNIBASKET,AWAY,1626810,C. Aldecoa Rodriguez,SF,2819121,H. Forster,SF,2735759,L. Van Schaik,SF,1821692,M. Alonso Guadaño,SF,1834784,E. Florez Pascual,SF,6.5,388.0,8.0,11.0,-3.0,49.5,68.0,-18.6
2480128,3,981356,BOSONIT UNIBASKET,AWAY,1626810,C. Aldecoa Rodriguez,SF,2819121,H. Forster,SF,2735759,L. Van Schaik,SF,2151019,N. Padrosa Mons,SF,1834784,E. Florez Pascual,SF,1.3,78.0,2.0,2.0,0.0,61.5,61.5,0.0
2480128,3,981356,BOSONIT UNIBASKET,AWAY,1834784,E. Florez Pascual,SF,2819119,T. Sedláková,SF,1678734,M. Llorente Ruiz,SF,2735759,L. Van Schaik,SF,1821692,M. Alonso Guadaño,SF,1.7,101.0,0.0,2.0,-2.0,0.0,47.5,-47.5
2480128,3,981356,BOSONIT UNIBASKET,AWAY,1834784,E. Florez Pascual,SF,2819121,H. Forster,SF,1678734,M. Llorente Ruiz,SF,2735759,L. Van Schaik,SF,1821692,M. Alonso Guadaño,SF,1.4,86.0,2.0,0.0,2.0,55.8,0.0,55.8
2480128,3,981356,BOSONIT UNIBASKET,AWAY,2819119,T. Sedláková,SF,1626810,C. Aldecoa Rodriguez,SF,1778980,I. Losada Gonzalez-Babe,SF,1821692,M. Alonso Guadaño,SF,1834784,E. Florez Pascual,SF,2.6,154.0,4.0,0.0,4.0,62.3,0.0,62.3
2480128,3,981356,BOSONIT UNIBASKET,AWAY,2819119,T. Sedláková,SF,1626810,C. Aldecoa Rodriguez,SF,2735759,L. Van Schaik,SF,1821692,M. Alonso Guadaño,SF,1834784,E. Florez Pascual,SF,0.5,32.0,0.0,0.0,0.0,0.0,0.0,0.0
2480128,3,981356,BOSONIT UNIBASKET,AWAY,2819119,T. Sedláková,SF,1678734,M. Llorente Ruiz,SF,1778980,I. Losada Gonzalez-Babe,SF,2735759,L. Van Schaik,SF,1821692,M. Alonso Guadaño,SF,0.4,24.0,1.0,0.0,1.0,100.0,0.0,100.0
2480128,3,981356,BOSONIT UNIBASKET,AWAY,2819119,T. Sedláková,SF,1678734,M. Llorente Ruiz,SF,2151019,N. Padrosa Mons,SF,2735759,L. Van Schaik,SF,1834784,E. Florez Pascual,SF,0.8,48.0,2.0,3.0,-1.0,100.0,150.0,-50.0
2480128,3,981356,BOSONIT UNIBASKET,AWAY,2819119,T. Sedláková,SF,1678734,M. Llorente Ruiz,SF,2735759,L. Van Schaik,SF,1821692,M. Alonso Guadaño,SF,1834784,E. Florez Pascual,SF,1.6,91.0,5.0,5.0,0.0,131.9,131.9,0.0
2480128,3,981356,BOSONIT UNIBASKET,AWAY,2819121,H. Forster,SF,1678734,M. Llorente Ruiz,SF,2151019,N. Padrosa Mons,SF,2735759,L. Van Schaik,SF,1834784,E. Florez Pascual,SF,1.1,69.0,5.0,2.0,3.0,173.9,69.6,104.3
2480128,3,981356,BOSONIT UNIBASKET,AWAY,2819121,H. Forster,SF,1678734,M. Llorente Ruiz,SF,2735759,L. Van Schaik,SF,1821692,M. Alonso Guadaño,SF,1834784,E. Florez Pascual,SF,2.8,166.0,6.0,2.0,4.0,86.7,28.9,57.8
2480128,3,981356,BOSONIT UNIBASKET,AWAY,2819121,H. Forster,SF,1678734,M. Llorente Ruiz,SF,2735759,L. Van Schaik,SF,2151019,N. Padrosa Mons,SF,1834784,E. Florez Pascual,SF,2.8,168.0,4.0,8.0,-4.0,57.1,114.3,-57.1
2480128,3,981356,BOSONIT UNIBASKET,AWAY,2819121,H. Forster,SF,2735759,L. Van Schaik,SF,2151019,N. Padrosa Mons,SF,1821692,M. Alonso Guadaño,SF,1834784,E. Florez Pascual,SF,1.3,82.0,2.0,4.0,-2.0,58.5,117.1,-58.5
2480129,4,981206,MCR LIMA-HORTA BARCELONA,AWAY,1908281,M. Aguado Tortella,SF,1886093,E. Escuder Gonzalez,SF,1958425,L. Roig I Salrach,SF,1912814,N. Barrientos Pereira,SF,2642945,B. Chasco Maso,SF,3.5,210.0,1.0,7.0,-6.0,11.4,80.0,-68.6
2480129,4,981206,MCR LIMA-HORTA BARCELONA,AWAY,1908281,M. Aguado Tortella,SF,1968768,I. Subirats Teruel,SF,1958425,L. Roig I Salrach,SF,1912814,N. Barrientos Pereira,SF,2042157,C. Ripoll Moya,SF,0.0,1.0,2.0,0.0,2.0,4800.0,0.0,4800.0
2480129,4,981206,MCR LIMA-HORTA BARCELONA,AWAY,1908281,M. Aguado Tortella,SF,1968768,I. Subirats Teruel,SF,1958425,L. Roig I Salrach,SF,1912814,N. Barrientos Pereira,SF,2642945,B. Chasco Maso,SF,4.6,274.0,6.0,11.0,-5.0,52.6,96.4,-43.8
2480129,4,981206,MCR LIMA-HORTA BARCELONA,AWAY,1908281,M. Aguado Tortella,SF,1968768,I. Subirats Teruel,SF,1959765,J. Rueda Choni,SF,1958425,L. Roig I Salrach,SF,2642945,B. Chasco Maso,SF,1.3,73.0,0.0,1.0,-1.0,0.0,32.9,-32.9
2480129,4,981206,MCR LIMA-HORTA BARCELONA,AWAY,2049841,E. Trawally Porta,SF,1908281,M. Aguado Tortella,SF,1968768,I. Subirats Teruel,SF,1958425,L. Roig I Salrach,SF,2642945,B. Chasco Maso,SF,2.5,151.0,4.0,11.0,-7.0,63.6,174.8,-111.3
2480129,4,981206,MCR LIMA-HORTA BARCELONA,AWAY,2235190,E. Morales López,SF,1908281,M. Aguado Tortella,SF,1958425,L. Roig I Salrach,SF,1912814,N. Barrientos Pereira,SF,2042157,C. Ripoll Moya,SF,1.2,71.0,2.0,4.0,-2.0,67.6,135.2,-67.6
2480129,4,981206,MCR LIMA-HORTA BARCELONA,AWAY,2235190,E. Morales López,SF,1908281,M. Aguado Tortella,SF,1959765,J. Rueda Choni,SF,1958425,L. Roig I Salrach,SF,2042157,C. Ripoll Moya,SF,3.3,201.0,6.0,5.0,1.0,71.6,59.7,11.9
2480129,4,981206,MCR LIMA-HORTA BARCELONA,AWAY,2235190,E. Morales López,SF,1908281,M. Aguado Tortella,SF,1968768,I. Subirats Teruel,SF,1958425,L. Roig I Salrach,SF,1912814,N. Barrientos Pereira,SF,0.2,12.0,0.0,0.0,0.0,0.0,0.0,0.0
2480129,4,981206,MCR LIMA-HORTA BARCELONA,AWAY,2235190,E. Morales López,SF,1908281,M. Aguado Tortella,SF,1968768,I. Subirats Teruel,SF,1958425,L. Roig I Salrach,SF,2042157,C. Ripoll Moya,SF,2.8,165.0,3.0,4.0,-1.0,43.6,58.2,-14.5
2480129,4,981206,MCR LIMA-HORTA BARCELONA,AWAY,2235190,E. Morales López,SF,1908281,M. Aguado Tortella,SF,1968768,I. Subirats Teruel,SF,1959765,J. Rueda Choni,SF,1958425,L. Roig I Salrach,SF,1.5,89.0,0.0,2.0,-2.0,0.0,53.9,-53.9
2480129,4,981206,MCR LIMA-HORTA BARCELONA,AWAY,2235190,E. Morales López,SF,1908281,M. Aguado Tortella,SF,1968768,I. Subirats Teruel,SF,1959765,J. Rueda Choni,SF,2042157,C. Ripoll Moya,SF,3.4,205.0,2.0,0.0,2.0,23.4,0.0,23.4
2480129,4,981206,MCR LIMA-HORTA BARCELONA,AWAY,2235190,E. Morales López,SF,1908281,M. Aguado Tortella,SF,1968768,I. Subirats Teruel,SF,1959765,J. Rueda Choni,SF,2642945,B. Chasco Maso,SF,0.3,19.0,0.0,0.0,0.0,0.0,0.0,0.0
2480129,4,981206,MCR LIMA-HORTA BARCELONA,AWAY,2235190,E. Morales López,SF,1959765,J. Rueda Choni,SF,1958425,L. Roig I Salrach,SF,1912814,N. Barrientos Pereira,SF,2042157,C. Ripoll Moya,SF,3.2,192.0,4.0,5.0,-1.0,50.0,62.5,-12.5
2480129,4,981206,MCR LIMA-HORTA BARCELONA,AWAY,2235190,E. Morales López,SF,1968768,I. Subirats Teruel,SF,1959765,J. Rueda Choni,SF,1912814,N. Barrientos Pereira,SF,2042157,C. Ripoll Moya,SF,0.8,46.0,0.0,0.0,0.0,0.0,0.0,0.0
2480129,4,981206,MCR LIMA-HORTA BARCELONA,AWAY,2235190,E. Morales López,SF,1968768,I. Subirats Teruel,SF,1959765,J. Rueda Choni,SF,2642945,B. Chasco Maso,SF,2042157,C. Ripoll Moya,SF,1.2,73.0,3.0,0.0,3.0,98.6,0.0,98.6
2480129,4,981206,MCR LIMA-HORTA BARCELONA,AWAY,2235190,E. Morales López,SF,2049841,E. Trawally Porta,SF,1908281,M. Aguado Tortella,SF,1968768,I. Subirats Teruel,SF,1958425,L. Roig I Salrach,SF,1.7,101.0,2.0,2.0,0.0,47.5,47.5,0.0
2480129,4,981206,MCR LIMA-HORTA BARCELONA,AWAY,2235190,E. Morales López,SF,2049841,E. Trawally Porta,SF,1959765,J. Rueda Choni,SF,1968768,I. Subirats Teruel,SF,2042157,C. Ripoll Moya,SF,4.6,274.0,6.0,7.0,-1.0,52.6,61.3,-8.8
2480129,4,981206,MCR LIMA-HORTA BARCELONA,AWAY,2235190,E. Morales López,SF,2049841,E. Trawally Porta,SF,1968768,I. Subirats Teruel,SF,1958425,L. Roig I Salrach,SF,2042157,C. Ripoll Moya,SF,1.3,76.0,2.0,2.0,0.0,63.2,63.2,0.0
2480129,4,981206,MCR LIMA-HORTA BARCELONA,AWAY,2235190,E. Morales López,SF,2049841,E. Trawally Porta,SF,1968768,I. Subirats Teruel,SF,1959765,J. Rueda Choni,SF,2042157,C. Ripoll Moya,SF,2.8,167.0,2.0,3.0,-1.0,28.7,43.1,-14.4
2480129,4,981356,BOSONIT UNIBASKET,HOME,1626810,C. Aldecoa Rodriguez,SF,1834784,E. Florez Pascual,SF,2819119,T. Sedláková,SF,2561556,C. Sañudo Trillo,SF,1821692,M. Alonso Guadaño,SF,0.5,31.0,2.0,1.0,1.0,154.8,77.4,77.4
2480129,4,981356,BOSONIT UNIBASKET,HOME,1626810,C. Aldecoa Rodriguez,SF,1834784,E. Florez Pascual,SF,2819119,T. Sedláková,SF,2735759,L. Van Schaik,SF,1821692,M. Alonso Guadaño,SF,1.7,101.0,2.0,2.0,0.0,47.5,47.5,0.0
2480129,4,981356,BOSONIT UNIBASKET,HOME,1626810,C. Aldecoa Rodriguez,SF,1834784,E. Florez Pascual,SF,2819121,H. Forster,SF,2561556,C. Sañudo Trillo,SF,1821692,M. Alonso Guadaño,SF,1.2,72.0,0.0,2.0,-2.0,0.0,66.7,-66.7
2480129,4,981356,BOSONIT UNIBASKET,HOME,1626810,C. Aldecoa Rodriguez,SF,2819119,T. Sedláková,SF,1678734,M. Llorente Ruiz,SF,1778980,I. Losada Gonzalez-Babe,SF,2151019,N. Padrosa Mons,SF,0.1,5.0,1.0,2.0,-1.0,480.0,960.0,-480.0
2480129,4,981356,BOSONIT UNIBASKET,HOME,1626810,C. Aldecoa Rodriguez,SF,2819119,T. Sedláková,SF,1678734,M. Llorente Ruiz,SF,1778980,I. Losada Gonzalez-Babe,SF,2735759,L. Van Schaik,SF,4.5,271.0,4.0,5.0,-1.0,35.4,44.3,-8.9
2480129,4,981356,BOSONIT UNIBASKET,HOME,1626810,C. Aldecoa Rodriguez,SF,2819119,T. Sedláková,SF,1778980,I. Losada Gonzalez-Babe,SF,2735759,L. Van Schaik,SF,1821692,M. Alonso Guadaño,SF,1.2,73.0,0.0,3.0,-3.0,0.0,98.6,-98.6
2480129,4,981356,BOSONIT UNIBASKET,HOME,1626810,C. Aldecoa Rodriguez,SF,2819119,T. Sedláková,SF,1778980,I. Losada Gonzalez-Babe,SF,2735759,L. Van Schaik,SF,2151019,N. Padrosa Mons,SF,0.3,19.0,0.0,0.0,0.0,0.0,0.0,0.0
2480129,4,981356,BOSONIT UNIBASKET,HOME,1626810,C. Aldecoa Rodriguez,SF,2819119,T. Sedláková,SF,1834784,E. Florez Pascual,SF,2735759,L. Van Schaik,SF,1821692,M. Alonso Guadaño,SF,4.0,238.0,5.0,4.0,1.0,50.4,40.3,10.1
2480129,4,981356,BOSONIT UNIBASKET,HOME,1626810,C. Aldecoa Rodriguez,SF,2819119,T. Sedláková,SF,2561556,C. Sañudo Trillo,SF,1778980,I. Losada Gonzalez-Babe,SF,1821692,M. Alonso Guadaño,SF,1.5,92.0,0.0,3.0,-3.0,0.0,78.3,-78.3
2480129,4,981356,BOSONIT UNIBASKET,HOME,1626810,C. Aldecoa Rodriguez,SF,2819121,H. Forster,SF,2735759,L. Van Schaik,SF,2151019,N. Padrosa Mons,SF,1834784,E. Florez Pascual,SF,1.4,84.0,6.0,4.0,2.0,171.4,114.3,57.1
2480129,4,981356,BOSONIT UNIBASKET,HOME,1626810,C. Aldecoa Rodriguez,SF,2819121,H. Forster,SF,2819119,T. Sedláková,SF,1678734,M. Llorente Ruiz,SF,2735759,L. Van Schaik,SF,1.2,73.0,6.0,0.0,6.0,197.3,0.0,197.3
2480129,4,981356,BOSONIT UNIBASKET,HOME,1626810,C. Aldecoa Rodriguez,SF,2819121,H. Forster,SF,2819119,T. Sedláková,SF,2735759,L. Van Schaik,SF,1821692,M. Alonso Guadaño,SF,0.8,46.0,2.0,0.0,2.0,104.3,0.0,104.3
2480129,4,981356,BOSONIT UNIBASKET,HOME,1626810,C. Aldecoa Rodriguez,SF,2819121,H. Forster,SF,2819119,T. Sedláková,SF,2735759,L. Van Schaik,SF,2151019,N. Padrosa Mons,SF,2.2,132.0,6.0,2.0,4.0,109.1,36.4,72.7
2480129,4,981356,BOSONIT UNIBASKET,HOME,1834784,E. Florez Pascual,SF,2819119,T. Sedláková,SF,1678734,M. Llorente Ruiz,SF,2735759,L. Van Schaik,SF,2151019,N. Padrosa Mons,SF,1.3,76.0,2.0,2.0,0.0,63.2,63.2,0.0
2480129,4,981356,BOSONIT UNIBASKET,HOME,1834784,E. Florez Pascual,SF,2819121,H. Forster,SF,1678734,M. Llorente Ruiz,SF,2735759,L. Van Schaik,SF,2151019,N. Padrosa Mons,SF,0.8,45.0,0.0,0.0,0.0,0.0,0.0,0.0
2480129,4,981356,BOSONIT UNIBASKET,HOME,2819119,T. Sedláková,SF,1626810,C. Aldecoa Rodriguez,SF,1778980,I. Losada Gonzalez-Babe,SF,2735759,L. Van Schaik,SF,1821692,M. Alonso Guadaño,SF,3.5,211.0,4.0,4.0,0.0,45.5,45.5,0.0
2480129,4,981356,BOSONIT UNIBASKET,HOME,2819119,T. Sedláková,SF,1626810,C. Aldecoa Rodriguez,SF,1778980,I. Losada Gonzalez-Babe,SF,2735759,L. Van Schaik,SF,2151019,N. Padrosa Mons,SF,1.1,63.0,3.0,2.0,1.0,114.3,76.2,38.1
2480129,4,981356,BOSONIT UNIBASKET,HOME,2819119,T. Sedláková,SF,1678734,M. Llorente Ruiz,SF,1778980,I. Losada Gonzalez-Babe,SF,2735759,L. Van Schaik,SF,2151019,N. Padrosa Mons,SF,1.5,90.0,2.0,0.0,2.0,53.3,0.0,53.3
2480129,4,981356,BOSONIT UNIBASKET,HOME,2819119,T. Sedláková,SF,1834784,E. Florez Pascual,SF,1678734,M. Llorente Ruiz,SF,2735759,L. Van Schaik,SF,2151019,N. Padrosa Mons,SF,1.1,67.0,3.0,2.0,1.0,107.5,71.6,35.8
2480129,4,981356,BOSONIT UNIBASKET,HOME,2819119,T. Sedláková,SF,2561556,C. Sañudo Trillo,SF,1778980,I. Losada Gonzalez-Babe,SF,1821692,M. Alonso Guadaño,SF,2561444,L. Casas Martinez,SF,1.0,60.0,3.0,0.0,3.0,120.0,0.0,120.0
2480129,4,981356,BOSONIT UNIBASKET,HOME,2819121,H. Forster,SF,1678734,M. Llorente Ruiz,SF,1778980,I. Losada Gonzalez-Babe,SF,2151019,N. Padrosa Mons,SF,1834784,E. Florez Pascual,SF,4.7,278.0,8.0,2.0,6.0,69.1,17.3,51.8
2480129,4,981356,BOSONIT UNIBASKET,HOME,2819121,H. Forster,SF,1678734,M. Llorente Ruiz,SF,1778980,I. Losada Gonzalez-Babe,SF,2735759,L. Van Schaik,SF,2151019,N. Padrosa Mons,SF,2.2,128.0,3.0,0.0,3.0,56.2,0.0,56.2
2480129,4,981356,BOSONIT UNIBASKET,HOME,2819121,H. Forster,SF,1678734,M. Llorente Ruiz,SF,2735759,L. Van Schaik,SF,2151019,N. Padrosa Mons,SF,1834784,E. Florez Pascual,SF,1.2,75.0,0.0,1.0,-1.0,0.0,32.0,-32.0
2480129,4,981356,BOSONIT UNIBASKET,HOME,2819121,H. Forster,SF,1834784,E. Florez Pascual,SF,1678734,M. Llorente Ruiz,SF,1778980,I. Losada Gonzalez-Babe,SF,2151019,N. Padrosa Mons,SF,1.1,66.0,0.0,4.0,-4.0,0.0,145.5,-145.5
2480129,4,981356,BOSONIT UNIBASKET,HOME,2819121,H. Forster,SF,1834784,E. Florez Pascual,SF,1678734,M. Llorente Ruiz,SF,2735759,L. Van Schaik,SF,2151019,N. Padrosa Mons,SF,0.1,4.0,2.0,0.0,2.0,1200.0,0.0,1200.0
2480130,4,981242,C.B. SANTFELIUENC,AWAY,2056237,L. Salmeron Segu,SF,2151715,J. Nogués Martí,SF,1752455,I. Conde Duran,SF,2073654,C. Gil Abad,SF,2816051,E. Tenbrock,SF,2.2,135.0,5.0,3.0,2.0,88.9,53.3,35.6
2480130,4,981242,C.B. SANTFELIUENC,AWAY,2056237,L. Salmeron Segu,SF,2151715,J. Nogués Martí,SF,2748944,A. Meite,SF,2155489,X. Salzmann Romeu,SF,2816051,E. Tenbrock,SF,0.9,54.0,3.0,0.0,3.0,133.3,0.0,133.3
2480130,4,981242,C.B. SANTFELIUENC,AWAY,2056237,L. Salmeron Segu,SF,2151715,J. Nogués Martí,SF,2748944,A. Meite,SF,2816669,A. Marotte,SF,2816051,E. Tenbrock,SF,1.5,91.0,2.0,5.0,-3.0,52.7,131.9,-79.1
2480130,4,981242,C.B. SANTFELIUENC,AWAY,2056237,L. Salmeron Segu,SF,2151715,J. Nogués Martí,SF,2816053,A. Tibe,SF,2816669,A. Marotte,SF,1752455,I. Conde Duran,SF,6.4,391.0,8.0,7.0,1.0,49.1,43.0,6.1
2480130,4,981242,C.B. SANTFELIUENC,AWAY,2056237,L. Salmeron Segu,SF,2151715,J. Nogués Martí,SF,2816669,A. Marotte,SF,1752455,I. Conde Duran,SF,2816051,E. Tenbrock,SF,1.4,84.0,5.0,2.0,3.0,142.9,57.1,85.7
2480130,4,981242,C.B. SANTFELIUENC,AWAY,2056237,L. Salmeron Segu,SF,2151715,J. Nogués Martí,SF,2816766,A. Coulibaly,SF,2155489,X. Salzmann Romeu,SF,2816051,E. Tenbrock,SF,1.6,95.0,0.0,7.0,-7.0,0.0,176.8,-176.8
2480130,4,981242,C.B. SANTFELIUENC,AWAY,2056237,L. Salmeron Segu,SF,2151715,J. Nogués Martí,SF,2816766,A. Coulibaly,SF,2816053,A. Tibe,SF,2155489,X. Salzmann Romeu,SF,3.6,218.0,5.0,9.0,-4.0,55.0,99.1,-44.0
2480130,4,981242,C.B. SANTFELIUENC,AWAY,2056237,L. Salmeron Segu,SF,2748944,A. Meite,SF,2190844,S. Pares Vilaseca,SF,2816669,A. Marotte,SF,2816051,E. Tenbrock,SF,1.8,112.0,2.0,9.0,-7.0,42.9,192.9,-150.0
2480130,4,981242,C.B. SANTFELIUENC,AWAY,2056237,L. Salmeron Segu,SF,2816053,A. Tibe,SF,2155489,X. Salzmann Romeu,SF,1752455,I. Conde Duran,SF,2073654,C. Gil Abad,SF,0.1,9.0,0.0,0.0,0.0,0.0,0.0,0.0
2480130,4,981242,C.B. SANTFELIUENC,AWAY,2073654,C. Gil Abad,SF,2748944,A. Meite,SF,2155489,X. Salzmann Romeu,SF,2190844,S. Pares Vilaseca,SF,2816051,E. Tenbrock,SF,3.8,227.0,5.0,15.0,-10.0,52.9,158.6,-105.7
2480130,4,981242,C.B. SANTFELIUENC,AWAY,2151715,J. Nogués Martí,SF,2056237,L. Salmeron Segu,SF,2748944,A. Meite,SF,2816669,A. Marotte,SF,2816051,E. Tenbrock,SF,3.5,209.0,4.0,14.0,-10.0,45.9,160.8,-114.8
2480130,4,981242,C.B. SANTFELIUENC,AWAY,2151715,J. Nogués Martí,SF,2056237,L. Salmeron Segu,SF,2816053,A. Tibe,SF,1752455,I. Conde Duran,SF,2073654,C. Gil Abad,SF,0.2,13.0,2.0,0.0,2.0,369.2,0.0,369.2
2480130,4,981242,C.B. SANTFELIUENC,AWAY,2151715,J. Nogués Martí,SF,2056237,L. Salmeron Segu,SF,2816669,A. Marotte,SF,1752455,I. Conde Duran,SF,2816051,E. Tenbrock,SF,1.8,107.0,0.0,3.0,-3.0,0.0,67.3,-67.3
2480130,4,981242,C.B. SANTFELIUENC,AWAY,2151715,J. Nogués Martí,SF,2816053,A. Tibe,SF,2816669,A. Marotte,SF,1752455,I. Conde Duran,SF,2073654,C. Gil Abad,SF,3.7,217.0,7.0,8.0,-1.0,77.4,88.5,-11.1
2480130,4,981242,C.B. SANTFELIUENC,AWAY,2151715,J. Nogués Martí,SF,2816053,A. Tibe,SF,2816669,A. Marotte,SF,2190844,S. Pares Vilaseca,SF,1752455,I. Conde Duran,SF,2.6,157.0,5.0,7.0,-2.0,76.4,107.0,-30.6
2480130,4,981242,C.B. SANTFELIUENC,AWAY,2816053,A. Tibe,SF,2155489,X. Salzmann Romeu,SF,2190844,S. Pares Vilaseca,SF,1752455,I. Conde Duran,SF,2073654,C. Gil Abad,SF,0.9,54.0,0.0,3.0,-3.0,0.0,133.3,-133.3
2480130,4,981242,C.B. SANTFELIUENC,AWAY,2816766,A. Coulibaly,SF,2155489,X. Salzmann Romeu,SF,2190844,S. Pares Vilaseca,SF,2073654,C. Gil Abad,SF,2816051,E. Tenbrock,SF,2.2,135.0,2.0,2.0,0.0,35.6,35.6,0.0
2480130,4,981242,C.B. SANTFELIUENC,AWAY,2816766,A. Coulibaly,SF,2816053,A. Tibe,SF,2155489,X. Salzmann Romeu,SF,2190844,S. Pares Vilaseca,SF,2073654,C. Gil Abad,SF,1.5,92.0,4.0,3.0,1.0,104.3,78.3,26.1
2480130,4,981334,UNICAJA MIJAS,HOME,1317227,C. Garcia Paunero,SF,1884837,M. Roters Dubinina,SF,2814756,C. Zimmerman,SF,2012623,S. Lo Sylla,SF,2207028,N. Merino Ruiz,SF,3.7,225.0,9.0,8.0,1.0,96.0,85.3,10.7
2480130,4,981334,UNICAJA MIJAS,HOME,2096249,T. Eke Benitez,SF,1317227,C. Garcia Paunero,SF,1884837,M. Roters Dubinina,SF,1723860,S. Galeron Alvarez,SF,1949233,A. Orois Aznarez,SF,1.0,59.0,3.0,4.0,-1.0,122.0,162.7,-40.7
2480130,4,981334,UNICAJA MIJAS,HOME,2096249,T. Eke Benitez,SF,1884837,M. Roters Dubinina,SF,1723860,S. Galeron Alvarez,SF,2207028,N. Merino Ruiz,SF,1949233,A. Orois Aznarez,SF,2.5,154.0,3.0,6.0,-3.0,46.8,93.5,-46.8
2480130,4,981334,UNICAJA MIJAS,HOME,2096249,T. Eke Benitez,SF,1884837,M. Roters Dubinina,SF,1723860,S. Galeron Alvarez,SF,2643500,C. Capellan Santana,SF,1954737,E. Puiggros Rovira,SF,5.3,317.0,11.0,9.0,2.0,83.3,68.1,15.1
2480130,4,981334,UNICAJA MIJAS,HOME,2096249,T. Eke Benitez,SF,2643500,C. Capellan Santana,SF,1884837,M. Roters Dubinina,SF,1723860,S. Galeron Alvarez,SF,2207028,N. Merino Ruiz,SF,2.6,157.0,7.0,5.0,2.0,107.0,76.4,30.6
2480130,4,981334,UNICAJA MIJAS,HOME,2096249,T. Eke Benitez,SF,2814756,C. Zimmerman,SF,1884837,M. Roters Dubinina,SF,1317227,C. Garcia Paunero,SF,2207028,N. Merino Ruiz,SF,1.2,74.0,2.0,4.0,-2.0,64.9,129.7,-64.9
2480130,4,981334,UNICAJA MIJAS,HOME,2643500,C. Capellan Santana,SF,1317227,C. Garcia Paunero,SF,1884837,M. Roters Dubinina,SF,2814756,C. Zimmerman,SF,2012623,S. Lo Sylla,SF,1.0,62.0,1.0,0.0,1.0,38.7,0.0,38.7
2480130,4,981334,UNICAJA MIJAS,HOME,2643500,C. Capellan Santana,SF,1884837,M. Roters Dubinina,SF,2814756,C. Zimmerman,SF,2012623,S. Lo Sylla,SF,2207028,N. Merino Ruiz,SF,0.7,42.0,0.0,0.0,0.0,0.0,0.0,0.0
2480130,4,981334,UNICAJA MIJAS,HOME,2643500,C. Capellan Santana,SF,2096249,T. Eke Benitez,SF,1884837,M. Roters Dubinina,SF,1723860,S. Galeron Alvarez,SF,2207028,N. Merino Ruiz,SF,6.3,379.0,25.0,5.0,20.0,158.3,31.7,126.6
2480130,4,981334,UNICAJA MIJAS,HOME,2814756,C. Zimmerman,SF,1317227,C. Garcia Paunero,SF,1884837,M. Roters Dubinina,SF,2012623,S. Lo Sylla,SF,1949233,A. Orois Aznarez,SF,5.3,316.0,17.0,4.0,13.0,129.1,30.4,98.7
2480130,4,981334,UNICAJA MIJAS,HOME,2814756,C. Zimmerman,SF,1884837,M. Roters Dubinina,SF,1317227,C. Garcia Paunero,SF,2012623,S. Lo Sylla,SF,1954737,E. Puiggros Rovira,SF,2.0,122.0,2.0,2.0,0.0,39.3,39.3,0.0
2480130,4,981334,UNICAJA MIJAS,HOME,2814756,C. Zimmerman,SF,1884837,M. Roters Dubinina,SF,1317227,C. Garcia Paunero,SF,2012623,S. Lo Sylla,SF,2207028,N. Merino Ruiz,SF,7.9,480.0,17.0,12.0,5.0,85.0,60.0,25.0
2480130,4,981334,UNICAJA MIJAS,HOME,2814756,C. Zimmerman,SF,1884837,M. Roters Dubinina,SF,1317227,C. Garcia Paunero,SF,2643500,C. Capellan Santana,SF,1954737,E. Puiggros Rovira,SF,0.2,13.0,0.0,0.0,0.0,0.0,0.0,0.0
2480131,4,979912,DOMUSA TEKNIK ISB,AWAY,1894119,S. Iparraguirre Alustiza,SF,1826917,J. Azcue Jauregui,SF,2818813,E. Lalotte,SF,2021400,M. Gutierrez Ibañez,SF,2818816,I. Araújo Gouveia Vieira,SF,1.4,85.0,3.0,1.0,2.0,84.7,28.2,56.5
2480131,4,979912,DOMUSA TEKNIK ISB,AWAY,1894119,S. Iparraguirre Alustiza,SF,2021400,M. Gutierrez Ibañez,SF,2145033,A. Lizundia Arozena,SF,2818813,E. Lalotte,SF,2818816,I. Araújo Gouveia Vieira,SF,1.4,82.0,2.0,5.0,-3.0,58.5,146.3,-87.8
2480131,4,979912,DOMUSA TEKNIK ISB,AWAY,1894119,S. Iparraguirre Alustiza,SF,2364470,G. Leaupepe,SF,2145033,A. Lizundia Arozena,SF,2818813,E. Lalotte,SF,2021400,M. Gutierrez Ibañez,SF,1.8,106.0,0.0,4.0,-4.0,0.0,90.6,-90.6
2480131,4,979912,DOMUSA TEKNIK ISB,AWAY,1894119,S. Iparraguirre Alustiza,SF,2735761,B. Tomancova,SF,2021400,M. Gutierrez Ibañez,SF,2145033,A. Lizundia Arozena,SF,2818816,I. Araújo Gouveia Vieira,SF,2.3,136.0,4.0,6.0,-2.0,70.6,105.9,-35.3
2480131,4,979912,DOMUSA TEKNIK ISB,AWAY,2364470,G. Leaupepe,SF,1826917,J. Azcue Jauregui,SF,2818813,E. Lalotte,SF,2137901,M. Otaegi Albizu,SF,2818816,I. Araújo Gouveia Vieira,SF,5.7,337.0,15.0,13.0,2.0,106.8,92.6,14.2
2480131,4,979912,DOMUSA TEKNIK ISB,AWAY,2364470,G. Leaupepe,SF,2021400,M. Gutierrez Ibañez,SF,2145033,A. Lizundia Arozena,SF,2818813,E. Lalotte,SF,2818816,I. Araújo Gouveia Vieira,SF,0.4,24.0,2.0,0.0,2.0,200.0,0.0,200.0
2480131,4,979912,DOMUSA TEKNIK ISB,AWAY,2364470,G. Leaupepe,SF,2145033,A. Lizundia Arozena,SF,2021400,M. Gutierrez Ibañez,SF,2818813,E. Lalotte,SF,2818816,I. Araújo Gouveia Vieira,SF,2.2,131.0,4.0,8.0,-4.0,73.3,146.6,-73.3
2480131,4,979912,DOMUSA TEKNIK ISB,AWAY,2364470,G. Leaupepe,SF,2145033,A. Lizundia Arozena,SF,2818813,E. Lalotte,SF,2021400,M. Gutierrez Ibañez,SF,2818816,I. Araújo Gouveia Vieira,SF,1.6,98.0,3.0,2.0,1.0,73.5,49.0,24.5
2480131,4,979912,DOMUSA TEKNIK ISB,AWAY,2735761,B. Tomancova,SF,1894119,S. Iparraguirre Alustiza,SF,2364470,G. Leaupepe,SF,1826917,J. Azcue Jauregui,SF,2818816,I. Araújo Gouveia Vieira,SF,0.6,33.0,1.0,0.0,1.0,72.7,0.0,72.7
2480131,4,979912,DOMUSA TEKNIK ISB,AWAY,2735761,B. Tomancova,SF,1894119,S. Iparraguirre Alustiza,SF,2364470,G. Leaupepe,SF,2145033,A. Lizundia Arozena,SF,2818816,I. Araújo Gouveia Vieira,SF,4.1,247.0,8.0,8.0,0.0,77.7,77.7,0.0
2480131,4,979912,DOMUSA TEKNIK ISB,AWAY,2818717,S. Van,SF,1894119,S. Iparraguirre Alustiza,SF,2735761,B. Tomancova,SF,1826917,J. Azcue Jauregui,SF,2818816,I. Araújo Gouveia Vieira,SF,1.7,100.0,5.0,4.0,1.0,120.0,96.0,24.0
2480131,4,979912,DOMUSA TEKNIK ISB,AWAY,2818717,S. Van,SF,1894119,S. Iparraguirre Alustiza,SF,2818813,E. Lalotte,SF,2137901,M. Otaegi Albizu,SF,2818816,I. Araújo Gouveia Vieira,SF,2.5,148.0,2.0,7.0,-5.0,32.4,113.5,-81.1
2480131,4,979912,DOMUSA TEKNIK ISB,AWAY,2818717,S. Van,SF,2735761,B. Tomancova,SF,1826917,J. Azcue Jauregui,SF,2137901,M. Otaegi Albizu,SF,2818816,I. Araújo Gouveia Vieira,SF,1.9,116.0,5.0,4.0,1.0,103.4,82.8,20.7
2480131,4,979912,DOMUSA TEKNIK ISB,AWAY,2818717,S. Van,SF,2735761,B. Tomancova,SF,1894119,S. Iparraguirre Alustiza,SF,1826917,J. Azcue Jauregui,SF,2818816,I. Araújo Gouveia Vieira,SF,10.3,619.0,13.0,12.0,1.0,50.4,46.5,3.9
2480131,4,979912,DOMUSA TEKNIK ISB,AWAY,2818717,S. Van,SF,2735761,B. Tomancova,SF,1894119,S. Iparraguirre Alustiza,SF,2137901,M. Otaegi Albizu,SF,2818816,I. Araújo Gouveia Vieira,SF,0.5,29.0,0.0,0.0,0.0,0.0,0.0,0.0
2480131,4,979912,DOMUSA TEKNIK ISB,AWAY,2818717,S. Van,SF,2735761,B. Tomancova,SF,2145033,A. Lizundia Arozena,SF,1826917,J. Azcue Jauregui,SF,2818816,I. Araújo Gouveia Vieira,SF,1.8,109.0,4.0,5.0,-1.0,88.1,110.1,-22.0
2480131,4,981306,CAJASOL BALONCESTO SEVILLA FEMENINO,HOME,1679391,M. Martinez Carranza,SF,1758184,C. Sanchez Fernandez-Satorre,SF,2791616,L. Vorphal,SF,1993036,I. Rios Rus,SF,1811227,C. Arfinengo Del Carpio,SF,5.8,346.0,15.0,13.0,2.0,104.0,90.2,13.9
2480131,4,981306,CAJASOL BALONCESTO SEVILLA FEMENINO,HOME,1679391,M. Martinez Carranza,SF,1758184,C. Sanchez Fernandez-Satorre,SF,2791616,L. Vorphal,SF,2004240,N. Sanchez Robayo,SF,1993036,I. Rios Rus,SF,27.8,1658.0,56.0,46.0,10.0,81.1,66.6,14.5
2480131,4,981306,CAJASOL BALONCESTO SEVILLA FEMENINO,HOME,1758184,C. Sanchez Fernandez-Satorre,SF,1811227,C. Arfinengo Del Carpio,SF,1999405,N. Anitua Garcia,SF,2053354,F. Gassama Dansoko,SF,1522827,M. Recio Gonzalez,SF,3.8,227.0,7.0,9.0,-2.0,74.0,95.2,-21.1
2480131,4,981306,CAJASOL BALONCESTO SEVILLA FEMENINO,HOME,1758184,C. Sanchez Fernandez-Satorre,SF,1811227,C. Arfinengo Del Carpio,SF,1999405,N. Anitua Garcia,SF,2053354,F. Gassama Dansoko,SF,1723585,A. Morales Sancho,SF,1.4,84.0,0.0,0.0,0.0,0.0,0.0,0.0
2480131,4,981306,CAJASOL BALONCESTO SEVILLA FEMENINO,HOME,1758184,C. Sanchez Fernandez-Satorre,SF,2791616,L. Vorphal,SF,1993036,I. Rios Rus,SF,1811227,C. Arfinengo Del Carpio,SF,1999405,N. Anitua Garcia,SF,1.4,85.0,1.0,3.0,-2.0,28.2,84.7,-56.5
2480132,4,981213,AZULMARINO MALLORCA PALMA,HOME,2791252,A. Bulgak,SF,2793759,J. Asinde,SF,2815892,A. Siciliano,SF,1083354,M. España Almendro,SF,1865395,M. Garcia Mateo,SF,33.1,1999.0,76.0,42.0,34.0,91.2,50.4,40.8
2480132,4,981213,AZULMARINO MALLORCA PALMA,HOME,2791252,A. Bulgak,SF,2815892,A. Siciliano,SF,1083354,M. España Almendro,SF,1865395,M. Garcia Mateo,SF,1434977,C. Grande Pardo,SF,1.0,62.0,2.0,1.0,1.0,77.4,38.7,38.7
2480132,4,981213,AZULMARINO MALLORCA PALMA,HOME,2791252,A. Bulgak,SF,2815892,A. Siciliano,SF,1865395,M. Garcia Mateo,SF,1434977,C. Grande Pardo,SF,1527601,I. Junio Mbulito,SF,5.7,339.0,10.0,3.0,7.0,70.8,21.2,49.6
2480132,4,981346,LA CORDÁ DE PATERNA NB,AWAY,2653963,A. Traore,SF,1508657,V. Saez Moreno,SF,1632609,C. Che Tortola,SF,1687305,L. Segura Moreno,SF,2071471,P. Saravia Logroño,SF,1.6,98.0,3.0,3.0,0.0,73.5,73.5,0.0
2480132,4,981346,LA CORDÁ DE PATERNA NB,AWAY,2653963,A. Traore,SF,1508657,V. Saez Moreno,SF,1632609,C. Che Tortola,SF,2031045,M. Galiana Miralles,SF,2071471,P. Saravia Logroño,SF,1.2,75.0,0.0,3.0,-3.0,0.0,96.0,-96.0
2480132,4,981346,LA CORDÁ DE PATERNA NB,AWAY,2653963,A. Traore,SF,1508657,V. Saez Moreno,SF,2173687,M. Llompart Perello,SF,1687305,L. Segura Moreno,SF,2031045,M. Galiana Miralles,SF,3.7,228.0,6.0,9.0,-3.0,63.2,94.7,-31.6
2480132,4,981346,LA CORDÁ DE PATERNA NB,AWAY,2653963,A. Traore,SF,1508657,V. Saez Moreno,SF,2173687,M. Llompart Perello,SF,1687305,L. Segura Moreno,SF,2071471,P. Saravia Logroño,SF,5.0,304.0,7.0,17.0,-10.0,55.3,134.2,-78.9
2480132,4,981346,LA CORDÁ DE PATERNA NB,AWAY,2653963,A. Traore,SF,1508657,V. Saez Moreno,SF,2173687,M. Llompart Perello,SF,2031045,M. Galiana Miralles,SF,2071471,P. Saravia Logroño,SF,3.1,186.0,2.0,6.0,-4.0,25.8,77.4,-51.6
2480132,4,981346,LA CORDÁ DE PATERNA NB,AWAY,2653963,A. Traore,SF,1632609,C. Che Tortola,SF,2173687,M. Llompart Perello,SF,1687305,L. Segura Moreno,SF,2071471,P. Saravia Logroño,SF,3.0,181.0,3.0,9.0,-6.0,39.8,119.3,-79.6
2480132,4,981346,LA CORDÁ DE PATERNA NB,AWAY,2653963,A. Traore,SF,1632609,C. Che Tortola,SF,2173687,M. Llompart Perello,SF,2031045,M. Galiana Miralles,SF,2071471,P. Saravia Logroño,SF,0.7,42.0,0.0,1.0,-1.0,0.0,57.1,-57.1
2480132,4,981346,LA CORDÁ DE PATERNA NB,AWAY,2653963,A. Traore,SF,2163606,C. Sancho Mauri,SF,1508657,V. Saez Moreno,SF,1632609,C. Che Tortola,SF,2031045,M. Galiana Miralles,SF,1.2,73.0,3.0,3.0,0.0,98.6,98.6,0.0
2480132,4,981346,LA CORDÁ DE PATERNA NB,AWAY,2653963,A. Traore,SF,2163606,C. Sancho Mauri,SF,1508657,V. Saez Moreno,SF,2173687,M. Llompart Perello,SF,2031045,M. Galiana Miralles,SF,1.4,81.0,0.0,1.0,-1.0,0.0,29.6,-29.6
2480132,4,981346,LA CORDÁ DE PATERNA NB,AWAY,2653963,A. Traore,SF,2163606,C. Sancho Mauri,SF,1632609,C. Che Tortola,SF,1687305,L. Segura Moreno,SF,2071471,P. Saravia Logroño,SF,2.4,146.0,0.0,9.0,-9.0,0.0,147.9,-147.9
2480132,4,981346,LA CORDÁ DE PATERNA NB,AWAY,2796302,P. Gabriel,SF,1508657,V. Saez Moreno,SF,1632609,C. Che Tortola,SF,1687305,L. Segura Moreno,SF,2071471,P. Saravia Logroño,SF,1.4,84.0,0.0,3.0,-3.0,0.0,85.7,-85.7
2480132,4,981346,LA CORDÁ DE PATERNA NB,AWAY,2796302,P. Gabriel,SF,1508657,V. Saez Moreno,SF,1632609,C. Che Tortola,SF,2031045,M. Galiana Miralles,SF,2071471,P. Saravia Logroño,SF,2.3,140.0,3.0,3.0,0.0,51.4,51.4,0.0
2480132,4,981346,LA CORDÁ DE PATERNA NB,AWAY,2796302,P. Gabriel,SF,1508657,V. Saez Moreno,SF,2173687,M. Llompart Perello,SF,1687305,L. Segura Moreno,SF,2031045,M. Galiana Miralles,SF,1.7,101.0,4.0,6.0,-2.0,95.0,142.6,-47.5
2480132,4,981346,LA CORDÁ DE PATERNA NB,AWAY,2796302,P. Gabriel,SF,1632609,C. Che Tortola,SF,2173687,M. Llompart Perello,SF,1687305,L. Segura Moreno,SF,2071471,P. Saravia Logroño,SF,4.3,260.0,4.0,5.0,-1.0,36.9,46.2,-9.2
2480132,4,981346,LA CORDÁ DE PATERNA NB,AWAY,2796302,P. Gabriel,SF,2163606,C. Sancho Mauri,SF,1632609,C. Che Tortola,SF,1687305,L. Segura Moreno,SF,2071471,P. Saravia Logroño,SF,4.3,254.0,3.0,8.0,-5.0,28.3,75.6,-47.2
2480132,4,981346,LA CORDÁ DE PATERNA NB,AWAY,2796302,P. Gabriel,SF,2163606,C. Sancho Mauri,SF,1632609,C. Che Tortola,SF,2173687,M. Llompart Perello,SF,1687305,L. Segura Moreno,SF,1.6,93.0,2.0,0.0,2.0,51.6,0.0,51.6
2480132,4,981346,LA CORDÁ DE PATERNA NB,AWAY,2796302,P. Gabriel,SF,2163606,C. Sancho Mauri,SF,2173687,M. Llompart Perello,SF,1687305,L. Segura Moreno,SF,2071471,P. Saravia Logroño,SF,0.9,54.0,6.0,2.0,4.0,266.7,88.9,177.8
2480133,4,979919,RECOLETAS ZAMORA,HOME,1599354,A. Tainta Lizalde,SF,2110765,A. Perez Relancio,SF,2561100,F. Pouye,SF,1259670,B. Sanchez Marrufo,SF,2047146,M. Fernandez Muñoz,SF,1.6,94.0,3.0,2.0,1.0,76.6,51.1,25.5
2480133,4,979919,RECOLETAS ZAMORA,HOME,1599354,A. Tainta Lizalde,SF,2239381,D. Angel Villen,SF,2734310,E. Resende Carregosa,SF,2561100,F. Pouye,SF,1259670,B. Sanchez Marrufo,SF,4.7,284.0,10.0,6.0,4.0,84.5,50.7,33.8
2480133,4,979919,RECOLETAS ZAMORA,HOME,1599354,A. Tainta Lizalde,SF,2432306,F. Niski Castelao,SF,2110765,A. Perez Relancio,SF,1259670,B. Sanchez Marrufo,SF,2047146,M. Fernandez Muñoz,SF,5.7,348.0,10.0,6.0,4.0,69.0,41.4,27.6
2480133,4,979919,RECOLETAS ZAMORA,HOME,1599354,A. Tainta Lizalde,SF,2432306,F. Niski Castelao,SF,2239381,D. Angel Villen,SF,2734310,E. Resende Carregosa,SF,2561100,F. Pouye,SF,1.7,105.0,4.0,13.0,-9.0,91.4,297.1,-205.7
2480133,4,979919,RECOLETAS ZAMORA,HOME,1599354,A. Tainta Lizalde,SF,2432306,F. Niski Castelao,SF,2561100,F. Pouye,SF,1259670,B. Sanchez Marrufo,SF,2047146,M. Fernandez Muñoz,SF,7.0,427.0,9.0,10.0,-1.0,50.6,56.2,-5.6
2480133,4,979919,RECOLETAS ZAMORA,HOME,1599354,A. Tainta Lizalde,SF,2432306,F. Niski Castelao,SF,2734310,E. Resende Carregosa,SF,2110765,A. Perez Relancio,SF,1259670,B. Sanchez Marrufo,SF,0.3,21.0,0.0,0.0,0.0,0.0,0.0,0.0
2480133,4,979919,RECOLETAS ZAMORA,HOME,1599354,A. Tainta Lizalde,SF,2432306,F. Niski Castelao,SF,2734310,E. Resende Carregosa,SF,2110765,A. Perez Relancio,SF,2561100,F. Pouye,SF,2.9,174.0,4.0,2.0,2.0,55.2,27.6,27.6
2480133,4,979919,RECOLETAS ZAMORA,HOME,1599354,A. Tainta Lizalde,SF,2432306,F. Niski Castelao,SF,2734310,E. Resende Carregosa,SF,2561100,F. Pouye,SF,1259670,B. Sanchez Marrufo,SF,4.6,276.0,10.0,7.0,3.0,87.0,60.9,26.1
2480133,4,979919,RECOLETAS ZAMORA,HOME,1599354,A. Tainta Lizalde,SF,2734310,E. Resende Carregosa,SF,2561100,F. Pouye,SF,1259670,B. Sanchez Marrufo,SF,2047146,M. Fernandez Muñoz,SF,0.8,50.0,0.0,2.0,-2.0,0.0,96.0,-96.0
2480133,4,979919,RECOLETAS ZAMORA,HOME,1599354,A. Tainta Lizalde,SF,2817152,F. Filor,SF,2110765,A. Perez Relancio,SF,2561100,F. Pouye,SF,2047146,M. Fernandez Muñoz,SF,0.2,14.0,0.0,0.0,0.0,0.0,0.0,0.0
2480133,4,979919,RECOLETAS ZAMORA,HOME,1599354,A. Tainta Lizalde,SF,2817152,F. Filor,SF,2239381,D. Angel Villen,SF,2110765,A. Perez Relancio,SF,2561100,F. Pouye,SF,3.0,184.0,6.0,8.0,-2.0,78.3,104.3,-26.1
2480133,4,979919,RECOLETAS ZAMORA,HOME,1599354,A. Tainta Lizalde,SF,2817152,F. Filor,SF,2239381,D. Angel Villen,SF,2734310,E. Resende Carregosa,SF,2110765,A. Perez Relancio,SF,1.0,62.0,0.0,1.0,-1.0,0.0,38.7,-38.7
2480133,4,979919,RECOLETAS ZAMORA,HOME,1599354,A. Tainta Lizalde,SF,2817152,F. Filor,SF,2432306,F. Niski Castelao,SF,2110765,A. Perez Relancio,SF,2047146,M. Fernandez Muñoz,SF,2.1,127.0,4.0,5.0,-1.0,75.6,94.5,-18.9
2480133,4,979919,RECOLETAS ZAMORA,HOME,1599354,A. Tainta Lizalde,SF,2817152,F. Filor,SF,2432306,F. Niski Castelao,SF,2110765,A. Perez Relancio,SF,2561100,F. Pouye,SF,1.4,81.0,4.0,3.0,1.0,118.5,88.9,29.6
2480133,4,979919,RECOLETAS ZAMORA,HOME,1599354,A. Tainta Lizalde,SF,2817152,F. Filor,SF,2432306,F. Niski Castelao,SF,2239381,D. Angel Villen,SF,2110765,A. Perez Relancio,SF,0.8,48.0,2.0,2.0,0.0,100.0,100.0,0.0
2480133,4,979919,RECOLETAS ZAMORA,HOME,1599354,A. Tainta Lizalde,SF,2817152,F. Filor,SF,2432306,F. Niski Castelao,SF,2734310,E. Resende Carregosa,SF,1259670,B. Sanchez Marrufo,SF,1.8,105.0,0.0,5.0,-5.0,0.0,114.3,-114.3
2480133,4,979952,VEGA LAGUNERA TOYOTA  ADAREVA TENERIFE,AWAY,1128614,I. Arregui Mariezcurrena,SF,1379088,P. Soler Suarez,SF,1884959,M. Luque Caballero,SF,1613926,M. Gomez Fernandez,SF,2735173,M. Forsyth,SF,0.3,19.0,0.0,0.0,0.0,0.0,0.0,0.0
2480133,4,979952,VEGA LAGUNERA TOYOTA  ADAREVA TENERIFE,AWAY,1128614,I. Arregui Mariezcurrena,SF,1379088,P. Soler Suarez,SF,1884959,M. Luque Caballero,SF,2432295,B. Stevanovic,SF,2735173,M. Forsyth,SF,6.6,399.0,8.0,10.0,-2.0,48.1,60.2,-12.0
2480133,4,979952,VEGA LAGUNERA TOYOTA  ADAREVA TENERIFE,AWAY,1128614,I. Arregui Mariezcurrena,SF,1379088,P. Soler Suarez,SF,2432295,B. Stevanovic,SF,1613926,M. Gomez Fernandez,SF,2735173,M. Forsyth,SF,3.8,233.0,15.0,4.0,11.0,154.5,41.2,113.3
2480133,4,979952,VEGA LAGUNERA TOYOTA  ADAREVA TENERIFE,AWAY,1128614,I. Arregui Mariezcurrena,SF,1884959,M. Luque Caballero,SF,1379088,P. Soler Suarez,SF,2432295,B. Stevanovic,SF,2735173,M. Forsyth,SF,2.7,163.0,2.0,10.0,-8.0,29.4,147.2,-117.8
2480133,4,979952,VEGA LAGUNERA TOYOTA  ADAREVA TENERIFE,AWAY,1613926,M. Gomez Fernandez,SF,1128614,I. Arregui Mariezcurrena,SF,1379088,P. Soler Suarez,SF,2432295,B. Stevanovic,SF,2735173,M. Forsyth,SF,1.0,61.0,0.0,3.0,-3.0,0.0,118.0,-118.0
2480133,4,979952,VEGA LAGUNERA TOYOTA  ADAREVA TENERIFE,AWAY,1613926,M. Gomez Fernandez,SF,1128614,I. Arregui Mariezcurrena,SF,1884959,M. Luque Caballero,SF,1379088,P. Soler Suarez,SF,2432295,B. Stevanovic,SF,1.0,61.0,2.0,3.0,-1.0,78.7,118.0,-39.3
2480133,4,979952,VEGA LAGUNERA TOYOTA  ADAREVA TENERIFE,AWAY,1613926,M. Gomez Fernandez,SF,1884959,M. Luque Caballero,SF,1379088,P. Soler Suarez,SF,2432295,B. Stevanovic,SF,2735173,M. Forsyth,SF,5.1,315.0,12.0,10.0,2.0,91.4,76.2,15.2
2480133,4,979952,VEGA LAGUNERA TOYOTA  ADAREVA TENERIFE,AWAY,1884959,M. Luque Caballero,SF,1379088,P. Soler Suarez,SF,2432295,B. Stevanovic,SF,1613926,M. Gomez Fernandez,SF,2735173,M. Forsyth,SF,8.4,507.0,13.0,8.0,5.0,61.5,37.9,23.7
2480133,4,979952,VEGA LAGUNERA TOYOTA  ADAREVA TENERIFE,AWAY,2639428,C. Parisi,SF,1128614,I. Arregui Mariezcurrena,SF,1878753,N. Ibañez Silvestre,SF,2432295,B. Stevanovic,SF,1613926,M. Gomez Fernandez,SF,1.1,65.0,3.0,4.0,-1.0,110.8,147.7,-36.9
2480133,4,979952,VEGA LAGUNERA TOYOTA  ADAREVA TENERIFE,AWAY,2639428,C. Parisi,SF,1379088,P. Soler Suarez,SF,1884959,M. Luque Caballero,SF,1613926,M. Gomez Fernandez,SF,2735173,M. Forsyth,SF,1.8,108.0,5.0,4.0,1.0,111.1,88.9,22.2
2480133,4,979952,VEGA LAGUNERA TOYOTA  ADAREVA TENERIFE,AWAY,2639428,C. Parisi,SF,1613926,M. Gomez Fernandez,SF,1884959,M. Luque Caballero,SF,1379088,P. Soler Suarez,SF,2432295,B. Stevanovic,SF,1.4,87.0,3.0,4.0,-1.0,82.8,110.3,-27.6
2480133,4,979952,VEGA LAGUNERA TOYOTA  ADAREVA TENERIFE,AWAY,2639428,C. Parisi,SF,1884959,M. Luque Caballero,SF,1379088,P. Soler Suarez,SF,2432295,B. Stevanovic,SF,1613926,M. Gomez Fernandez,SF,5.0,295.0,7.0,4.0,3.0,56.9,32.5,24.4
2480133,4,979952,VEGA LAGUNERA TOYOTA  ADAREVA TENERIFE,AWAY,2639428,C. Parisi,SF,1884959,M. Luque Caballero,SF,1379088,P. Soler Suarez,SF,2432295,B. Stevanovic,SF,2735173,M. Forsyth,SF,0.2,13.0,0.0,0.0,0.0,0.0,0.0,0.0
2480133,4,979952,VEGA LAGUNERA TOYOTA  ADAREVA TENERIFE,AWAY,2639428,C. Parisi,SF,1884959,M. Luque Caballero,SF,1878753,N. Ibañez Silvestre,SF,1613926,M. Gomez Fernandez,SF,2735173,M. Forsyth,SF,0.8,48.0,2.0,2.0,0.0,100.0,100.0,0.0
2480133,4,979952,VEGA LAGUNERA TOYOTA  ADAREVA TENERIFE,AWAY,2639428,C. Parisi,SF,1884959,M. Luque Caballero,SF,1878753,N. Ibañez Silvestre,SF,2432295,B. Stevanovic,SF,1613926,M. Gomez Fernandez,SF,0.4,26.0,0.0,0.0,0.0,0.0,0.0,0.0
2480134,4,981208,ALTER ENERSUN AL-QÁZERES EXTREMADURA,HOME,1860325,L. Fontela Cabaleiro,SF,2815153,V. Gauna,SF,1902336,N. Liste Alfonsin,SF,2432389,J. De Barros Filipe,SF,2815234,I. Tavares Ramos,SF,2.5,146.0,2.0,6.0,-4.0,32.9,98.6,-65.8
2480134,4,981208,ALTER ENERSUN AL-QÁZERES EXTREMADURA,HOME,1860325,L. Fontela Cabaleiro,SF,2815153,V. Gauna,SF,2432389,J. De Barros Filipe,SF,1902336,N. Liste Alfonsin,SF,1112483,L. Mendez Lamas,SF,3.2,196.0,2.0,10.0,-8.0,24.5,122.4,-98.0
2480134,4,981208,ALTER ENERSUN AL-QÁZERES EXTREMADURA,HOME,2432389,J. De Barros Filipe,SF,1112483,L. Mendez Lamas,SF,1902336,N. Liste Alfonsin,SF,2044012,C. Suárez Fernández,SF,1889214,C. Prieto Pereda,SF,2.3,134.0,2.0,4.0,-2.0,35.8,71.6,-35.8
2480134,4,981208,ALTER ENERSUN AL-QÁZERES EXTREMADURA,HOME,2735904,R. De Lima Viegas Laneiro,SF,1860325,L. Fontela Cabaleiro,SF,1902336,N. Liste Alfonsin,SF,2432389,J. De Barros Filipe,SF,2815234,I. Tavares Ramos,SF,2.1,125.0,4.0,8.0,-4.0,76.8,153.6,-76.8
2480134,4,981208,ALTER ENERSUN AL-QÁZERES EXTREMADURA,HOME,2735904,R. De Lima Viegas Laneiro,SF,1860325,L. Fontela Cabaleiro,SF,2432389,J. De Barros Filipe,SF,1112483,L. Mendez Lamas,SF,1902336,N. Liste Alfonsin,SF,1.9,118.0,2.0,5.0,-3.0,40.7,101.7,-61.0
2480134,4,981208,ALTER ENERSUN AL-QÁZERES EXTREMADURA,HOME,2735904,R. De Lima Viegas Laneiro,SF,1860325,L. Fontela Cabaleiro,SF,2432389,J. De Barros Filipe,SF,1902336,N. Liste Alfonsin,SF,1112483,L. Mendez Lamas,SF,1.2,71.0,0.0,3.0,-3.0,0.0,101.4,-101.4
2480134,4,981208,ALTER ENERSUN AL-QÁZERES EXTREMADURA,HOME,2735904,R. De Lima Viegas Laneiro,SF,1860325,L. Fontela Cabaleiro,SF,2815153,V. Gauna,SF,1902336,N. Liste Alfonsin,SF,2432389,J. De Barros Filipe,SF,1.1,65.0,0.0,0.0,0.0,0.0,0.0,0.0
2480134,4,981208,ALTER ENERSUN AL-QÁZERES EXTREMADURA,HOME,2735904,R. De Lima Viegas Laneiro,SF,1860325,L. Fontela Cabaleiro,SF,2815153,V. Gauna,SF,1902336,N. Liste Alfonsin,SF,2815234,I. Tavares Ramos,SF,6.9,417.0,14.0,5.0,9.0,80.6,28.8,51.8
2480134,4,981208,ALTER ENERSUN AL-QÁZERES EXTREMADURA,HOME,2735904,R. De Lima Viegas Laneiro,SF,1860325,L. Fontela Cabaleiro,SF,2815153,V. Gauna,SF,2432389,J. De Barros Filipe,SF,1112483,L. Mendez Lamas,SF,2.4,139.0,6.0,2.0,4.0,103.6,34.5,69.1
2480134,4,981208,ALTER ENERSUN AL-QÁZERES EXTREMADURA,HOME,2735904,R. De Lima Viegas Laneiro,SF,1860325,L. Fontela Cabaleiro,SF,2815153,V. Gauna,SF,2432389,J. De Barros Filipe,SF,1902336,N. Liste Alfonsin,SF,4.2,258.0,5.0,6.0,-1.0,46.5,55.8,-9.3
2480134,4,981208,ALTER ENERSUN AL-QÁZERES EXTREMADURA,HOME,2735904,R. De Lima Viegas Laneiro,SF,2432389,J. De Barros Filipe,SF,1112483,L. Mendez Lamas,SF,1902336,N. Liste Alfonsin,SF,2044012,C. Suárez Fernández,SF,1.0,60.0,2.0,5.0,-3.0,80.0,200.0,-120.0
2480134,4,981208,ALTER ENERSUN AL-QÁZERES EXTREMADURA,HOME,2735904,R. De Lima Viegas Laneiro,SF,2432389,J. De Barros Filipe,SF,1902336,N. Liste Alfonsin,SF,1112483,L. Mendez Lamas,SF,2815234,I. Tavares Ramos,SF,2.4,144.0,5.0,7.0,-2.0,83.3,116.7,-33.3
2480134,4,981208,ALTER ENERSUN AL-QÁZERES EXTREMADURA,HOME,2735904,R. De Lima Viegas Laneiro,SF,2815153,V. Gauna,SF,1902336,N. Liste Alfonsin,SF,2815234,I. Tavares Ramos,SF,2044012,C. Suárez Fernández,SF,3.8,231.0,7.0,4.0,3.0,72.7,41.6,31.2
2480134,4,981208,ALTER ENERSUN AL-QÁZERES EXTREMADURA,HOME,2735904,R. De Lima Viegas Laneiro,SF,2815153,V. Gauna,SF,2432389,J. De Barros Filipe,SF,1112483,L. Mendez Lamas,SF,1902336,N. Liste Alfonsin,SF,1.7,100.0,0.0,0.0,0.0,0.0,0.0,0.0
2480134,4,981208,ALTER ENERSUN AL-QÁZERES EXTREMADURA,HOME,2735904,R. De Lima Viegas Laneiro,SF,2815153,V. Gauna,SF,2432389,J. De Barros Filipe,SF,1902336,N. Liste Alfonsin,SF,2044012,C. Suárez Fernández,SF,1.7,100.0,3.0,0.0,3.0,72.0,0.0,72.0
2480134,4,981208,ALTER ENERSUN AL-QÁZERES EXTREMADURA,HOME,2815153,V. Gauna,SF,1902336,N. Liste Alfonsin,SF,2432389,J. De Barros Filipe,SF,2815234,I. Tavares Ramos,SF,2044012,C. Suárez Fernández,SF,0.8,51.0,4.0,0.0,4.0,188.2,0.0,188.2
2480134,4,981208,ALTER ENERSUN AL-QÁZERES EXTREMADURA,HOME,2815153,V. Gauna,SF,2432389,J. De Barros Filipe,SF,1112483,L. Mendez Lamas,SF,1902336,N. Liste Alfonsin,SF,2044012,C. Suárez Fernández,SF,0.8,45.0,0.0,2.0,-2.0,0.0,106.7,-106.7
2480134,4,981492,CELTA  FEMXA ZORKA,AWAY,1875311,C. Menendez Torres,SF,2815029,J. Thomas,SF,2121212,P. Salinas Mascuñana,SF,2814638,J. Kelliher,SF,2651124,A. Boquete Manna,SF,0.4,22.0,0.0,2.0,-2.0,0.0,218.2,-218.2
2480134,4,981492,CELTA  FEMXA ZORKA,AWAY,2049773,D. Bermejo Escribano,SF,2179984,U. Rodríguez Silva,SF,1875311,C. Menendez Torres,SF,2121212,P. Salinas Mascuñana,SF,2814638,J. Kelliher,SF,0.4,22.0,4.0,0.0,4.0,436.4,0.0,436.4
2480134,4,981492,CELTA  FEMXA ZORKA,AWAY,2049773,D. Bermejo Escribano,SF,2276545,M. Vizmanos Iglesis,SF,1875311,C. Menendez Torres,SF,2121212,P. Salinas Mascuñana,SF,2814638,J. Kelliher,SF,2.0,121.0,4.0,2.0,2.0,79.3,39.7,39.7
2480134,4,981492,CELTA  FEMXA ZORKA,AWAY,2049773,D. Bermejo Escribano,SF,2815029,J. Thomas,SF,2121212,P. Salinas Mascuñana,SF,2814638,J. Kelliher,SF,2651124,A. Boquete Manna,SF,3.7,224.0,4.0,8.0,-4.0,42.9,85.7,-42.9
2480134,4,981492,CELTA  FEMXA ZORKA,AWAY,2179984,U. Rodríguez Silva,SF,1875311,C. Menendez Torres,SF,1855646,S. Vidal Acuña,SF,2121212,P. Salinas Mascuñana,SF,2814638,J. Kelliher,SF,3.1,185.0,2.0,5.0,-3.0,25.9,64.9,-38.9
2480134,4,981492,CELTA  FEMXA ZORKA,AWAY,2179984,U. Rodríguez Silva,SF,1875311,C. Menendez Torres,SF,2815029,J. Thomas,SF,2814638,J. Kelliher,SF,2651124,A. Boquete Manna,SF,0.5,27.0,0.0,2.0,-2.0,0.0,177.8,-177.8
2480134,4,981492,CELTA  FEMXA ZORKA,AWAY,2179984,U. Rodríguez Silva,SF,2276545,M. Vizmanos Iglesis,SF,1875311,C. Menendez Torres,SF,2121212,P. Salinas Mascuñana,SF,2814638,J. Kelliher,SF,1.0,58.0,3.0,0.0,3.0,124.1,0.0,124.1
2480134,4,981492,CELTA  FEMXA ZORKA,AWAY,2743289,D. Cabrera Baccon,SF,2049773,D. Bermejo Escribano,SF,1875311,C. Menendez Torres,SF,1855646,S. Vidal Acuña,SF,2121212,P. Salinas Mascuñana,SF,1.6,92.0,2.0,3.0,-1.0,52.2,78.3,-26.1
2480134,4,981492,CELTA  FEMXA ZORKA,AWAY,2743289,D. Cabrera Baccon,SF,2049773,D. Bermejo Escribano,SF,1875311,C. Menendez Torres,SF,2121212,P. Salinas Mascuñana,SF,2814638,J. Kelliher,SF,2.8,168.0,4.0,4.0,0.0,57.1,57.1,0.0
2480134,4,981492,CELTA  FEMXA ZORKA,AWAY,2743289,D. Cabrera Baccon,SF,2049773,D. Bermejo Escribano,SF,2121212,P. Salinas Mascuñana,SF,2814638,J. Kelliher,SF,2651124,A. Boquete Manna,SF,3.8,228.0,14.0,2.0,12.0,147.4,21.1,126.3
2480134,4,981492,CELTA  FEMXA ZORKA,AWAY,2743289,D. Cabrera Baccon,SF,2049773,D. Bermejo Escribano,SF,2276545,M. Vizmanos Iglesis,SF,2815029,J. Thomas,SF,2121212,P. Salinas Mascuñana,SF,3.3,190.0,2.0,0.0,2.0,25.3,0.0,25.3
2480134,4,981492,CELTA  FEMXA ZORKA,AWAY,2743289,D. Cabrera Baccon,SF,2049773,D. Bermejo Escribano,SF,2815029,J. Thomas,SF,1875311,C. Menendez Torres,SF,1855646,S. Vidal Acuña,SF,0.2,15.0,3.0,2.0,1.0,480.0,320.0,160.0
2480134,4,981492,CELTA  FEMXA ZORKA,AWAY,2743289,D. Cabrera Baccon,SF,2049773,D. Bermejo Escribano,SF,2815029,J. Thomas,SF,2121212,P. Salinas Mascuñana,SF,2814638,J. Kelliher,SF,3.1,188.0,6.0,5.0,1.0,76.6,63.8,12.8
2480134,4,981492,CELTA  FEMXA ZORKA,AWAY,2743289,D. Cabrera Baccon,SF,2179984,U. Rodríguez Silva,SF,1875311,C. Menendez Torres,SF,2814638,J. Kelliher,SF,2651124,A. Boquete Manna,SF,5.2,316.0,5.0,7.0,-2.0,38.0,53.2,-15.2
2480134,4,981492,CELTA  FEMXA ZORKA,AWAY,2743289,D. Cabrera Baccon,SF,2179984,U. Rodríguez Silva,SF,2276545,M. Vizmanos Iglesis,SF,1875311,C. Menendez Torres,SF,2121212,P. Salinas Mascuñana,SF,4.6,278.0,7.0,5.0,2.0,60.4,43.2,17.3
2480134,4,981492,CELTA  FEMXA ZORKA,AWAY,2743289,D. Cabrera Baccon,SF,2276545,M. Vizmanos Iglesis,SF,2815029,J. Thomas,SF,1875311,C. Menendez Torres,SF,2121212,P. Salinas Mascuñana,SF,1.5,92.0,2.0,6.0,-4.0,52.2,156.5,-104.3
2480134,4,981492,CELTA  FEMXA ZORKA,AWAY,2743289,D. Cabrera Baccon,SF,2815029,J. Thomas,SF,1875311,C. Menendez Torres,SF,1855646,S. Vidal Acuña,SF,2121212,P. Salinas Mascuñana,SF,1.4,87.0,2.0,0.0,2.0,55.2,0.0,55.2
2480134,4,981492,CELTA  FEMXA ZORKA,AWAY,2815029,J. Thomas,SF,1875311,C. Menendez Torres,SF,1855646,S. Vidal Acuña,SF,2121212,P. Salinas Mascuñana,SF,2814638,J. Kelliher,SF,1.4,87.0,3.0,5.0,-2.0,82.8,137.9,-55.2
2480135,4,979770,MELILLA CIUDAD DEL DEPORTE LA SALLE,HOME,1756623,A. Hernangomez Geuer,SF,1454479,A. Senosiain Vergarachea,SF,1587316,C. Caceres Ayala,SF,1715165,M. Torreblanca Ginel,SF,2648563,M. D'Urso Vallina,SF,0.7,42.0,3.0,0.0,3.0,171.4,0.0,171.4
2480135,4,979770,MELILLA CIUDAD DEL DEPORTE LA SALLE,HOME,1756623,A. Hernangomez Geuer,SF,1946976,L. Moya Blanch,SF,1454479,A. Senosiain Vergarachea,SF,1829640,A. Sanchez Davila,SF,1715165,M. Torreblanca Ginel,SF,1.7,103.0,0.0,3.0,-3.0,0.0,69.9,-69.9
2480135,4,979770,MELILLA CIUDAD DEL DEPORTE LA SALLE,HOME,1756623,A. Hernangomez Geuer,SF,1946976,L. Moya Blanch,SF,1454479,A. Senosiain Vergarachea,SF,2814864,R. Monteiro Da Silva,SF,1587316,C. Caceres Ayala,SF,1.7,102.0,2.0,5.0,-3.0,47.1,117.6,-70.6
2480135,4,979770,MELILLA CIUDAD DEL DEPORTE LA SALLE,HOME,1756623,A. Hernangomez Geuer,SF,2104399,C. Garcia Muñoz,SF,1454479,A. Senosiain Vergarachea,SF,1829640,A. Sanchez Davila,SF,1587316,C. Caceres Ayala,SF,5.1,304.0,7.0,3.0,4.0,55.3,23.7,31.6
2480135,4,979770,MELILLA CIUDAD DEL DEPORTE LA SALLE,HOME,1756623,A. Hernangomez Geuer,SF,2104399,C. Garcia Muñoz,SF,1454479,A. Senosiain Vergarachea,SF,1829640,A. Sanchez Davila,SF,1715165,M. Torreblanca Ginel,SF,0.5,27.0,0.0,3.0,-3.0,0.0,266.7,-266.7
2480135,4,979770,MELILLA CIUDAD DEL DEPORTE LA SALLE,HOME,1946976,L. Moya Blanch,SF,1454479,A. Senosiain Vergarachea,SF,1829640,A. Sanchez Davila,SF,1587316,C. Caceres Ayala,SF,1715165,M. Torreblanca Ginel,SF,1.5,90.0,3.0,3.0,0.0,80.0,80.0,0.0
2480135,4,979770,MELILLA CIUDAD DEL DEPORTE LA SALLE,HOME,2104399,C. Garcia Muñoz,SF,1454479,A. Senosiain Vergarachea,SF,2814864,R. Monteiro Da Silva,SF,1715165,M. Torreblanca Ginel,SF,2648563,M. D'Urso Vallina,SF,0.6,33.0,0.0,1.0,-1.0,0.0,72.7,-72.7
2480135,4,979770,MELILLA CIUDAD DEL DEPORTE LA SALLE,HOME,2104399,C. Garcia Muñoz,SF,1946976,L. Moya Blanch,SF,1454479,A. Senosiain Vergarachea,SF,2814864,R. Monteiro Da Silva,SF,1715165,M. Torreblanca Ginel,SF,2.9,174.0,3.0,1.0,2.0,41.4,13.8,27.6
2480135,4,979770,MELILLA CIUDAD DEL DEPORTE LA SALLE,HOME,2432929,M. Davydova,SF,1454479,A. Senosiain Vergarachea,SF,1829640,A. Sanchez Davila,SF,2814864,R. Monteiro Da Silva,SF,1715165,M. Torreblanca Ginel,SF,0.8,47.0,0.0,0.0,0.0,0.0,0.0,0.0
2480135,4,979770,MELILLA CIUDAD DEL DEPORTE LA SALLE,HOME,2432929,M. Davydova,SF,1713801,C. Torrubia Cano,SF,1454479,A. Senosiain Vergarachea,SF,2814864,R. Monteiro Da Silva,SF,1715165,M. Torreblanca Ginel,SF,1.8,105.0,4.0,7.0,-3.0,91.4,160.0,-68.6
2480135,4,979770,MELILLA CIUDAD DEL DEPORTE LA SALLE,HOME,2432929,M. Davydova,SF,1713801,C. Torrubia Cano,SF,1454479,A. Senosiain Vergarachea,SF,2814864,R. Monteiro Da Silva,SF,2648563,M. D'Urso Vallina,SF,4.9,292.0,6.0,3.0,3.0,49.3,24.7,24.7
2480135,4,979770,MELILLA CIUDAD DEL DEPORTE LA SALLE,HOME,2432929,M. Davydova,SF,1756623,A. Hernangomez Geuer,SF,1454479,A. Senosiain Vergarachea,SF,1829640,A. Sanchez Davila,SF,1715165,M. Torreblanca Ginel,SF,1.1,70.0,3.0,2.0,1.0,102.9,68.6,34.3
2480135,4,979770,MELILLA CIUDAD DEL DEPORTE LA SALLE,HOME,2432929,M. Davydova,SF,1756623,A. Hernangomez Geuer,SF,1454479,A. Senosiain Vergarachea,SF,1829640,A. Sanchez Davila,SF,2814864,R. Monteiro Da Silva,SF,1.3,77.0,0.0,3.0,-3.0,0.0,93.5,-93.5
2480135,4,979770,MELILLA CIUDAD DEL DEPORTE LA SALLE,HOME,2432929,M. Davydova,SF,1756623,A. Hernangomez Geuer,SF,1454479,A. Senosiain Vergarachea,SF,2814864,R. Monteiro Da Silva,SF,1587316,C. Caceres Ayala,SF,1.4,82.0,2.0,2.0,0.0,58.5,58.5,0.0
2480135,4,979770,MELILLA CIUDAD DEL DEPORTE LA SALLE,HOME,2432929,M. Davydova,SF,1756623,A. Hernangomez Geuer,SF,1454479,A. Senosiain Vergarachea,SF,2814864,R. Monteiro Da Silva,SF,1715165,M. Torreblanca Ginel,SF,6.4,385.0,17.0,9.0,8.0,106.0,56.1,49.9
2480135,4,979770,MELILLA CIUDAD DEL DEPORTE LA SALLE,HOME,2432929,M. Davydova,SF,1756623,A. Hernangomez Geuer,SF,1946976,L. Moya Blanch,SF,1454479,A. Senosiain Vergarachea,SF,2814864,R. Monteiro Da Silva,SF,1.6,95.0,3.0,0.0,3.0,75.8,0.0,75.8
2480135,4,979770,MELILLA CIUDAD DEL DEPORTE LA SALLE,HOME,2432929,M. Davydova,SF,1946976,L. Moya Blanch,SF,1454479,A. Senosiain Vergarachea,SF,1829640,A. Sanchez Davila,SF,1715165,M. Torreblanca Ginel,SF,1.8,109.0,5.0,3.0,2.0,110.1,66.1,44.0
2480135,4,979770,MELILLA CIUDAD DEL DEPORTE LA SALLE,HOME,2432929,M. Davydova,SF,1946976,L. Moya Blanch,SF,1454479,A. Senosiain Vergarachea,SF,2814864,R. Monteiro Da Silva,SF,1587316,C. Caceres Ayala,SF,2.4,144.0,7.0,4.0,3.0,116.7,66.7,50.0
2480135,4,979770,MELILLA CIUDAD DEL DEPORTE LA SALLE,HOME,2432929,M. Davydova,SF,1946976,L. Moya Blanch,SF,1454479,A. Senosiain Vergarachea,SF,2814864,R. Monteiro Da Silva,SF,1715165,M. Torreblanca Ginel,SF,2.0,119.0,5.0,0.0,5.0,100.8,0.0,100.8
2480135,4,979971,OSES CONSTRUCCION,AWAY,1044456,M. Asurmendi Villaverde,SF,1824910,S. Castro Marrero,SF,2561102,M. Blanco Morcillo,SF,2432513,V. Llorente,SF,1593987,M. Recarte Mendive,SF,2.3,134.0,3.0,3.0,0.0,53.7,53.7,0.0
2480135,4,979971,OSES CONSTRUCCION,AWAY,1044456,M. Asurmendi Villaverde,SF,2432778,J. Mungo Lanzetti,SF,1824910,S. Castro Marrero,SF,2561102,M. Blanco Morcillo,SF,2432513,V. Llorente,SF,0.5,30.0,0.0,0.0,0.0,0.0,0.0,0.0
2480135,4,979971,OSES CONSTRUCCION,AWAY,1044456,M. Asurmendi Villaverde,SF,2432778,J. Mungo Lanzetti,SF,2561102,M. Blanco Morcillo,SF,2432513,V. Llorente,SF,1593987,M. Recarte Mendive,SF,1.3,79.0,2.0,2.0,0.0,60.8,60.8,0.0
2480135,4,979971,OSES CONSTRUCCION,AWAY,1044456,M. Asurmendi Villaverde,SF,2561097,A. Diez Pastor,SF,1593987,M. Recarte Mendive,SF,2561102,M. Blanco Morcillo,SF,2432513,V. Llorente,SF,1.8,107.0,3.0,3.0,0.0,67.3,67.3,0.0
2480135,4,979971,OSES CONSTRUCCION,AWAY,1588922,L. Gutierrez Lancho,SF,1044456,M. Asurmendi Villaverde,SF,2561097,A. Diez Pastor,SF,2561102,M. Blanco Morcillo,SF,2432513,V. Llorente,SF,1.4,83.0,2.0,3.0,-1.0,57.8,86.7,-28.9
2480135,4,979971,OSES CONSTRUCCION,AWAY,1588922,L. Gutierrez Lancho,SF,1044456,M. Asurmendi Villaverde,SF,2561102,M. Blanco Morcillo,SF,1824910,S. Castro Marrero,SF,1820835,A. Wone Aranaz,SF,0.7,44.0,2.0,4.0,-2.0,109.1,218.2,-109.1
2480135,4,979971,OSES CONSTRUCCION,AWAY,1588922,L. Gutierrez Lancho,SF,1824910,S. Castro Marrero,SF,2561102,M. Blanco Morcillo,SF,2432513,V. Llorente,SF,1820835,A. Wone Aranaz,SF,1.2,68.0,2.0,0.0,2.0,70.6,0.0,70.6
2480135,4,979971,OSES CONSTRUCCION,AWAY,1588922,L. Gutierrez Lancho,SF,2364706,F. Parra,SF,1044456,M. Asurmendi Villaverde,SF,2432778,J. Mungo Lanzetti,SF,1820835,A. Wone Aranaz,SF,2.6,152.0,7.0,4.0,3.0,110.5,63.2,47.4
2480135,4,979971,OSES CONSTRUCCION,AWAY,1588922,L. Gutierrez Lancho,SF,2364706,F. Parra,SF,1044456,M. Asurmendi Villaverde,SF,2432778,J. Mungo Lanzetti,SF,2432513,V. Llorente,SF,1.2,72.0,0.0,3.0,-3.0,0.0,100.0,-100.0
2480135,4,979971,OSES CONSTRUCCION,AWAY,1588922,L. Gutierrez Lancho,SF,2364706,F. Parra,SF,2432778,J. Mungo Lanzetti,SF,1824910,S. Castro Marrero,SF,1820835,A. Wone Aranaz,SF,8.5,508.0,10.0,17.0,-7.0,47.2,80.3,-33.1
2480135,4,979971,OSES CONSTRUCCION,AWAY,1588922,L. Gutierrez Lancho,SF,2364706,F. Parra,SF,2432778,J. Mungo Lanzetti,SF,1824910,S. Castro Marrero,SF,2432513,V. Llorente,SF,0.8,45.0,0.0,0.0,0.0,0.0,0.0,0.0
2480135,4,979971,OSES CONSTRUCCION,AWAY,1588922,L. Gutierrez Lancho,SF,2364706,F. Parra,SF,2432778,J. Mungo Lanzetti,SF,2432513,V. Llorente,SF,1820835,A. Wone Aranaz,SF,3.1,183.0,1.0,4.0,-3.0,13.1,52.5,-39.3
2480135,4,979971,OSES CONSTRUCCION,AWAY,1588922,L. Gutierrez Lancho,SF,2364706,F. Parra,SF,2561097,A. Diez Pastor,SF,2432778,J. Mungo Lanzetti,SF,1820835,A. Wone Aranaz,SF,2.3,136.0,6.0,5.0,1.0,105.9,88.2,17.6
2480135,4,979971,OSES CONSTRUCCION,AWAY,1588922,L. Gutierrez Lancho,SF,2432778,J. Mungo Lanzetti,SF,1824910,S. Castro Marrero,SF,2432513,V. Llorente,SF,1820835,A. Wone Aranaz,SF,1.3,81.0,1.0,4.0,-3.0,29.6,118.5,-88.9
2480135,4,979971,OSES CONSTRUCCION,AWAY,1588922,L. Gutierrez Lancho,SF,2432778,J. Mungo Lanzetti,SF,1824910,S. Castro Marrero,SF,2561102,M. Blanco Morcillo,SF,2432513,V. Llorente,SF,0.3,20.0,0.0,3.0,-3.0,0.0,360.0,-360.0
2480135,4,979971,OSES CONSTRUCCION,AWAY,1588922,L. Gutierrez Lancho,SF,2432778,J. Mungo Lanzetti,SF,2561102,M. Blanco Morcillo,SF,1824910,S. Castro Marrero,SF,1820835,A. Wone Aranaz,SF,2.5,150.0,2.0,4.0,-2.0,32.0,64.0,-32.0
2480135,4,979971,OSES CONSTRUCCION,AWAY,1588922,L. Gutierrez Lancho,SF,2432778,J. Mungo Lanzetti,SF,2561102,M. Blanco Morcillo,SF,2432513,V. Llorente,SF,1820835,A. Wone Aranaz,SF,1.0,61.0,0.0,2.0,-2.0,0.0,78.7,-78.7
2480135,4,979971,OSES CONSTRUCCION,AWAY,1588922,L. Gutierrez Lancho,SF,2561097,A. Diez Pastor,SF,2432778,J. Mungo Lanzetti,SF,2561102,M. Blanco Morcillo,SF,1820835,A. Wone Aranaz,SF,1.9,116.0,3.0,2.0,1.0,62.1,41.4,20.7
2480135,4,979971,OSES CONSTRUCCION,AWAY,2364706,F. Parra,SF,1044456,M. Asurmendi Villaverde,SF,2432778,J. Mungo Lanzetti,SF,1824910,S. Castro Marrero,SF,2432513,V. Llorente,SF,0.8,47.0,0.0,2.0,-2.0,0.0,102.1,-102.1
2480135,4,979971,OSES CONSTRUCCION,AWAY,2364706,F. Parra,SF,1824910,S. Castro Marrero,SF,2561102,M. Blanco Morcillo,SF,2432513,V. Llorente,SF,1820835,A. Wone Aranaz,SF,2.3,137.0,5.0,5.0,0.0,87.6,87.6,0.0
2480135,4,979971,OSES CONSTRUCCION,AWAY,2364706,F. Parra,SF,2561097,A. Diez Pastor,SF,2561102,M. Blanco Morcillo,SF,2432513,V. Llorente,SF,1820835,A. Wone Aranaz,SF,2.4,147.0,3.0,0.0,3.0,49.0,0.0,49.0
2480136,4,979988,FUSTECMA NBF CASTELLÓ,AWAY,1680760,S. Carli Del Pino,SF,1460562,C. Perez Relancio,SF,2815082,M. Agyei,SF,2102573,A. Ferri Montagud,SF,1618451,L. Campos De Bengoa,SF,2.9,178.0,3.0,4.0,-1.0,40.4,53.9,-13.5
2480136,4,979988,FUSTECMA NBF CASTELLÓ,AWAY,1680760,S. Carli Del Pino,SF,1494221,L. Soler Madariaga,SF,2815082,M. Agyei,SF,2102573,A. Ferri Montagud,SF,1618451,L. Campos De Bengoa,SF,0.5,27.0,0.0,0.0,0.0,0.0,0.0,0.0
2480136,4,979988,FUSTECMA NBF CASTELLÓ,AWAY,1680760,S. Carli Del Pino,SF,2087212,L. Ruiz De La Hermosa Arce,SF,1494221,L. Soler Madariaga,SF,2815082,M. Agyei,SF,2102573,A. Ferri Montagud,SF,2.8,163.0,0.0,2.0,-2.0,0.0,29.4,-29.4
2480136,4,979988,FUSTECMA NBF CASTELLÓ,AWAY,1680760,S. Carli Del Pino,SF,2131367,S. Basaez Narvaez,SF,1460562,C. Perez Relancio,SF,2815082,M. Agyei,SF,1618451,L. Campos De Bengoa,SF,2.0,120.0,0.0,6.0,-6.0,0.0,120.0,-120.0
2480136,4,979988,FUSTECMA NBF CASTELLÓ,AWAY,1680760,S. Carli Del Pino,SF,2131367,S. Basaez Narvaez,SF,1460562,C. Perez Relancio,SF,2815082,M. Agyei,SF,2102573,A. Ferri Montagud,SF,0.8,49.0,0.0,3.0,-3.0,0.0,146.9,-146.9
2480136,4,979988,FUSTECMA NBF CASTELLÓ,AWAY,1680760,S. Carli Del Pino,SF,2131367,S. Basaez Narvaez,SF,1494221,L. Soler Madariaga,SF,2815082,M. Agyei,SF,1618451,L. Campos De Bengoa,SF,0.7,44.0,0.0,0.0,0.0,0.0,0.0,0.0
2480136,4,979988,FUSTECMA NBF CASTELLÓ,AWAY,1680760,S. Carli Del Pino,SF,2131367,S. Basaez Narvaez,SF,1494221,L. Soler Madariaga,SF,2815082,M. Agyei,SF,2102573,A. Ferri Montagud,SF,1.7,101.0,3.0,0.0,3.0,71.3,0.0,71.3
2480136,4,979988,FUSTECMA NBF CASTELLÓ,AWAY,1680760,S. Carli Del Pino,SF,2131367,S. Basaez Narvaez,SF,2087212,L. Ruiz De La Hermosa Arce,SF,2815082,M. Agyei,SF,1618451,L. Campos De Bengoa,SF,0.1,8.0,2.0,0.0,2.0,600.0,0.0,600.0
2480136,4,979988,FUSTECMA NBF CASTELLÓ,AWAY,1680760,S. Carli Del Pino,SF,2131367,S. Basaez Narvaez,SF,2274867,L. De Giacomo,SF,2815082,M. Agyei,SF,1618451,L. Campos De Bengoa,SF,0.6,36.0,0.0,0.0,0.0,0.0,0.0,0.0
2480136,4,979988,FUSTECMA NBF CASTELLÓ,AWAY,1680760,S. Carli Del Pino,SF,2131367,S. Basaez Narvaez,SF,2274867,L. De Giacomo,SF,2815082,M. Agyei,SF,2102573,A. Ferri Montagud,SF,3.3,199.0,5.0,12.0,-7.0,60.3,144.7,-84.4
2480136,4,979988,FUSTECMA NBF CASTELLÓ,AWAY,1680760,S. Carli Del Pino,SF,2131367,S. Basaez Narvaez,SF,2815082,M. Agyei,SF,1494221,L. Soler Madariaga,SF,2087212,L. Ruiz De La Hermosa Arce,SF,2.5,153.0,0.0,5.0,-5.0,0.0,78.4,-78.4
2480136,4,979988,FUSTECMA NBF CASTELLÓ,AWAY,1680760,S. Carli Del Pino,SF,2131367,S. Basaez Narvaez,SF,2815082,M. Agyei,SF,2144678,L. Jovena Meseguer,SF,1618451,L. Campos De Bengoa,SF,7.8,467.0,18.0,2.0,16.0,92.5,10.3,82.2
2480136,4,979988,FUSTECMA NBF CASTELLÓ,AWAY,1680760,S. Carli Del Pino,SF,2274867,L. De Giacomo,SF,1460562,C. Perez Relancio,SF,2087212,L. Ruiz De La Hermosa Arce,SF,2102573,A. Ferri Montagud,SF,3.0,183.0,7.0,2.0,5.0,91.8,26.2,65.6
2480136,4,979988,FUSTECMA NBF CASTELLÓ,AWAY,1680760,S. Carli Del Pino,SF,2274867,L. De Giacomo,SF,1460562,C. Perez Relancio,SF,2102573,A. Ferri Montagud,SF,1618451,L. Campos De Bengoa,SF,1.4,83.0,4.0,3.0,1.0,115.7,86.7,28.9
2480136,4,979988,FUSTECMA NBF CASTELLÓ,AWAY,1680760,S. Carli Del Pino,SF,2274867,L. De Giacomo,SF,2087212,L. Ruiz De La Hermosa Arce,SF,1494221,L. Soler Madariaga,SF,2102573,A. Ferri Montagud,SF,2.3,138.0,0.0,6.0,-6.0,0.0,104.3,-104.3
2480136,4,979988,FUSTECMA NBF CASTELLÓ,AWAY,1680760,S. Carli Del Pino,SF,2274867,L. De Giacomo,SF,2087212,L. Ruiz De La Hermosa Arce,SF,2815082,M. Agyei,SF,1618451,L. Campos De Bengoa,SF,0.1,4.0,2.0,2.0,0.0,1200.0,1200.0,0.0
2480136,4,979988,FUSTECMA NBF CASTELLÓ,AWAY,2131367,S. Basaez Narvaez,SF,2274867,L. De Giacomo,SF,2815082,M. Agyei,SF,2102573,A. Ferri Montagud,SF,1618451,L. Campos De Bengoa,SF,4.3,255.0,5.0,6.0,-1.0,47.1,56.5,-9.4
2480136,4,979988,FUSTECMA NBF CASTELLÓ,AWAY,2131367,S. Basaez Narvaez,SF,2815082,M. Agyei,SF,1494221,L. Soler Madariaga,SF,2102573,A. Ferri Montagud,SF,1618451,L. Campos De Bengoa,SF,3.2,192.0,6.0,4.0,2.0,75.0,50.0,25.0
2480136,4,981288,SERNOVA RENOVABLES REAL CANOE,HOME,2097038,P. De Mier Espina,SF,1242234,C. Rodriguez Nuñez,SF,2432516,C. De Sousa,SF,1859345,L. Fleta Robles,SF,1745108,M. Torres Municio,SF,1.1,65.0,0.0,4.0,-4.0,0.0,147.7,-147.7
2480136,4,981288,SERNOVA RENOVABLES REAL CANOE,HOME,2097038,P. De Mier Espina,SF,1787143,C. Mato De Prada,SF,1242234,C. Rodriguez Nuñez,SF,1859345,L. Fleta Robles,SF,1745108,M. Torres Municio,SF,1.1,66.0,0.0,2.0,-2.0,0.0,72.7,-72.7
2480136,4,981288,SERNOVA RENOVABLES REAL CANOE,HOME,2097038,P. De Mier Espina,SF,1787143,C. Mato De Prada,SF,1242234,C. Rodriguez Nuñez,SF,2037982,M. Nagore Sanchez,SF,1859345,L. Fleta Robles,SF,1.4,87.0,0.0,2.0,-2.0,0.0,55.2,-55.2
2480136,4,981288,SERNOVA RENOVABLES REAL CANOE,HOME,2097038,P. De Mier Espina,SF,1787143,C. Mato De Prada,SF,1242234,C. Rodriguez Nuñez,SF,2432516,C. De Sousa,SF,2037982,M. Nagore Sanchez,SF,0.5,27.0,0.0,0.0,0.0,0.0,0.0,0.0
2480136,4,981288,SERNOVA RENOVABLES REAL CANOE,HOME,2097038,P. De Mier Espina,SF,1787143,C. Mato De Prada,SF,1927626,C. Flores Garcia,SF,1242234,C. Rodriguez Nuñez,SF,2037982,M. Nagore Sanchez,SF,2.1,124.0,2.0,0.0,2.0,38.7,0.0,38.7
2480136,4,981288,SERNOVA RENOVABLES REAL CANOE,HOME,2097038,P. De Mier Espina,SF,1787143,C. Mato De Prada,SF,1927626,C. Flores Garcia,SF,1242234,C. Rodriguez Nuñez,SF,2432516,C. De Sousa,SF,0.7,39.0,0.0,0.0,0.0,0.0,0.0,0.0
2480136,4,981288,SERNOVA RENOVABLES REAL CANOE,HOME,2097038,P. De Mier Espina,SF,1787143,C. Mato De Prada,SF,1927626,C. Flores Garcia,SF,2818945,O. Santana Moldavsky,SF,2037982,M. Nagore Sanchez,SF,2.1,127.0,2.0,5.0,-3.0,37.8,94.5,-56.7
2480136,4,981288,SERNOVA RENOVABLES REAL CANOE,HOME,2097038,P. De Mier Espina,SF,1927626,C. Flores Garcia,SF,2818945,O. Santana Moldavsky,SF,2037982,M. Nagore Sanchez,SF,1745108,M. Torres Municio,SF,1.4,84.0,5.0,4.0,1.0,142.9,114.3,28.6
2480136,4,981288,SERNOVA RENOVABLES REAL CANOE,HOME,2097038,P. De Mier Espina,SF,2021397,A. Esnal Aguirre,SF,1242234,C. Rodriguez Nuñez,SF,2432516,C. De Sousa,SF,1745108,M. Torres Municio,SF,2.8,167.0,4.0,4.0,0.0,57.5,57.5,0.0
2480136,4,981288,SERNOVA RENOVABLES REAL CANOE,HOME,2097038,P. De Mier Espina,SF,2021397,A. Esnal Aguirre,SF,1242234,C. Rodriguez Nuñez,SF,2432516,C. De Sousa,SF,1859345,L. Fleta Robles,SF,11.5,690.0,22.0,22.0,0.0,76.5,76.5,0.0
2480136,4,981288,SERNOVA RENOVABLES REAL CANOE,HOME,2097038,P. De Mier Espina,SF,2021397,A. Esnal Aguirre,SF,1787143,C. Mato De Prada,SF,1242234,C. Rodriguez Nuñez,SF,1859345,L. Fleta Robles,SF,1.4,81.0,0.0,6.0,-6.0,0.0,177.8,-177.8
2480136,4,981288,SERNOVA RENOVABLES REAL CANOE,HOME,2097038,P. De Mier Espina,SF,2021397,A. Esnal Aguirre,SF,1787143,C. Mato De Prada,SF,1242234,C. Rodriguez Nuñez,SF,2432516,C. De Sousa,SF,5.4,328.0,11.0,3.0,8.0,80.5,22.0,58.5
2480136,4,981288,SERNOVA RENOVABLES REAL CANOE,HOME,2097038,P. De Mier Espina,SF,2021397,A. Esnal Aguirre,SF,1787143,C. Mato De Prada,SF,1927626,C. Flores Garcia,SF,1242234,C. Rodriguez Nuñez,SF,3.5,213.0,8.0,0.0,8.0,90.1,0.0,90.1
2480136,4,981288,SERNOVA RENOVABLES REAL CANOE,HOME,2097038,P. De Mier Espina,SF,2021397,A. Esnal Aguirre,SF,1927626,C. Flores Garcia,SF,2432516,C. De Sousa,SF,1859345,L. Fleta Robles,SF,2.0,120.0,0.0,0.0,0.0,0.0,0.0,0.0
2480136,4,981288,SERNOVA RENOVABLES REAL CANOE,HOME,2097038,P. De Mier Espina,SF,2021397,A. Esnal Aguirre,SF,1927626,C. Flores Garcia,SF,2818945,O. Santana Moldavsky,SF,1745108,M. Torres Municio,SF,0.5,32.0,0.0,0.0,0.0,0.0,0.0,0.0
2480136,4,981288,SERNOVA RENOVABLES REAL CANOE,HOME,2097038,P. De Mier Espina,SF,2021397,A. Esnal Aguirre,SF,1927626,C. Flores Garcia,SF,2818945,O. Santana Moldavsky,SF,1859345,L. Fleta Robles,SF,2.5,150.0,3.0,3.0,0.0,48.0,48.0,0.0
2480137,5,979988,FUSTECMA NBF CASTELLÓ,AWAY,1680760,S. Carli Del Pino,SF,2087212,L. Ruiz De La Hermosa Arce,SF,2144678,L. Jovena Meseguer,SF,2102573,A. Ferri Montagud,SF,1618451,L. Campos De Bengoa,SF,2.4,142.0,2.0,8.0,-6.0,33.8,135.2,-101.4
2480137,5,979988,FUSTECMA NBF CASTELLÓ,AWAY,1680760,S. Carli Del Pino,SF,2131367,S. Basaez Narvaez,SF,2087212,L. Ruiz De La Hermosa Arce,SF,2815082,M. Agyei,SF,2102573,A. Ferri Montagud,SF,0.6,36.0,0.0,0.0,0.0,0.0,0.0,0.0
2480137,5,979988,FUSTECMA NBF CASTELLÓ,AWAY,1680760,S. Carli Del Pino,SF,2131367,S. Basaez Narvaez,SF,2274867,L. De Giacomo,SF,1618451,L. Campos De Bengoa,SF,1721468,C. Villamor Aparicio,SF,0.8,45.0,3.0,1.0,2.0,160.0,53.3,106.7
2480137,5,979988,FUSTECMA NBF CASTELLÓ,AWAY,1680760,S. Carli Del Pino,SF,2131367,S. Basaez Narvaez,SF,2274867,L. De Giacomo,SF,2087212,L. Ruiz De La Hermosa Arce,SF,1618451,L. Campos De Bengoa,SF,2.1,126.0,4.0,6.0,-2.0,76.2,114.3,-38.1
2480137,5,979988,FUSTECMA NBF CASTELLÓ,AWAY,1680760,S. Carli Del Pino,SF,2131367,S. Basaez Narvaez,SF,2274867,L. De Giacomo,SF,2087212,L. Ruiz De La Hermosa Arce,SF,2815082,M. Agyei,SF,1.3,77.0,3.0,0.0,3.0,93.5,0.0,93.5
2480137,5,979988,FUSTECMA NBF CASTELLÓ,AWAY,1680760,S. Carli Del Pino,SF,2131367,S. Basaez Narvaez,SF,2274867,L. De Giacomo,SF,2815082,M. Agyei,SF,1618451,L. Campos De Bengoa,SF,7.9,476.0,13.0,12.0,1.0,65.5,60.5,5.0
2480137,5,979988,FUSTECMA NBF CASTELLÓ,AWAY,1680760,S. Carli Del Pino,SF,2131367,S. Basaez Narvaez,SF,2274867,L. De Giacomo,SF,2815082,M. Agyei,SF,2087212,L. Ruiz De La Hermosa Arce,SF,6.6,391.0,12.0,9.0,3.0,73.7,55.2,18.4
2480137,5,979988,FUSTECMA NBF CASTELLÓ,AWAY,1680760,S. Carli Del Pino,SF,2131367,S. Basaez Narvaez,SF,2815082,M. Agyei,SF,2087212,L. Ruiz De La Hermosa Arce,SF,1618451,L. Campos De Bengoa,SF,0.7,43.0,0.0,4.0,-4.0,0.0,223.3,-223.3
2480137,5,979988,FUSTECMA NBF CASTELLÓ,AWAY,1680760,S. Carli Del Pino,SF,2131367,S. Basaez Narvaez,SF,2815082,M. Agyei,SF,2144678,L. Jovena Meseguer,SF,1618451,L. Campos De Bengoa,SF,2.1,124.0,0.0,3.0,-3.0,0.0,58.1,-58.1
2480137,5,979988,FUSTECMA NBF CASTELLÓ,AWAY,1680760,S. Carli Del Pino,SF,2131367,S. Basaez Narvaez,SF,2815082,M. Agyei,SF,2144678,L. Jovena Meseguer,SF,1721468,C. Villamor Aparicio,SF,2.7,163.0,2.0,0.0,2.0,29.4,0.0,29.4
2480137,5,979988,FUSTECMA NBF CASTELLÓ,AWAY,1680760,S. Carli Del Pino,SF,2131367,S. Basaez Narvaez,SF,2815082,M. Agyei,SF,2144678,L. Jovena Meseguer,SF,2102573,A. Ferri Montagud,SF,7.0,422.0,10.0,15.0,-5.0,56.9,85.3,-28.4
2480137,5,979988,FUSTECMA NBF CASTELLÓ,AWAY,1680760,S. Carli Del Pino,SF,2144678,L. Jovena Meseguer,SF,2102573,A. Ferri Montagud,SF,1618451,L. Campos De Bengoa,SF,1721468,C. Villamor Aparicio,SF,1.0,61.0,0.0,2.0,-2.0,0.0,78.7,-78.7
2480137,5,979988,FUSTECMA NBF CASTELLÓ,AWAY,1680760,S. Carli Del Pino,SF,2274867,L. De Giacomo,SF,2087212,L. Ruiz De La Hermosa Arce,SF,2102573,A. Ferri Montagud,SF,1618451,L. Campos De Bengoa,SF,1.4,81.0,3.0,3.0,0.0,88.9,88.9,0.0
2480137,5,979988,FUSTECMA NBF CASTELLÓ,AWAY,1680760,S. Carli Del Pino,SF,2815082,M. Agyei,SF,2087212,L. Ruiz De La Hermosa Arce,SF,2144678,L. Jovena Meseguer,SF,2102573,A. Ferri Montagud,SF,2.3,142.0,2.0,2.0,0.0,33.8,33.8,0.0
2480137,5,979988,FUSTECMA NBF CASTELLÓ,AWAY,1680760,S. Carli Del Pino,SF,2815082,M. Agyei,SF,2144678,L. Jovena Meseguer,SF,2102573,A. Ferri Montagud,SF,1618451,L. Campos De Bengoa,SF,1.2,71.0,0.0,0.0,0.0,0.0,0.0,0.0
2480137,5,981206,MCR LIMA-HORTA BARCELONA,HOME,1908281,M. Aguado Tortella,SF,1958425,L. Roig I Salrach,SF,1959765,J. Rueda Choni,SF,1968768,I. Subirats Teruel,SF,2642945,B. Chasco Maso,SF,0.4,24.0,0.0,2.0,-2.0,0.0,200.0,-200.0
2480137,5,981206,MCR LIMA-HORTA BARCELONA,HOME,1908281,M. Aguado Tortella,SF,1958425,L. Roig I Salrach,SF,1959765,J. Rueda Choni,SF,2642945,B. Chasco Maso,SF,1912814,N. Barrientos Pereira,SF,2.0,119.0,2.0,6.0,-4.0,40.3,121.0,-80.7
2480137,5,981206,MCR LIMA-HORTA BARCELONA,HOME,1908281,M. Aguado Tortella,SF,1958425,L. Roig I Salrach,SF,1968768,I. Subirats Teruel,SF,2642945,B. Chasco Maso,SF,1912814,N. Barrientos Pereira,SF,0.5,28.0,1.0,0.0,1.0,85.7,0.0,85.7
2480137,5,981206,MCR LIMA-HORTA BARCELONA,HOME,1908281,M. Aguado Tortella,SF,1958425,L. Roig I Salrach,SF,1968768,I. Subirats Teruel,SF,2642945,B. Chasco Maso,SF,2042157,C. Ripoll Moya,SF,1.3,77.0,0.0,3.0,-3.0,0.0,93.5,-93.5
2480137,5,981206,MCR LIMA-HORTA BARCELONA,HOME,1908281,M. Aguado Tortella,SF,1958425,L. Roig I Salrach,SF,2828941,K. Clark,SF,1968768,I. Subirats Teruel,SF,1912814,N. Barrientos Pereira,SF,0.8,45.0,1.0,3.0,-2.0,53.3,160.0,-106.7
2480137,5,981206,MCR LIMA-HORTA BARCELONA,HOME,1908281,M. Aguado Tortella,SF,1968768,I. Subirats Teruel,SF,1959765,J. Rueda Choni,SF,2642945,B. Chasco Maso,SF,2042157,C. Ripoll Moya,SF,1.2,71.0,2.0,0.0,2.0,67.6,0.0,67.6
2480137,5,981206,MCR LIMA-HORTA BARCELONA,HOME,1908281,M. Aguado Tortella,SF,2828941,K. Clark,SF,1958425,L. Roig I Salrach,SF,1959765,J. Rueda Choni,SF,1912814,N. Barrientos Pereira,SF,1.3,79.0,2.0,0.0,2.0,60.8,0.0,60.8
2480137,5,981206,MCR LIMA-HORTA BARCELONA,HOME,1908281,M. Aguado Tortella,SF,2828941,K. Clark,SF,1958425,L. Roig I Salrach,SF,1968768,I. Subirats Teruel,SF,1886093,E. Escuder Gonzalez,SF,0.9,56.0,1.0,0.0,1.0,42.9,0.0,42.9
2480137,5,981206,MCR LIMA-HORTA BARCELONA,HOME,1908281,M. Aguado Tortella,SF,2828941,K. Clark,SF,1959765,J. Rueda Choni,SF,1958425,L. Roig I Salrach,SF,1886093,E. Escuder Gonzalez,SF,3.6,213.0,8.0,2.0,6.0,90.1,22.5,67.6
2480137,5,981206,MCR LIMA-HORTA BARCELONA,HOME,1908281,M. Aguado Tortella,SF,2828941,K. Clark,SF,1959765,J. Rueda Choni,SF,1958425,L. Roig I Salrach,SF,2042157,C. Ripoll Moya,SF,1.8,106.0,3.0,4.0,-1.0,67.9,90.6,-22.6
2480137,5,981206,MCR LIMA-HORTA BARCELONA,HOME,1908281,M. Aguado Tortella,SF,2828941,K. Clark,SF,1968768,I. Subirats Teruel,SF,1958425,L. Roig I Salrach,SF,1886093,E. Escuder Gonzalez,SF,1.1,68.0,0.0,0.0,0.0,0.0,0.0,0.0
2480137,5,981206,MCR LIMA-HORTA BARCELONA,HOME,1958425,L. Roig I Salrach,SF,1968768,I. Subirats Teruel,SF,2642945,B. Chasco Maso,SF,1912814,N. Barrientos Pereira,SF,2042157,C. Ripoll Moya,SF,1.6,98.0,5.0,4.0,1.0,122.4,98.0,24.5
2480137,5,981206,MCR LIMA-HORTA BARCELONA,HOME,1958425,L. Roig I Salrach,SF,2828941,K. Clark,SF,1968768,I. Subirats Teruel,SF,1886093,E. Escuder Gonzalez,SF,1912814,N. Barrientos Pereira,SF,0.2,11.0,0.0,0.0,0.0,0.0,0.0,0.0
2480137,5,981206,MCR LIMA-HORTA BARCELONA,HOME,2235190,E. Morales López,SF,1908281,M. Aguado Tortella,SF,1958425,L. Roig I Salrach,SF,1959765,J. Rueda Choni,SF,1912814,N. Barrientos Pereira,SF,3.6,214.0,13.0,3.0,10.0,145.8,33.6,112.1
2480137,5,981206,MCR LIMA-HORTA BARCELONA,HOME,2235190,E. Morales López,SF,1908281,M. Aguado Tortella,SF,1958425,L. Roig I Salrach,SF,1959765,J. Rueda Choni,SF,1968768,I. Subirats Teruel,SF,2.3,139.0,4.0,2.0,2.0,69.1,34.5,34.5
2480137,5,981206,MCR LIMA-HORTA BARCELONA,HOME,2235190,E. Morales López,SF,1908281,M. Aguado Tortella,SF,1959765,J. Rueda Choni,SF,1968768,I. Subirats Teruel,SF,1886093,E. Escuder Gonzalez,SF,0.1,7.0,0.0,0.0,0.0,0.0,0.0,0.0
2480137,5,981206,MCR LIMA-HORTA BARCELONA,HOME,2235190,E. Morales López,SF,1908281,M. Aguado Tortella,SF,1968768,I. Subirats Teruel,SF,1958425,L. Roig I Salrach,SF,1886093,E. Escuder Gonzalez,SF,1.1,67.0,2.0,2.0,0.0,71.6,71.6,0.0
2480137,5,981206,MCR LIMA-HORTA BARCELONA,HOME,2235190,E. Morales López,SF,1908281,M. Aguado Tortella,SF,1968768,I. Subirats Teruel,SF,1959765,J. Rueda Choni,SF,1912814,N. Barrientos Pereira,SF,4.9,292.0,6.0,4.0,2.0,49.3,32.9,16.4
2480137,5,981206,MCR LIMA-HORTA BARCELONA,HOME,2235190,E. Morales López,SF,1908281,M. Aguado Tortella,SF,1968768,I. Subirats Teruel,SF,1959765,J. Rueda Choni,SF,2042157,C. Ripoll Moya,SF,0.2,12.0,0.0,3.0,-3.0,0.0,600.0,-600.0
2480137,5,981206,MCR LIMA-HORTA BARCELONA,HOME,2235190,E. Morales López,SF,1958425,L. Roig I Salrach,SF,1959765,J. Rueda Choni,SF,1968768,I. Subirats Teruel,SF,1886093,E. Escuder Gonzalez,SF,3.3,201.0,0.0,3.0,-3.0,0.0,35.8,-35.8
2480137,5,981206,MCR LIMA-HORTA BARCELONA,HOME,2235190,E. Morales López,SF,1959765,J. Rueda Choni,SF,1968768,I. Subirats Teruel,SF,2642945,B. Chasco Maso,SF,1912814,N. Barrientos Pereira,SF,6.6,397.0,10.0,11.0,-1.0,60.5,66.5,-6.0
2480137,5,981206,MCR LIMA-HORTA BARCELONA,HOME,2828941,K. Clark,SF,1958425,L. Roig I Salrach,SF,1959765,J. Rueda Choni,SF,1968768,I. Subirats Teruel,SF,1886093,E. Escuder Gonzalez,SF,1.3,76.0,5.0,2.0,3.0,157.9,63.2,94.7
2480138,5,979971,OSES CONSTRUCCION,HOME,1044456,M. Asurmendi Villaverde,SF,2432778,J. Mungo Lanzetti,SF,2561102,M. Blanco Morcillo,SF,1824910,S. Castro Marrero,SF,2432513,V. Llorente,SF,2.0,120.0,2.0,3.0,-1.0,40.0,60.0,-20.0
2480138,5,979971,OSES CONSTRUCCION,HOME,1588922,L. Gutierrez Lancho,SF,1044456,M. Asurmendi Villaverde,SF,2432778,J. Mungo Lanzetti,SF,1824910,S. Castro Marrero,SF,2432513,V. Llorente,SF,1.1,66.0,2.0,0.0,2.0,72.7,0.0,72.7
2480138,5,979971,OSES CONSTRUCCION,HOME,1588922,L. Gutierrez Lancho,SF,1593987,M. Recarte Mendive,SF,2561102,M. Blanco Morcillo,SF,1824910,S. Castro Marrero,SF,1820835,A. Wone Aranaz,SF,5.1,308.0,9.0,9.0,0.0,70.1,70.1,0.0
2480138,5,979971,OSES CONSTRUCCION,HOME,1588922,L. Gutierrez Lancho,SF,2364706,F. Parra,SF,2432778,J. Mungo Lanzetti,SF,1824910,S. Castro Marrero,SF,2432513,V. Llorente,SF,0.9,54.0,0.0,0.0,0.0,0.0,0.0,0.0
2480138,5,979971,OSES CONSTRUCCION,HOME,1588922,L. Gutierrez Lancho,SF,2364706,F. Parra,SF,2561097,A. Diez Pastor,SF,2432513,V. Llorente,SF,1882395,A. Elso Aramendia,SF,0.4,20.0,1.0,0.0,1.0,120.0,0.0,120.0
2480138,5,979971,OSES CONSTRUCCION,HOME,1588922,L. Gutierrez Lancho,SF,2364706,F. Parra,SF,2561097,A. Diez Pastor,SF,2432778,J. Mungo Lanzetti,SF,1820835,A. Wone Aranaz,SF,1.0,62.0,5.0,0.0,5.0,193.5,0.0,193.5
2480138,5,979971,OSES CONSTRUCCION,HOME,1588922,L. Gutierrez Lancho,SF,2364706,F. Parra,SF,2561097,A. Diez Pastor,SF,2432778,J. Mungo Lanzetti,SF,2432513,V. Llorente,SF,1.1,68.0,3.0,0.0,3.0,105.9,0.0,105.9
2480138,5,979971,OSES CONSTRUCCION,HOME,1588922,L. Gutierrez Lancho,SF,2432778,J. Mungo Lanzetti,SF,2561102,M. Blanco Morcillo,SF,1824910,S. Castro Marrero,SF,1820835,A. Wone Aranaz,SF,2.3,139.0,2.0,4.0,-2.0,34.5,69.1,-34.5
2480138,5,979971,OSES CONSTRUCCION,HOME,1588922,L. Gutierrez Lancho,SF,2432778,J. Mungo Lanzetti,SF,2561102,M. Blanco Morcillo,SF,1824910,S. Castro Marrero,SF,2432513,V. Llorente,SF,8.6,515.0,9.0,8.0,1.0,41.9,37.3,4.7
2480138,5,979971,OSES CONSTRUCCION,HOME,1588922,L. Gutierrez Lancho,SF,2561097,A. Diez Pastor,SF,2432778,J. Mungo Lanzetti,SF,1824910,S. Castro Marrero,SF,1820835,A. Wone Aranaz,SF,2.2,132.0,6.0,5.0,1.0,109.1,90.9,18.2
2480138,5,979971,OSES CONSTRUCCION,HOME,2364706,F. Parra,SF,1044456,M. Asurmendi Villaverde,SF,2432778,J. Mungo Lanzetti,SF,1820835,A. Wone Aranaz,SF,1882395,A. Elso Aramendia,SF,1.9,113.0,2.0,4.0,-2.0,42.5,85.0,-42.5
2480138,5,979971,OSES CONSTRUCCION,HOME,2364706,F. Parra,SF,1044456,M. Asurmendi Villaverde,SF,2432778,J. Mungo Lanzetti,SF,1824910,S. Castro Marrero,SF,1820835,A. Wone Aranaz,SF,0.7,43.0,3.0,2.0,1.0,167.4,111.6,55.8
2480138,5,979971,OSES CONSTRUCCION,HOME,2364706,F. Parra,SF,1044456,M. Asurmendi Villaverde,SF,2432778,J. Mungo Lanzetti,SF,1824910,S. Castro Marrero,SF,2432513,V. Llorente,SF,2.2,128.0,2.0,8.0,-6.0,37.5,150.0,-112.5
2480138,5,979971,OSES CONSTRUCCION,HOME,2364706,F. Parra,SF,1044456,M. Asurmendi Villaverde,SF,2432778,J. Mungo Lanzetti,SF,2432513,V. Llorente,SF,1882395,A. Elso Aramendia,SF,4.9,297.0,14.0,7.0,7.0,113.1,56.6,56.6
2480138,5,979971,OSES CONSTRUCCION,HOME,2364706,F. Parra,SF,1044456,M. Asurmendi Villaverde,SF,2561097,A. Diez Pastor,SF,1820835,A. Wone Aranaz,SF,1882395,A. Elso Aramendia,SF,3.9,235.0,4.0,4.0,0.0,40.9,40.9,0.0
2480138,5,979971,OSES CONSTRUCCION,HOME,2364706,F. Parra,SF,1044456,M. Asurmendi Villaverde,SF,2561097,A. Diez Pastor,SF,1824910,S. Castro Marrero,SF,1820835,A. Wone Aranaz,SF,0.2,15.0,0.0,1.0,-1.0,0.0,160.0,-160.0
2480138,5,979971,OSES CONSTRUCCION,HOME,2364706,F. Parra,SF,1044456,M. Asurmendi Villaverde,SF,2561097,A. Diez Pastor,SF,2432513,V. Llorente,SF,1882395,A. Elso Aramendia,SF,1.4,85.0,3.0,3.0,0.0,84.7,84.7,0.0
2480138,5,981288,SERNOVA RENOVABLES REAL CANOE,AWAY,2021397,A. Esnal Aguirre,SF,1787143,C. Mato De Prada,SF,1242234,C. Rodriguez Nuñez,SF,2432516,C. De Sousa,SF,1745108,M. Torres Municio,SF,5.1,308.0,9.0,9.0,0.0,70.1,70.1,0.0
2480138,5,981288,SERNOVA RENOVABLES REAL CANOE,AWAY,2021397,A. Esnal Aguirre,SF,1787143,C. Mato De Prada,SF,1927626,C. Flores Garcia,SF,1242234,C. Rodriguez Nuñez,SF,2432516,C. De Sousa,SF,1.8,110.0,0.0,2.0,-2.0,0.0,43.6,-43.6
2480138,5,981288,SERNOVA RENOVABLES REAL CANOE,AWAY,2097038,P. De Mier Espina,SF,1787143,C. Mato De Prada,SF,1927626,C. Flores Garcia,SF,1242234,C. Rodriguez Nuñez,SF,2432516,C. De Sousa,SF,3.0,182.0,6.0,7.0,-1.0,79.1,92.3,-13.2
2480138,5,981288,SERNOVA RENOVABLES REAL CANOE,AWAY,2097038,P. De Mier Espina,SF,2021397,A. Esnal Aguirre,SF,1787143,C. Mato De Prada,SF,1242234,C. Rodriguez Nuñez,SF,1745108,M. Torres Municio,SF,1.9,114.0,3.0,5.0,-2.0,63.2,105.3,-42.1
2480138,5,981288,SERNOVA RENOVABLES REAL CANOE,AWAY,2097038,P. De Mier Espina,SF,2021397,A. Esnal Aguirre,SF,1787143,C. Mato De Prada,SF,1242234,C. Rodriguez Nuñez,SF,2432516,C. De Sousa,SF,9.3,558.0,17.0,13.0,4.0,73.1,55.9,17.2
2480138,5,981288,SERNOVA RENOVABLES REAL CANOE,AWAY,2097038,P. De Mier Espina,SF,2021397,A. Esnal Aguirre,SF,1787143,C. Mato De Prada,SF,1242234,C. Rodriguez Nuñez,SF,2818945,O. Santana Moldavsky,SF,7.1,422.0,13.0,6.0,7.0,73.9,34.1,39.8
2480138,5,981288,SERNOVA RENOVABLES REAL CANOE,AWAY,2097038,P. De Mier Espina,SF,2021397,A. Esnal Aguirre,SF,1787143,C. Mato De Prada,SF,1927626,C. Flores Garcia,SF,1242234,C. Rodriguez Nuñez,SF,4.3,263.0,6.0,7.0,-1.0,54.8,63.9,-9.1
2480138,5,981288,SERNOVA RENOVABLES REAL CANOE,AWAY,2097038,P. De Mier Espina,SF,2021397,A. Esnal Aguirre,SF,1787143,C. Mato De Prada,SF,2432516,C. De Sousa,SF,2818945,O. Santana Moldavsky,SF,2.3,140.0,0.0,9.0,-9.0,0.0,154.3,-154.3
2480138,5,981288,SERNOVA RENOVABLES REAL CANOE,AWAY,2097038,P. De Mier Espina,SF,2021397,A. Esnal Aguirre,SF,1787143,C. Mato De Prada,SF,2818945,O. Santana Moldavsky,SF,1745108,M. Torres Municio,SF,0.2,10.0,0.0,0.0,0.0,0.0,0.0,0.0
2480138,5,981288,SERNOVA RENOVABLES REAL CANOE,AWAY,2097038,P. De Mier Espina,SF,2021397,A. Esnal Aguirre,SF,1927626,C. Flores Garcia,SF,1242234,C. Rodriguez Nuñez,SF,1745108,M. Torres Municio,SF,1.8,109.0,4.0,5.0,-1.0,88.1,110.1,-22.0
2480138,5,981288,SERNOVA RENOVABLES REAL CANOE,AWAY,2097038,P. De Mier Espina,SF,2021397,A. Esnal Aguirre,SF,1927626,C. Flores Garcia,SF,1242234,C. Rodriguez Nuñez,SF,2432516,C. De Sousa,SF,3.1,184.0,0.0,4.0,-4.0,0.0,52.2,-52.2
2480139,5,979770,MELILLA CIUDAD DEL DEPORTE LA SALLE,AWAY,1454479,A. Senosiain Vergarachea,SF,1829640,A. Sanchez Davila,SF,2814864,R. Monteiro Da Silva,SF,1715165,M. Torreblanca Ginel,SF,2648563,M. D'Urso Vallina,SF,0.2,14.0,0.0,0.0,0.0,0.0,0.0,0.0
2480139,5,979770,MELILLA CIUDAD DEL DEPORTE LA SALLE,AWAY,1713801,C. Torrubia Cano,SF,1454479,A. Senosiain Vergarachea,SF,1829640,A. Sanchez Davila,SF,2814864,R. Monteiro Da Silva,SF,1715165,M. Torreblanca Ginel,SF,0.8,45.0,2.0,0.0,2.0,106.7,0.0,106.7
2480139,5,979770,MELILLA CIUDAD DEL DEPORTE LA SALLE,AWAY,1756623,A. Hernangomez Geuer,SF,1946976,L. Moya Blanch,SF,1454479,A. Senosiain Vergarachea,SF,1829640,A. Sanchez Davila,SF,1587316,C. Caceres Ayala,SF,2.6,156.0,3.0,3.0,0.0,46.2,46.2,0.0
2480139,5,979770,MELILLA CIUDAD DEL DEPORTE LA SALLE,AWAY,1756623,A. Hernangomez Geuer,SF,1946976,L. Moya Blanch,SF,1454479,A. Senosiain Vergarachea,SF,1829640,A. Sanchez Davila,SF,2648563,M. D'Urso Vallina,SF,0.7,44.0,3.0,0.0,3.0,163.6,0.0,163.6
2480139,5,979770,MELILLA CIUDAD DEL DEPORTE LA SALLE,AWAY,1756623,A. Hernangomez Geuer,SF,1946976,L. Moya Blanch,SF,1454479,A. Senosiain Vergarachea,SF,1829640,A. Sanchez Davila,SF,2814864,R. Monteiro Da Silva,SF,0.5,30.0,0.0,0.0,0.0,0.0,0.0,0.0
2480139,5,979770,MELILLA CIUDAD DEL DEPORTE LA SALLE,AWAY,1756623,A. Hernangomez Geuer,SF,1946976,L. Moya Blanch,SF,1454479,A. Senosiain Vergarachea,SF,2814864,R. Monteiro Da Silva,SF,1587316,C. Caceres Ayala,SF,4.1,247.0,5.0,6.0,-1.0,48.6,58.3,-9.7
2480139,5,979770,MELILLA CIUDAD DEL DEPORTE LA SALLE,AWAY,1756623,A. Hernangomez Geuer,SF,1946976,L. Moya Blanch,SF,1454479,A. Senosiain Vergarachea,SF,2814864,R. Monteiro Da Silva,SF,1715165,M. Torreblanca Ginel,SF,1.8,110.0,2.0,5.0,-3.0,43.6,109.1,-65.5
2480139,5,979770,MELILLA CIUDAD DEL DEPORTE LA SALLE,AWAY,1946976,L. Moya Blanch,SF,1454479,A. Senosiain Vergarachea,SF,1829640,A. Sanchez Davila,SF,2814864,R. Monteiro Da Silva,SF,1715165,M. Torreblanca Ginel,SF,0.8,44.0,0.0,1.0,-1.0,0.0,54.5,-54.5
2480139,5,979770,MELILLA CIUDAD DEL DEPORTE LA SALLE,AWAY,1946976,L. Moya Blanch,SF,1454479,A. Senosiain Vergarachea,SF,2814864,R. Monteiro Da Silva,SF,1587316,C. Caceres Ayala,SF,1715165,M. Torreblanca Ginel,SF,0.3,18.0,0.0,2.0,-2.0,0.0,266.7,-266.7
2480139,5,979770,MELILLA CIUDAD DEL DEPORTE LA SALLE,AWAY,2104399,C. Garcia Muñoz,SF,1946976,L. Moya Blanch,SF,1454479,A. Senosiain Vergarachea,SF,2814864,R. Monteiro Da Silva,SF,1715165,M. Torreblanca Ginel,SF,3.8,227.0,7.0,9.0,-2.0,74.0,95.2,-21.1
2480139,5,979770,MELILLA CIUDAD DEL DEPORTE LA SALLE,AWAY,2432929,M. Davydova,SF,1454479,A. Senosiain Vergarachea,SF,1829640,A. Sanchez Davila,SF,2814864,R. Monteiro Da Silva,SF,1715165,M. Torreblanca Ginel,SF,0.9,51.0,4.0,6.0,-2.0,188.2,282.4,-94.1
2480139,5,979770,MELILLA CIUDAD DEL DEPORTE LA SALLE,AWAY,2432929,M. Davydova,SF,1713801,C. Torrubia Cano,SF,1454479,A. Senosiain Vergarachea,SF,1829640,A. Sanchez Davila,SF,2648563,M. D'Urso Vallina,SF,0.5,32.0,0.0,2.0,-2.0,0.0,150.0,-150.0
2480139,5,979770,MELILLA CIUDAD DEL DEPORTE LA SALLE,AWAY,2432929,M. Davydova,SF,1713801,C. Torrubia Cano,SF,1454479,A. Senosiain Vergarachea,SF,1829640,A. Sanchez Davila,SF,2814864,R. Monteiro Da Silva,SF,0.3,18.0,0.0,3.0,-3.0,0.0,400.0,-400.0
2480139,5,979770,MELILLA CIUDAD DEL DEPORTE LA SALLE,AWAY,2432929,M. Davydova,SF,1713801,C. Torrubia Cano,SF,1454479,A. Senosiain Vergarachea,SF,2814864,R. Monteiro Da Silva,SF,2648563,M. D'Urso Vallina,SF,4.4,265.0,9.0,5.0,4.0,81.5,45.3,36.2
2480139,5,979770,MELILLA CIUDAD DEL DEPORTE LA SALLE,AWAY,2432929,M. Davydova,SF,1756623,A. Hernangomez Geuer,SF,1454479,A. Senosiain Vergarachea,SF,1715165,M. Torreblanca Ginel,SF,2648563,M. D'Urso Vallina,SF,0.7,44.0,0.0,2.0,-2.0,0.0,109.1,-109.1
2480139,5,979770,MELILLA CIUDAD DEL DEPORTE LA SALLE,AWAY,2432929,M. Davydova,SF,1756623,A. Hernangomez Geuer,SF,1454479,A. Senosiain Vergarachea,SF,1829640,A. Sanchez Davila,SF,1587316,C. Caceres Ayala,SF,3.4,206.0,3.0,7.0,-4.0,35.0,81.6,-46.6
2480139,5,979770,MELILLA CIUDAD DEL DEPORTE LA SALLE,AWAY,2432929,M. Davydova,SF,1756623,A. Hernangomez Geuer,SF,1454479,A. Senosiain Vergarachea,SF,1829640,A. Sanchez Davila,SF,1715165,M. Torreblanca Ginel,SF,4.0,238.0,4.0,4.0,0.0,40.3,40.3,0.0
2480139,5,979770,MELILLA CIUDAD DEL DEPORTE LA SALLE,AWAY,2432929,M. Davydova,SF,1756623,A. Hernangomez Geuer,SF,1454479,A. Senosiain Vergarachea,SF,1829640,A. Sanchez Davila,SF,2814864,R. Monteiro Da Silva,SF,1.1,65.0,2.0,0.0,2.0,73.8,0.0,73.8
2480139,5,979770,MELILLA CIUDAD DEL DEPORTE LA SALLE,AWAY,2432929,M. Davydova,SF,1756623,A. Hernangomez Geuer,SF,1454479,A. Senosiain Vergarachea,SF,2814864,R. Monteiro Da Silva,SF,1715165,M. Torreblanca Ginel,SF,5.6,339.0,4.0,7.0,-3.0,28.3,49.6,-21.2
2480139,5,979770,MELILLA CIUDAD DEL DEPORTE LA SALLE,AWAY,2432929,M. Davydova,SF,1946976,L. Moya Blanch,SF,1454479,A. Senosiain Vergarachea,SF,2814864,R. Monteiro Da Silva,SF,1715165,M. Torreblanca Ginel,SF,8.5,507.0,22.0,14.0,8.0,104.1,66.3,37.9
2480139,5,981492,CELTA  FEMXA ZORKA,HOME,2049773,D. Bermejo Escribano,SF,1875311,C. Menendez Torres,SF,2815029,J. Thomas,SF,2121212,P. Salinas Mascuñana,SF,2814638,J. Kelliher,SF,4.4,257.0,11.0,11.0,0.0,102.7,102.7,0.0
2480139,5,981492,CELTA  FEMXA ZORKA,HOME,2049773,D. Bermejo Escribano,SF,1875311,C. Menendez Torres,SF,2815029,J. Thomas,SF,2814638,J. Kelliher,SF,2651124,A. Boquete Manna,SF,0.5,31.0,3.0,0.0,3.0,232.3,0.0,232.3
2480139,5,981492,CELTA  FEMXA ZORKA,HOME,2049773,D. Bermejo Escribano,SF,2179984,U. Rodríguez Silva,SF,2276545,M. Vizmanos Iglesis,SF,1875311,C. Menendez Torres,SF,1855646,S. Vidal Acuña,SF,0.2,14.0,0.0,0.0,0.0,0.0,0.0,0.0
2480139,5,981492,CELTA  FEMXA ZORKA,HOME,2049773,D. Bermejo Escribano,SF,2179984,U. Rodríguez Silva,SF,2276545,M. Vizmanos Iglesis,SF,2814638,J. Kelliher,SF,2651124,A. Boquete Manna,SF,0.6,35.0,0.0,3.0,-3.0,0.0,205.7,-205.7
2480139,5,981492,CELTA  FEMXA ZORKA,HOME,2049773,D. Bermejo Escribano,SF,2276545,M. Vizmanos Iglesis,SF,2815029,J. Thomas,SF,1855646,S. Vidal Acuña,SF,2814638,J. Kelliher,SF,0.9,54.0,3.0,0.0,3.0,133.3,0.0,133.3
2480139,5,981492,CELTA  FEMXA ZORKA,HOME,2049773,D. Bermejo Escribano,SF,2276545,M. Vizmanos Iglesis,SF,2815029,J. Thomas,SF,2814638,J. Kelliher,SF,2651124,A. Boquete Manna,SF,1.1,67.0,0.0,0.0,0.0,0.0,0.0,0.0
2480139,5,981492,CELTA  FEMXA ZORKA,HOME,2179984,U. Rodríguez Silva,SF,1875311,C. Menendez Torres,SF,2121212,P. Salinas Mascuñana,SF,2814638,J. Kelliher,SF,2651124,A. Boquete Manna,SF,1.0,62.0,3.0,0.0,3.0,116.1,0.0,116.1
2480139,5,981492,CELTA  FEMXA ZORKA,HOME,2179984,U. Rodríguez Silva,SF,2276545,M. Vizmanos Iglesis,SF,1875311,C. Menendez Torres,SF,2814638,J. Kelliher,SF,2651124,A. Boquete Manna,SF,2.6,155.0,4.0,2.0,2.0,61.9,31.0,31.0
2480139,5,981492,CELTA  FEMXA ZORKA,HOME,2743289,D. Cabrera Baccon,SF,2049773,D. Bermejo Escribano,SF,1875311,C. Menendez Torres,SF,2121212,P. Salinas Mascuñana,SF,2814638,J. Kelliher,SF,4.2,257.0,10.0,4.0,6.0,93.4,37.4,56.0
2480139,5,981492,CELTA  FEMXA ZORKA,HOME,2743289,D. Cabrera Baccon,SF,2049773,D. Bermejo Escribano,SF,1875311,C. Menendez Torres,SF,2814638,J. Kelliher,SF,2651124,A. Boquete Manna,SF,2.5,147.0,5.0,2.0,3.0,81.6,32.7,49.0
2480139,5,981492,CELTA  FEMXA ZORKA,HOME,2743289,D. Cabrera Baccon,SF,2049773,D. Bermejo Escribano,SF,1875311,C. Menendez Torres,SF,2815029,J. Thomas,SF,2121212,P. Salinas Mascuñana,SF,2.7,158.0,3.0,4.0,-1.0,45.6,60.8,-15.2
2480139,5,981492,CELTA  FEMXA ZORKA,HOME,2743289,D. Cabrera Baccon,SF,2049773,D. Bermejo Escribano,SF,1875311,C. Menendez Torres,SF,2815029,J. Thomas,SF,2651124,A. Boquete Manna,SF,1.6,95.0,0.0,2.0,-2.0,0.0,50.5,-50.5
2480139,5,981492,CELTA  FEMXA ZORKA,HOME,2743289,D. Cabrera Baccon,SF,2049773,D. Bermejo Escribano,SF,1875311,C. Menendez Torres,SF,2815029,J. Thomas,SF,2814638,J. Kelliher,SF,5.5,330.0,9.0,9.0,0.0,65.5,65.5,0.0
2480139,5,981492,CELTA  FEMXA ZORKA,HOME,2743289,D. Cabrera Baccon,SF,2049773,D. Bermejo Escribano,SF,2276545,M. Vizmanos Iglesis,SF,2815029,J. Thomas,SF,1855646,S. Vidal Acuña,SF,4.2,253.0,7.0,10.0,-3.0,66.4,94.9,-28.5
2480139,5,981492,CELTA  FEMXA ZORKA,HOME,2743289,D. Cabrera Baccon,SF,2049773,D. Bermejo Escribano,SF,2815029,J. Thomas,SF,1855646,S. Vidal Acuña,SF,2651124,A. Boquete Manna,SF,0.9,53.0,0.0,2.0,-2.0,0.0,90.6,-90.6
2480139,5,981492,CELTA  FEMXA ZORKA,HOME,2743289,D. Cabrera Baccon,SF,2049773,D. Bermejo Escribano,SF,2815029,J. Thomas,SF,2121212,P. Salinas Mascuñana,SF,2651124,A. Boquete Manna,SF,2.4,145.0,4.0,0.0,4.0,66.2,0.0,66.2
2480139,5,981492,CELTA  FEMXA ZORKA,HOME,2743289,D. Cabrera Baccon,SF,2179984,U. Rodríguez Silva,SF,1875311,C. Menendez Torres,SF,2121212,P. Salinas Mascuñana,SF,2651124,A. Boquete Manna,SF,2.7,165.0,4.0,5.0,-1.0,58.2,72.7,-14.5
2480139,5,981492,CELTA  FEMXA ZORKA,HOME,2743289,D. Cabrera Baccon,SF,2179984,U. Rodríguez Silva,SF,1875311,C. Menendez Torres,SF,2814638,J. Kelliher,SF,2651124,A. Boquete Manna,SF,5.9,359.0,10.0,12.0,-2.0,66.9,80.2,-13.4
2480139,5,981492,CELTA  FEMXA ZORKA,HOME,2743289,D. Cabrera Baccon,SF,2179984,U. Rodríguez Silva,SF,2276545,M. Vizmanos Iglesis,SF,1875311,C. Menendez Torres,SF,2651124,A. Boquete Manna,SF,1.1,63.0,0.0,4.0,-4.0,0.0,152.4,-152.4
2480140,5,979952,LA LAGUNA TOYOTA  ADAREVA,HOME,1128614,I. Arregui Mariezcurrena,SF,1379088,P. Soler Suarez,SF,1884959,M. Luque Caballero,SF,2432295,B. Stevanovic,SF,2735173,M. Forsyth,SF,4.5,267.0,8.0,7.0,1.0,71.9,62.9,9.0
2480140,5,979952,LA LAGUNA TOYOTA  ADAREVA,HOME,1128614,I. Arregui Mariezcurrena,SF,1379088,P. Soler Suarez,SF,2432295,B. Stevanovic,SF,1613926,M. Gomez Fernandez,SF,2735173,M. Forsyth,SF,6.2,370.0,11.0,13.0,-2.0,71.4,84.3,-13.0
2480140,5,979952,LA LAGUNA TOYOTA  ADAREVA,HOME,1128614,I. Arregui Mariezcurrena,SF,1878753,N. Ibañez Silvestre,SF,2432295,B. Stevanovic,SF,1613926,M. Gomez Fernandez,SF,2735173,M. Forsyth,SF,2.4,144.0,5.0,4.0,1.0,83.3,66.7,16.7
2480140,5,979952,LA LAGUNA TOYOTA  ADAREVA,HOME,1128614,I. Arregui Mariezcurrena,SF,1884959,M. Luque Caballero,SF,1379088,P. Soler Suarez,SF,2432295,B. Stevanovic,SF,2735173,M. Forsyth,SF,4.2,251.0,4.0,9.0,-5.0,38.2,86.1,-47.8
2480140,5,979952,LA LAGUNA TOYOTA  ADAREVA,HOME,1613926,M. Gomez Fernandez,SF,1128614,I. Arregui Mariezcurrena,SF,1379088,P. Soler Suarez,SF,2341227,A. Montaño Muñoz,SF,2735173,M. Forsyth,SF,0.6,37.0,2.0,0.0,2.0,129.7,0.0,129.7
2480140,5,979952,LA LAGUNA TOYOTA  ADAREVA,HOME,1613926,M. Gomez Fernandez,SF,1128614,I. Arregui Mariezcurrena,SF,1379088,P. Soler Suarez,SF,2432295,B. Stevanovic,SF,2735173,M. Forsyth,SF,1.6,93.0,0.0,7.0,-7.0,0.0,180.6,-180.6
2480140,5,979952,LA LAGUNA TOYOTA  ADAREVA,HOME,1613926,M. Gomez Fernandez,SF,1128614,I. Arregui Mariezcurrena,SF,1878753,N. Ibañez Silvestre,SF,2341227,A. Montaño Muñoz,SF,2735173,M. Forsyth,SF,0.4,24.0,0.0,0.0,0.0,0.0,0.0,0.0
2480140,5,979952,LA LAGUNA TOYOTA  ADAREVA,HOME,1613926,M. Gomez Fernandez,SF,1128614,I. Arregui Mariezcurrena,SF,1884959,M. Luque Caballero,SF,1379088,P. Soler Suarez,SF,2432295,B. Stevanovic,SF,5.5,327.0,10.0,5.0,5.0,73.4,36.7,36.7
2480140,5,979952,LA LAGUNA TOYOTA  ADAREVA,HOME,1613926,M. Gomez Fernandez,SF,1128614,I. Arregui Mariezcurrena,SF,1884959,M. Luque Caballero,SF,1379088,P. Soler Suarez,SF,2735173,M. Forsyth,SF,1.1,65.0,0.0,2.0,-2.0,0.0,73.8,-73.8
2480140,5,979952,LA LAGUNA TOYOTA  ADAREVA,HOME,2639428,C. Parisi,SF,1379088,P. Soler Suarez,SF,1884959,M. Luque Caballero,SF,1613926,M. Gomez Fernandez,SF,2735173,M. Forsyth,SF,3.9,239.0,8.0,7.0,1.0,80.3,70.3,10.0
2480140,5,979952,LA LAGUNA TOYOTA  ADAREVA,HOME,2639428,C. Parisi,SF,1379088,P. Soler Suarez,SF,1884959,M. Luque Caballero,SF,2432295,B. Stevanovic,SF,1613926,M. Gomez Fernandez,SF,1.4,86.0,0.0,2.0,-2.0,0.0,55.8,-55.8
2480140,5,979952,LA LAGUNA TOYOTA  ADAREVA,HOME,2639428,C. Parisi,SF,1379088,P. Soler Suarez,SF,2238105,E. García Morales,SF,2432295,B. Stevanovic,SF,1613926,M. Gomez Fernandez,SF,1.6,94.0,2.0,5.0,-3.0,51.1,127.7,-76.6
2480140,5,979952,LA LAGUNA TOYOTA  ADAREVA,HOME,2639428,C. Parisi,SF,1613926,M. Gomez Fernandez,SF,1379088,P. Soler Suarez,SF,2432295,B. Stevanovic,SF,2735173,M. Forsyth,SF,3.6,217.0,7.0,8.0,-1.0,77.4,88.5,-11.1
2480140,5,979952,LA LAGUNA TOYOTA  ADAREVA,HOME,2639428,C. Parisi,SF,1613926,M. Gomez Fernandez,SF,1878753,N. Ibañez Silvestre,SF,2341227,A. Montaño Muñoz,SF,2735173,M. Forsyth,SF,3.1,186.0,6.0,7.0,-1.0,77.4,90.3,-12.9
2480140,5,981208,ALTER ENERSUN AL-QÁZERES EXTREMADURA,AWAY,1860325,L. Fontela Cabaleiro,SF,2815153,V. Gauna,SF,1902336,N. Liste Alfonsin,SF,2815234,I. Tavares Ramos,SF,1889214,C. Prieto Pereda,SF,4.4,266.0,12.0,2.0,10.0,108.3,18.0,90.2
2480140,5,981208,ALTER ENERSUN AL-QÁZERES EXTREMADURA,AWAY,2735904,R. De Lima Viegas Laneiro,SF,1860325,L. Fontela Cabaleiro,SF,2432389,J. De Barros Filipe,SF,1902336,N. Liste Alfonsin,SF,1889214,C. Prieto Pereda,SF,1.1,69.0,0.0,4.0,-4.0,0.0,139.1,-139.1
2480140,5,981208,ALTER ENERSUN AL-QÁZERES EXTREMADURA,AWAY,2735904,R. De Lima Viegas Laneiro,SF,1860325,L. Fontela Cabaleiro,SF,2432389,J. De Barros Filipe,SF,1902336,N. Liste Alfonsin,SF,2815234,I. Tavares Ramos,SF,19.9,1187.0,44.0,30.0,14.0,89.0,60.7,28.3
2480140,5,981208,ALTER ENERSUN AL-QÁZERES EXTREMADURA,AWAY,2735904,R. De Lima Viegas Laneiro,SF,1860325,L. Fontela Cabaleiro,SF,2815153,V. Gauna,SF,1902336,N. Liste Alfonsin,SF,1889214,C. Prieto Pereda,SF,3.4,206.0,6.0,4.0,2.0,69.9,46.6,23.3
2480140,5,981208,ALTER ENERSUN AL-QÁZERES EXTREMADURA,AWAY,2735904,R. De Lima Viegas Laneiro,SF,1860325,L. Fontela Cabaleiro,SF,2815153,V. Gauna,SF,1902336,N. Liste Alfonsin,SF,2044012,C. Suárez Fernández,SF,3.3,199.0,4.0,7.0,-3.0,48.2,84.4,-36.2
2480140,5,981208,ALTER ENERSUN AL-QÁZERES EXTREMADURA,AWAY,2735904,R. De Lima Viegas Laneiro,SF,2815153,V. Gauna,SF,1902336,N. Liste Alfonsin,SF,2044012,C. Suárez Fernández,SF,1889214,C. Prieto Pereda,SF,0.3,16.0,0.0,1.0,-1.0,0.0,150.0,-150.0
2480140,5,981208,ALTER ENERSUN AL-QÁZERES EXTREMADURA,AWAY,2735904,R. De Lima Viegas Laneiro,SF,2815153,V. Gauna,SF,1902336,N. Liste Alfonsin,SF,2815234,I. Tavares Ramos,SF,2044012,C. Suárez Fernández,SF,1.3,79.0,2.0,2.0,0.0,60.8,60.8,0.0
2480140,5,981208,ALTER ENERSUN AL-QÁZERES EXTREMADURA,AWAY,2735904,R. De Lima Viegas Laneiro,SF,2815153,V. Gauna,SF,2432389,J. De Barros Filipe,SF,1902336,N. Liste Alfonsin,SF,1889214,C. Prieto Pereda,SF,0.8,47.0,2.0,0.0,2.0,102.1,0.0,102.1
2480140,5,981208,ALTER ENERSUN AL-QÁZERES EXTREMADURA,AWAY,2735904,R. De Lima Viegas Laneiro,SF,2815153,V. Gauna,SF,2432389,J. De Barros Filipe,SF,1902336,N. Liste Alfonsin,SF,2044012,C. Suárez Fernández,SF,1.5,85.0,4.0,4.0,0.0,112.9,112.9,0.0
2480140,5,981208,ALTER ENERSUN AL-QÁZERES EXTREMADURA,AWAY,2815153,V. Gauna,SF,2432389,J. De Barros Filipe,SF,1902336,N. Liste Alfonsin,SF,2815234,I. Tavares Ramos,SF,1889214,C. Prieto Pereda,SF,4.1,246.0,2.0,9.0,-7.0,19.5,87.8,-68.3
2480141,5,979919,RECOLETAS ZAMORA,AWAY,1599354,A. Tainta Lizalde,SF,2239381,D. Angel Villen,SF,2561100,F. Pouye,SF,1259670,B. Sanchez Marrufo,SF,2047146,M. Fernandez Muñoz,SF,4.5,265.0,12.0,7.0,5.0,108.7,63.4,45.3
2480141,5,979919,RECOLETAS ZAMORA,AWAY,1599354,A. Tainta Lizalde,SF,2239381,D. Angel Villen,SF,2734310,E. Resende Carregosa,SF,2110765,A. Perez Relancio,SF,2561100,F. Pouye,SF,3.3,195.0,9.0,5.0,4.0,110.8,61.5,49.2
2480141,5,979919,RECOLETAS ZAMORA,AWAY,1599354,A. Tainta Lizalde,SF,2432306,F. Niski Castelao,SF,2110765,A. Perez Relancio,SF,1259670,B. Sanchez Marrufo,SF,2047146,M. Fernandez Muñoz,SF,0.9,54.0,0.0,0.0,0.0,0.0,0.0,0.0
2480141,5,979919,RECOLETAS ZAMORA,AWAY,1599354,A. Tainta Lizalde,SF,2432306,F. Niski Castelao,SF,2110765,A. Perez Relancio,SF,2561100,F. Pouye,SF,1259670,B. Sanchez Marrufo,SF,0.9,53.0,3.0,0.0,3.0,135.8,0.0,135.8
2480141,5,979919,RECOLETAS ZAMORA,AWAY,1599354,A. Tainta Lizalde,SF,2432306,F. Niski Castelao,SF,2239381,D. Angel Villen,SF,2734310,E. Resende Carregosa,SF,2110765,A. Perez Relancio,SF,1.2,73.0,3.0,0.0,3.0,98.6,0.0,98.6
2480141,5,979919,RECOLETAS ZAMORA,AWAY,1599354,A. Tainta Lizalde,SF,2432306,F. Niski Castelao,SF,2239381,D. Angel Villen,SF,2734310,E. Resende Carregosa,SF,2561100,F. Pouye,SF,1.9,114.0,2.0,5.0,-3.0,42.1,105.3,-63.2
2480141,5,979919,RECOLETAS ZAMORA,AWAY,1599354,A. Tainta Lizalde,SF,2432306,F. Niski Castelao,SF,2734310,E. Resende Carregosa,SF,2110765,A. Perez Relancio,SF,1259670,B. Sanchez Marrufo,SF,6.3,386.0,6.0,7.0,-1.0,37.3,43.5,-6.2
2480141,5,979919,RECOLETAS ZAMORA,AWAY,1599354,A. Tainta Lizalde,SF,2432306,F. Niski Castelao,SF,2734310,E. Resende Carregosa,SF,2110765,A. Perez Relancio,SF,2561100,F. Pouye,SF,6.7,402.0,14.0,7.0,7.0,83.6,41.8,41.8
2480141,5,979919,RECOLETAS ZAMORA,AWAY,1599354,A. Tainta Lizalde,SF,2432306,F. Niski Castelao,SF,2734310,E. Resende Carregosa,SF,2561100,F. Pouye,SF,1259670,B. Sanchez Marrufo,SF,4.8,286.0,8.0,10.0,-2.0,67.1,83.9,-16.8
2480141,5,979919,RECOLETAS ZAMORA,AWAY,1599354,A. Tainta Lizalde,SF,2817152,F. Filor,SF,2239381,D. Angel Villen,SF,2734310,E. Resende Carregosa,SF,2110765,A. Perez Relancio,SF,1.4,84.0,2.0,2.0,0.0,57.1,57.1,0.0
2480141,5,979919,RECOLETAS ZAMORA,AWAY,1599354,A. Tainta Lizalde,SF,2817152,F. Filor,SF,2432306,F. Niski Castelao,SF,2110765,A. Perez Relancio,SF,2561100,F. Pouye,SF,2.2,133.0,5.0,11.0,-6.0,90.2,198.5,-108.3
2480141,5,979919,RECOLETAS ZAMORA,AWAY,1599354,A. Tainta Lizalde,SF,2817152,F. Filor,SF,2432306,F. Niski Castelao,SF,2239381,D. Angel Villen,SF,2734310,E. Resende Carregosa,SF,0.7,44.0,2.0,0.0,2.0,109.1,0.0,109.1
2480141,5,979919,RECOLETAS ZAMORA,AWAY,1599354,A. Tainta Lizalde,SF,2817152,F. Filor,SF,2432306,F. Niski Castelao,SF,2734310,E. Resende Carregosa,SF,2110765,A. Perez Relancio,SF,5.1,311.0,13.0,7.0,6.0,100.3,54.0,46.3
2480141,5,981346,LA CORDÁ DE PATERNA NB,HOME,2163606,C. Sancho Mauri,SF,2653963,A. Traore,SF,1632609,C. Che Tortola,SF,1687305,L. Segura Moreno,SF,2071471,P. Saravia Logroño,SF,1.2,73.0,0.0,4.0,-4.0,0.0,131.5,-131.5
2480141,5,981346,LA CORDÁ DE PATERNA NB,HOME,2653963,A. Traore,SF,1508657,V. Saez Moreno,SF,1632609,C. Che Tortola,SF,1687305,L. Segura Moreno,SF,2071471,P. Saravia Logroño,SF,0.2,15.0,0.0,0.0,0.0,0.0,0.0,0.0
2480141,5,981346,LA CORDÁ DE PATERNA NB,HOME,2653963,A. Traore,SF,1632609,C. Che Tortola,SF,1687305,L. Segura Moreno,SF,2230288,S. Davila Diaz De Ilarraza,SF,2071471,P. Saravia Logroño,SF,0.8,44.0,0.0,0.0,0.0,0.0,0.0,0.0
2480141,5,981346,LA CORDÁ DE PATERNA NB,HOME,2653963,A. Traore,SF,1632609,C. Che Tortola,SF,2173687,M. Llompart Perello,SF,1687305,L. Segura Moreno,SF,2071471,P. Saravia Logroño,SF,2.1,125.0,5.0,2.0,3.0,96.0,38.4,57.6
2480141,5,981346,LA CORDÁ DE PATERNA NB,HOME,2653963,A. Traore,SF,1632609,C. Che Tortola,SF,2230288,S. Davila Diaz De Ilarraza,SF,2031045,M. Galiana Miralles,SF,2071471,P. Saravia Logroño,SF,0.4,25.0,0.0,3.0,-3.0,0.0,288.0,-288.0
2480141,5,981346,LA CORDÁ DE PATERNA NB,HOME,2653963,A. Traore,SF,2163606,C. Sancho Mauri,SF,1632609,C. Che Tortola,SF,1687305,L. Segura Moreno,SF,2071471,P. Saravia Logroño,SF,1.2,77.0,0.0,5.0,-5.0,0.0,155.8,-155.8
2480141,5,981346,LA CORDÁ DE PATERNA NB,HOME,2653963,A. Traore,SF,2163606,C. Sancho Mauri,SF,2173687,M. Llompart Perello,SF,1687305,L. Segura Moreno,SF,2071471,P. Saravia Logroño,SF,6.5,398.0,7.0,15.0,-8.0,42.2,90.5,-48.2
2480141,5,981346,LA CORDÁ DE PATERNA NB,HOME,2653963,A. Traore,SF,2173687,M. Llompart Perello,SF,2230288,S. Davila Diaz De Ilarraza,SF,2031045,M. Galiana Miralles,SF,2071471,P. Saravia Logroño,SF,1.4,84.0,2.0,2.0,0.0,57.1,57.1,0.0
2480141,5,981346,LA CORDÁ DE PATERNA NB,HOME,2796302,P. Gabriel,SF,1508657,V. Saez Moreno,SF,1632609,C. Che Tortola,SF,1687305,L. Segura Moreno,SF,2071471,P. Saravia Logroño,SF,3.8,230.0,5.0,12.0,-7.0,52.2,125.2,-73.0
2480141,5,981346,LA CORDÁ DE PATERNA NB,HOME,2796302,P. Gabriel,SF,1508657,V. Saez Moreno,SF,1632609,C. Che Tortola,SF,2031045,M. Galiana Miralles,SF,2230288,S. Davila Diaz De Ilarraza,SF,2.4,141.0,5.0,3.0,2.0,85.1,51.1,34.0
2480141,5,981346,LA CORDÁ DE PATERNA NB,HOME,2796302,P. Gabriel,SF,1508657,V. Saez Moreno,SF,1632609,C. Che Tortola,SF,2173687,M. Llompart Perello,SF,1687305,L. Segura Moreno,SF,2.6,154.0,5.0,7.0,-2.0,77.9,109.1,-31.2
2480141,5,981346,LA CORDÁ DE PATERNA NB,HOME,2796302,P. Gabriel,SF,1508657,V. Saez Moreno,SF,1632609,C. Che Tortola,SF,2173687,M. Llompart Perello,SF,2031045,M. Galiana Miralles,SF,0.4,24.0,3.0,0.0,3.0,300.0,0.0,300.0
2480141,5,981346,LA CORDÁ DE PATERNA NB,HOME,2796302,P. Gabriel,SF,1508657,V. Saez Moreno,SF,2173687,M. Llompart Perello,SF,1687305,L. Segura Moreno,SF,2071471,P. Saravia Logroño,SF,2.2,130.0,0.0,2.0,-2.0,0.0,36.9,-36.9
2480141,5,981346,LA CORDÁ DE PATERNA NB,HOME,2796302,P. Gabriel,SF,1508657,V. Saez Moreno,SF,2173687,M. Llompart Perello,SF,2031045,M. Galiana Miralles,SF,2071471,P. Saravia Logroño,SF,1.8,109.0,8.0,5.0,3.0,176.1,110.1,66.1
2480141,5,981346,LA CORDÁ DE PATERNA NB,HOME,2796302,P. Gabriel,SF,1632609,C. Che Tortola,SF,2031045,M. Galiana Miralles,SF,2230288,S. Davila Diaz De Ilarraza,SF,2071471,P. Saravia Logroño,SF,0.5,31.0,0.0,2.0,-2.0,0.0,154.8,-154.8
2480141,5,981346,LA CORDÁ DE PATERNA NB,HOME,2796302,P. Gabriel,SF,1632609,C. Che Tortola,SF,2173687,M. Llompart Perello,SF,1687305,L. Segura Moreno,SF,2071471,P. Saravia Logroño,SF,8.9,534.0,17.0,10.0,7.0,76.4,44.9,31.5
2480141,5,981346,LA CORDÁ DE PATERNA NB,HOME,2796302,P. Gabriel,SF,1632609,C. Che Tortola,SF,2173687,M. Llompart Perello,SF,1687305,L. Segura Moreno,SF,2230288,S. Davila Diaz De Ilarraza,SF,2.2,126.0,4.0,7.0,-3.0,76.2,133.3,-57.1
2480141,5,981346,LA CORDÁ DE PATERNA NB,HOME,2796302,P. Gabriel,SF,2163606,C. Sancho Mauri,SF,1632609,C. Che Tortola,SF,2031045,M. Galiana Miralles,SF,2071471,P. Saravia Logroño,SF,0.8,48.0,0.0,0.0,0.0,0.0,0.0,0.0
2480141,5,981346,LA CORDÁ DE PATERNA NB,HOME,2796302,P. Gabriel,SF,2163606,C. Sancho Mauri,SF,2173687,M. Llompart Perello,SF,1687305,L. Segura Moreno,SF,2071471,P. Saravia Logroño,SF,0.5,32.0,0.0,0.0,0.0,0.0,0.0,0.0
2480142,5,979912,DOMUSA TEKNIK ISB,HOME,2145033,A. Lizundia Arozena,SF,2021400,M. Gutierrez Ibañez,SF,2818813,E. Lalotte,SF,2137901,M. Otaegi Albizu,SF,2818816,I. Araújo Gouveia Vieira,SF,0.3,17.0,3.0,0.0,3.0,423.5,0.0,423.5
2480142,5,979912,DOMUSA TEKNIK ISB,HOME,2735761,B. Tomancova,SF,1826917,J. Azcue Jauregui,SF,2021400,M. Gutierrez Ibañez,SF,2137901,M. Otaegi Albizu,SF,2818816,I. Araújo Gouveia Vieira,SF,1.1,68.0,3.0,3.0,0.0,105.9,105.9,0.0
2480142,5,979912,DOMUSA TEKNIK ISB,HOME,2735761,B. Tomancova,SF,2145033,A. Lizundia Arozena,SF,2021400,M. Gutierrez Ibañez,SF,2137901,M. Otaegi Albizu,SF,2818816,I. Araújo Gouveia Vieira,SF,2.9,176.0,4.0,10.0,-6.0,54.5,136.4,-81.8
2480142,5,979912,DOMUSA TEKNIK ISB,HOME,2735761,B. Tomancova,SF,2364470,G. Leaupepe,SF,1826917,J. Azcue Jauregui,SF,2021400,M. Gutierrez Ibañez,SF,2137901,M. Otaegi Albizu,SF,0.8,50.0,0.0,3.0,-3.0,0.0,144.0,-144.0
2480142,5,979912,DOMUSA TEKNIK ISB,HOME,2735761,B. Tomancova,SF,2364470,G. Leaupepe,SF,2021400,M. Gutierrez Ibañez,SF,1826917,J. Azcue Jauregui,SF,2818816,I. Araújo Gouveia Vieira,SF,5.6,338.0,11.0,10.0,1.0,78.1,71.0,7.1
2480142,5,979912,DOMUSA TEKNIK ISB,HOME,2735761,B. Tomancova,SF,2364470,G. Leaupepe,SF,2145033,A. Lizundia Arozena,SF,2021400,M. Gutierrez Ibañez,SF,2137901,M. Otaegi Albizu,SF,2.5,153.0,0.0,5.0,-5.0,0.0,78.4,-78.4
2480142,5,979912,DOMUSA TEKNIK ISB,HOME,2818717,S. Van,SF,1894119,S. Iparraguirre Alustiza,SF,1826917,J. Azcue Jauregui,SF,2818813,E. Lalotte,SF,2818816,I. Araújo Gouveia Vieira,SF,0.6,37.0,0.0,2.0,-2.0,0.0,129.7,-129.7
2480142,5,979912,DOMUSA TEKNIK ISB,HOME,2818717,S. Van,SF,1894119,S. Iparraguirre Alustiza,SF,2021400,M. Gutierrez Ibañez,SF,2818813,E. Lalotte,SF,2818816,I. Araújo Gouveia Vieira,SF,3.3,199.0,7.0,7.0,0.0,84.4,84.4,0.0
2480142,5,979912,DOMUSA TEKNIK ISB,HOME,2818717,S. Van,SF,1894119,S. Iparraguirre Alustiza,SF,2145033,A. Lizundia Arozena,SF,2818813,E. Lalotte,SF,2818816,I. Araújo Gouveia Vieira,SF,6.1,369.0,14.0,12.0,2.0,91.1,78.0,13.0
2480142,5,979912,DOMUSA TEKNIK ISB,HOME,2818717,S. Van,SF,1894119,S. Iparraguirre Alustiza,SF,2364470,G. Leaupepe,SF,2145033,A. Lizundia Arozena,SF,2818813,E. Lalotte,SF,1.3,77.0,2.0,2.0,0.0,62.3,62.3,0.0
2480142,5,979912,DOMUSA TEKNIK ISB,HOME,2818717,S. Van,SF,1894119,S. Iparraguirre Alustiza,SF,2735761,B. Tomancova,SF,2021400,M. Gutierrez Ibañez,SF,2818816,I. Araújo Gouveia Vieira,SF,3.4,204.0,8.0,8.0,0.0,94.1,94.1,0.0
2480142,5,979912,DOMUSA TEKNIK ISB,HOME,2818717,S. Van,SF,1894119,S. Iparraguirre Alustiza,SF,2735761,B. Tomancova,SF,2145033,A. Lizundia Arozena,SF,2818816,I. Araújo Gouveia Vieira,SF,2.2,135.0,2.0,9.0,-7.0,35.6,160.0,-124.4
2480142,5,979912,DOMUSA TEKNIK ISB,HOME,2818717,S. Van,SF,2145033,A. Lizundia Arozena,SF,2818813,E. Lalotte,SF,2137901,M. Otaegi Albizu,SF,2818816,I. Araújo Gouveia Vieira,SF,1.0,62.0,0.0,2.0,-2.0,0.0,77.4,-77.4
2480142,5,979912,DOMUSA TEKNIK ISB,HOME,2818717,S. Van,SF,2364470,G. Leaupepe,SF,1826917,J. Azcue Jauregui,SF,2818813,E. Lalotte,SF,2137901,M. Otaegi Albizu,SF,2.2,134.0,0.0,8.0,-8.0,0.0,143.3,-143.3
2480142,5,979912,DOMUSA TEKNIK ISB,HOME,2818717,S. Van,SF,2735761,B. Tomancova,SF,1894119,S. Iparraguirre Alustiza,SF,2364470,G. Leaupepe,SF,2145033,A. Lizundia Arozena,SF,2.3,138.0,0.0,4.0,-4.0,0.0,69.6,-69.6
2480142,5,979912,DOMUSA TEKNIK ISB,HOME,2818717,S. Van,SF,2735761,B. Tomancova,SF,2145033,A. Lizundia Arozena,SF,2137901,M. Otaegi Albizu,SF,2818816,I. Araújo Gouveia Vieira,SF,1.4,87.0,2.0,3.0,-1.0,55.2,82.8,-27.6
2480142,5,979912,DOMUSA TEKNIK ISB,HOME,2818717,S. Van,SF,2735761,B. Tomancova,SF,2364470,G. Leaupepe,SF,2145033,A. Lizundia Arozena,SF,2137901,M. Otaegi Albizu,SF,2.6,156.0,3.0,0.0,3.0,46.2,0.0,46.2
2480142,5,981213,AZULMARINO MALLORCA PALMA,AWAY,2791252,A. Bulgak,SF,1083354,M. España Almendro,SF,1865395,M. Garcia Mateo,SF,1434977,C. Grande Pardo,SF,1527601,I. Junio Mbulito,SF,6.8,410.0,16.0,13.0,3.0,93.7,76.1,17.6
2480142,5,981213,AZULMARINO MALLORCA PALMA,AWAY,2791252,A. Bulgak,SF,2793759,J. Asinde,SF,1083354,M. España Almendro,SF,1865395,M. Garcia Mateo,SF,1434977,C. Grande Pardo,SF,0.7,44.0,3.0,3.0,0.0,163.6,163.6,0.0
2480142,5,981213,AZULMARINO MALLORCA PALMA,AWAY,2791252,A. Bulgak,SF,2793759,J. Asinde,SF,2815892,A. Siciliano,SF,1083354,M. España Almendro,SF,1865395,M. Garcia Mateo,SF,32.1,1946.0,69.0,43.0,26.0,85.1,53.0,32.1
2480143,5,981242,C.B. SANTFELIUENC,HOME,2056237,L. Salmeron Segu,SF,2073654,C. Gil Abad,SF,2190844,S. Pares Vilaseca,SF,1752455,I. Conde Duran,SF,2816051,E. Tenbrock,SF,3.3,197.0,4.0,5.0,-1.0,48.7,60.9,-12.2
2480143,5,981242,C.B. SANTFELIUENC,HOME,2056237,L. Salmeron Segu,SF,2151715,J. Nogués Martí,SF,2816669,A. Marotte,SF,1752455,I. Conde Duran,SF,2816051,E. Tenbrock,SF,5.2,312.0,5.0,5.0,0.0,38.5,38.5,0.0
2480143,5,981242,C.B. SANTFELIUENC,HOME,2056237,L. Salmeron Segu,SF,2151715,J. Nogués Martí,SF,2816669,A. Marotte,SF,2748944,A. Meite,SF,2816051,E. Tenbrock,SF,1.2,73.0,4.0,5.0,-1.0,131.5,164.4,-32.9
2480143,5,981242,C.B. SANTFELIUENC,HOME,2056237,L. Salmeron Segu,SF,2151715,J. Nogués Martí,SF,2816766,A. Coulibaly,SF,2190844,S. Pares Vilaseca,SF,2816051,E. Tenbrock,SF,1.0,60.0,2.0,0.0,2.0,80.0,0.0,80.0
2480143,5,981242,C.B. SANTFELIUENC,HOME,2056237,L. Salmeron Segu,SF,2151715,J. Nogués Martí,SF,2816766,A. Coulibaly,SF,2816053,A. Tibe,SF,2190844,S. Pares Vilaseca,SF,3.3,200.0,0.0,2.0,-2.0,0.0,24.0,-24.0
2480143,5,981242,C.B. SANTFELIUENC,HOME,2056237,L. Salmeron Segu,SF,2748944,A. Meite,SF,2190844,S. Pares Vilaseca,SF,2816669,A. Marotte,SF,2073654,C. Gil Abad,SF,1.1,68.0,5.0,0.0,5.0,176.5,0.0,176.5
2480143,5,981242,C.B. SANTFELIUENC,HOME,2056237,L. Salmeron Segu,SF,2748944,A. Meite,SF,2190844,S. Pares Vilaseca,SF,2816669,A. Marotte,SF,2816051,E. Tenbrock,SF,2.9,171.0,5.0,6.0,-1.0,70.2,84.2,-14.0
2480143,5,981242,C.B. SANTFELIUENC,HOME,2056237,L. Salmeron Segu,SF,2816053,A. Tibe,SF,2190844,S. Pares Vilaseca,SF,2816669,A. Marotte,SF,1752455,I. Conde Duran,SF,0.4,25.0,0.0,0.0,0.0,0.0,0.0,0.0
2480143,5,981242,C.B. SANTFELIUENC,HOME,2056237,L. Salmeron Segu,SF,2816053,A. Tibe,SF,2748944,A. Meite,SF,2190844,S. Pares Vilaseca,SF,2073654,C. Gil Abad,SF,0.8,47.0,0.0,1.0,-1.0,0.0,51.1,-51.1
2480143,5,981242,C.B. SANTFELIUENC,HOME,2056237,L. Salmeron Segu,SF,2816669,A. Marotte,SF,2748944,A. Meite,SF,2190844,S. Pares Vilaseca,SF,2816051,E. Tenbrock,SF,0.3,18.0,3.0,0.0,3.0,400.0,0.0,400.0
2480143,5,981242,C.B. SANTFELIUENC,HOME,2056237,L. Salmeron Segu,SF,2816766,A. Coulibaly,SF,2816053,A. Tibe,SF,2073654,C. Gil Abad,SF,2190844,S. Pares Vilaseca,SF,1.4,83.0,0.0,3.0,-3.0,0.0,86.7,-86.7
2480143,5,981242,C.B. SANTFELIUENC,HOME,2151715,J. Nogués Martí,SF,2056237,L. Salmeron Segu,SF,2073654,C. Gil Abad,SF,1752455,I. Conde Duran,SF,2816051,E. Tenbrock,SF,0.7,41.0,0.0,3.0,-3.0,0.0,175.6,-175.6
2480143,5,981242,C.B. SANTFELIUENC,HOME,2151715,J. Nogués Martí,SF,2056237,L. Salmeron Segu,SF,2073654,C. Gil Abad,SF,2748944,A. Meite,SF,2816051,E. Tenbrock,SF,2.0,122.0,0.0,8.0,-8.0,0.0,157.4,-157.4
2480143,5,981242,C.B. SANTFELIUENC,HOME,2151715,J. Nogués Martí,SF,2056237,L. Salmeron Segu,SF,2155489,X. Salzmann Romeu,SF,1752455,I. Conde Duran,SF,2816051,E. Tenbrock,SF,0.2,11.0,0.0,0.0,0.0,0.0,0.0,0.0
2480143,5,981242,C.B. SANTFELIUENC,HOME,2151715,J. Nogués Martí,SF,2056237,L. Salmeron Segu,SF,2748944,A. Meite,SF,2155489,X. Salzmann Romeu,SF,2816051,E. Tenbrock,SF,2.5,148.0,2.0,7.0,-5.0,32.4,113.5,-81.1
2480143,5,981242,C.B. SANTFELIUENC,HOME,2151715,J. Nogués Martí,SF,2056237,L. Salmeron Segu,SF,2748944,A. Meite,SF,2816669,A. Marotte,SF,2073654,C. Gil Abad,SF,1.1,67.0,1.0,1.0,0.0,35.8,35.8,0.0
2480143,5,981242,C.B. SANTFELIUENC,HOME,2151715,J. Nogués Martí,SF,2056237,L. Salmeron Segu,SF,2816669,A. Marotte,SF,1752455,I. Conde Duran,SF,2816051,E. Tenbrock,SF,7.9,470.0,22.0,13.0,9.0,112.3,66.4,46.0
2480143,5,981242,C.B. SANTFELIUENC,HOME,2151715,J. Nogués Martí,SF,2056237,L. Salmeron Segu,SF,2816766,A. Coulibaly,SF,2816053,A. Tibe,SF,2816669,A. Marotte,SF,1.1,63.0,0.0,2.0,-2.0,0.0,76.2,-76.2
2480143,5,981242,C.B. SANTFELIUENC,HOME,2151715,J. Nogués Martí,SF,2056237,L. Salmeron Segu,SF,2816766,A. Coulibaly,SF,2816669,A. Marotte,SF,2816051,E. Tenbrock,SF,0.5,32.0,0.0,0.0,0.0,0.0,0.0,0.0
2480143,5,981242,C.B. SANTFELIUENC,HOME,2151715,J. Nogués Martí,SF,2816766,A. Coulibaly,SF,2816053,A. Tibe,SF,2816669,A. Marotte,SF,2190844,S. Pares Vilaseca,SF,0.8,49.0,3.0,3.0,0.0,146.9,146.9,0.0
2480143,5,981242,C.B. SANTFELIUENC,HOME,2816053,A. Tibe,SF,2748944,A. Meite,SF,2190844,S. Pares Vilaseca,SF,2816669,A. Marotte,SF,2073654,C. Gil Abad,SF,1.3,77.0,2.0,0.0,2.0,62.3,0.0,62.3
2480143,5,981242,C.B. SANTFELIUENC,HOME,2816766,A. Coulibaly,SF,2816053,A. Tibe,SF,2190844,S. Pares Vilaseca,SF,2816669,A. Marotte,SF,2073654,C. Gil Abad,SF,1.1,66.0,0.0,0.0,0.0,0.0,0.0,0.0
2480143,5,981306,CAJASOL BALONCESTO SEVILLA FEMENINO,AWAY,1679391,M. Martinez Carranza,SF,1758184,C. Sanchez Fernandez-Satorre,SF,2791616,L. Vorphal,SF,1993036,I. Rios Rus,SF,1999405,N. Anitua Garcia,SF,2.6,156.0,6.0,6.0,0.0,92.3,92.3,0.0
2480143,5,981306,CAJASOL BALONCESTO SEVILLA FEMENINO,AWAY,1679391,M. Martinez Carranza,SF,1758184,C. Sanchez Fernandez-Satorre,SF,2791616,L. Vorphal,SF,2004240,N. Sanchez Robayo,SF,1993036,I. Rios Rus,SF,33.3,1992.0,50.0,42.0,8.0,60.2,50.6,9.6
2480143,5,981306,CAJASOL BALONCESTO SEVILLA FEMENINO,AWAY,1679391,M. Martinez Carranza,SF,2791616,L. Vorphal,SF,1993036,I. Rios Rus,SF,1999405,N. Anitua Garcia,SF,1522827,M. Recio Gonzalez,SF,4.2,252.0,8.0,10.0,-2.0,76.2,95.2,-19.0
2480144,5,981334,UNICAJA MIJAS,AWAY,1317227,C. Garcia Paunero,SF,1884837,M. Roters Dubinina,SF,1723860,S. Galeron Alvarez,SF,2012623,S. Lo Sylla,SF,1954737,E. Puiggros Rovira,SF,4.5,268.0,11.0,11.0,0.0,98.5,98.5,0.0
2480144,5,981334,UNICAJA MIJAS,AWAY,1317227,C. Garcia Paunero,SF,1884837,M. Roters Dubinina,SF,1723860,S. Galeron Alvarez,SF,2012623,S. Lo Sylla,SF,2643500,C. Capellan Santana,SF,1.0,61.0,0.0,5.0,-5.0,0.0,196.7,-196.7
2480144,5,981334,UNICAJA MIJAS,AWAY,2096249,T. Eke Benitez,SF,1317227,C. Garcia Paunero,SF,1723860,S. Galeron Alvarez,SF,1949233,A. Orois Aznarez,SF,2643500,C. Capellan Santana,SF,2.1,125.0,2.0,4.0,-2.0,38.4,76.8,-38.4
2480144,5,981334,UNICAJA MIJAS,AWAY,2096249,T. Eke Benitez,SF,1317227,C. Garcia Paunero,SF,1884837,M. Roters Dubinina,SF,1723860,S. Galeron Alvarez,SF,1949233,A. Orois Aznarez,SF,6.5,389.0,2.0,15.0,-13.0,12.3,92.5,-80.2
2480144,5,981334,UNICAJA MIJAS,AWAY,2096249,T. Eke Benitez,SF,2814756,C. Zimmerman,SF,1317227,C. Garcia Paunero,SF,1884837,M. Roters Dubinina,SF,1949233,A. Orois Aznarez,SF,2.7,159.0,2.0,2.0,0.0,30.2,30.2,0.0
2480144,5,981334,UNICAJA MIJAS,AWAY,2096249,T. Eke Benitez,SF,2814756,C. Zimmerman,SF,1884837,M. Roters Dubinina,SF,1949233,A. Orois Aznarez,SF,1994192,E. Moreno Fernandez,SF,3.5,206.0,4.0,3.0,1.0,46.6,35.0,11.7
2480144,5,981334,UNICAJA MIJAS,AWAY,2096249,T. Eke Benitez,SF,2814756,C. Zimmerman,SF,1884837,M. Roters Dubinina,SF,1949233,A. Orois Aznarez,SF,2643500,C. Capellan Santana,SF,1.2,75.0,0.0,3.0,-3.0,0.0,96.0,-96.0
2480144,5,981334,UNICAJA MIJAS,AWAY,2643500,C. Capellan Santana,SF,1317227,C. Garcia Paunero,SF,1884837,M. Roters Dubinina,SF,1723860,S. Galeron Alvarez,SF,2012623,S. Lo Sylla,SF,1.9,109.0,1.0,4.0,-3.0,22.0,88.1,-66.1
2480144,5,981334,UNICAJA MIJAS,AWAY,2643500,C. Capellan Santana,SF,2814756,C. Zimmerman,SF,1884837,M. Roters Dubinina,SF,1723860,S. Galeron Alvarez,SF,1954737,E. Puiggros Rovira,SF,1.0,62.0,1.0,7.0,-6.0,38.7,271.0,-232.3
2480144,5,981334,UNICAJA MIJAS,AWAY,2814756,C. Zimmerman,SF,1317227,C. Garcia Paunero,SF,1884837,M. Roters Dubinina,SF,1723860,S. Galeron Alvarez,SF,1954737,E. Puiggros Rovira,SF,2.7,163.0,4.0,6.0,-2.0,58.9,88.3,-29.4
2480144,5,981334,UNICAJA MIJAS,AWAY,2814756,C. Zimmerman,SF,1317227,C. Garcia Paunero,SF,1884837,M. Roters Dubinina,SF,2012623,S. Lo Sylla,SF,1949233,A. Orois Aznarez,SF,1.9,117.0,3.0,4.0,-1.0,61.5,82.1,-20.5
2480144,5,981334,UNICAJA MIJAS,AWAY,2814756,C. Zimmerman,SF,1317227,C. Garcia Paunero,SF,1884837,M. Roters Dubinina,SF,2012623,S. Lo Sylla,SF,1954737,E. Puiggros Rovira,SF,2.5,149.0,4.0,2.0,2.0,64.4,32.2,32.2
2480144,5,981334,UNICAJA MIJAS,AWAY,2814756,C. Zimmerman,SF,1884837,M. Roters Dubinina,SF,1723860,S. Galeron Alvarez,SF,1949233,A. Orois Aznarez,SF,1994192,E. Moreno Fernandez,SF,0.0,0.0,0.0,3.0,-3.0,0.0,0.0,0.0
2480144,5,981334,UNICAJA MIJAS,AWAY,2814756,C. Zimmerman,SF,1884837,M. Roters Dubinina,SF,1723860,S. Galeron Alvarez,SF,1954737,E. Puiggros Rovira,SF,1994192,E. Moreno Fernandez,SF,1.4,87.0,3.0,0.0,3.0,82.8,0.0,82.8
2480144,5,981334,UNICAJA MIJAS,AWAY,2814756,C. Zimmerman,SF,1884837,M. Roters Dubinina,SF,2012623,S. Lo Sylla,SF,1954737,E. Puiggros Rovira,SF,1994192,E. Moreno Fernandez,SF,7.2,430.0,12.0,8.0,4.0,67.0,44.7,22.3
2480144,5,981356,BOSONIT UNIBASKET,HOME,1626810,C. Aldecoa Rodriguez,SF,1834784,E. Florez Pascual,SF,2819119,T. Sedláková,SF,2151019,N. Padrosa Mons,SF,1821692,M. Alonso Guadaño,SF,0.5,27.0,0.0,1.0,-1.0,0.0,88.9,-88.9
2480144,5,981356,BOSONIT UNIBASKET,HOME,1626810,C. Aldecoa Rodriguez,SF,2819119,T. Sedláková,SF,1778980,I. Losada Gonzalez-Babe,SF,2151019,N. Padrosa Mons,SF,1821692,M. Alonso Guadaño,SF,1.3,74.0,2.0,2.0,0.0,64.9,64.9,0.0
2480144,5,981356,BOSONIT UNIBASKET,HOME,1626810,C. Aldecoa Rodriguez,SF,2819119,T. Sedláková,SF,1778980,I. Losada Gonzalez-Babe,SF,2735759,L. Van Schaik,SF,2151019,N. Padrosa Mons,SF,2.5,151.0,6.0,0.0,6.0,95.4,0.0,95.4
2480144,5,981356,BOSONIT UNIBASKET,HOME,1626810,C. Aldecoa Rodriguez,SF,2819119,T. Sedláková,SF,1834784,E. Florez Pascual,SF,2151019,N. Padrosa Mons,SF,1821692,M. Alonso Guadaño,SF,3.4,205.0,3.0,2.0,1.0,35.1,23.4,11.7
2480144,5,981356,BOSONIT UNIBASKET,HOME,1626810,C. Aldecoa Rodriguez,SF,2819119,T. Sedláková,SF,1834784,E. Florez Pascual,SF,2735759,L. Van Schaik,SF,1821692,M. Alonso Guadaño,SF,2.8,169.0,12.0,0.0,12.0,170.4,0.0,170.4
2480144,5,981356,BOSONIT UNIBASKET,HOME,1626810,C. Aldecoa Rodriguez,SF,2819121,H. Forster,SF,1678734,M. Llorente Ruiz,SF,1778980,I. Losada Gonzalez-Babe,SF,1821692,M. Alonso Guadaño,SF,3.2,189.0,5.0,5.0,0.0,63.5,63.5,0.0
2480144,5,981356,BOSONIT UNIBASKET,HOME,1626810,C. Aldecoa Rodriguez,SF,2819121,H. Forster,SF,1778980,I. Losada Gonzalez-Babe,SF,2151019,N. Padrosa Mons,SF,1821692,M. Alonso Guadaño,SF,0.6,38.0,0.0,0.0,0.0,0.0,0.0,0.0
2480144,5,981356,BOSONIT UNIBASKET,HOME,1626810,C. Aldecoa Rodriguez,SF,2819121,H. Forster,SF,1778980,I. Losada Gonzalez-Babe,SF,2735759,L. Van Schaik,SF,2151019,N. Padrosa Mons,SF,5.2,310.0,11.0,12.0,-1.0,85.2,92.9,-7.7
2480144,5,981356,BOSONIT UNIBASKET,HOME,2819119,T. Sedláková,SF,1626810,C. Aldecoa Rodriguez,SF,1778980,I. Losada Gonzalez-Babe,SF,2735759,L. Van Schaik,SF,1821692,M. Alonso Guadaño,SF,1.9,114.0,2.0,2.0,0.0,42.1,42.1,0.0
2480144,5,981356,BOSONIT UNIBASKET,HOME,2819119,T. Sedláková,SF,1626810,C. Aldecoa Rodriguez,SF,2561556,C. Sañudo Trillo,SF,1778980,I. Losada Gonzalez-Babe,SF,1821692,M. Alonso Guadaño,SF,1.9,117.0,4.0,3.0,1.0,82.1,61.5,20.5
2480144,5,981356,BOSONIT UNIBASKET,HOME,2819119,T. Sedláková,SF,1626810,C. Aldecoa Rodriguez,SF,2735759,L. Van Schaik,SF,2151019,N. Padrosa Mons,SF,1834784,E. Florez Pascual,SF,4.6,274.0,10.0,2.0,8.0,87.6,17.5,70.1
2480144,5,981356,BOSONIT UNIBASKET,HOME,2819119,T. Sedláková,SF,1678734,M. Llorente Ruiz,SF,1778980,I. Losada Gonzalez-Babe,SF,2735759,L. Van Schaik,SF,1821692,M. Alonso Guadaño,SF,1.6,93.0,4.0,1.0,3.0,103.2,25.8,77.4
2480144,5,981356,BOSONIT UNIBASKET,HOME,2819119,T. Sedláková,SF,1778980,I. Losada Gonzalez-Babe,SF,2735759,L. Van Schaik,SF,2151019,N. Padrosa Mons,SF,1821692,M. Alonso Guadaño,SF,0.6,35.0,0.0,2.0,-2.0,0.0,137.1,-137.1
2480144,5,981356,BOSONIT UNIBASKET,HOME,2819119,T. Sedláková,SF,1834784,E. Florez Pascual,SF,1678734,M. Llorente Ruiz,SF,2735759,L. Van Schaik,SF,1821692,M. Alonso Guadaño,SF,1.4,84.0,2.0,5.0,-3.0,57.1,142.9,-85.7
2480144,5,981356,BOSONIT UNIBASKET,HOME,2819119,T. Sedláková,SF,1834784,E. Florez Pascual,SF,1678734,M. Llorente Ruiz,SF,2735759,L. Van Schaik,SF,2151019,N. Padrosa Mons,SF,0.0,0.0,3.0,0.0,3.0,0.0,0.0,0.0
2480144,5,981356,BOSONIT UNIBASKET,HOME,2819119,T. Sedláková,SF,1834784,E. Florez Pascual,SF,2735759,L. Van Schaik,SF,2151019,N. Padrosa Mons,SF,1821692,M. Alonso Guadaño,SF,3.4,206.0,0.0,5.0,-5.0,0.0,58.3,-58.3
2480144,5,981356,BOSONIT UNIBASKET,HOME,2819121,H. Forster,SF,1678734,M. Llorente Ruiz,SF,1778980,I. Losada Gonzalez-Babe,SF,2735759,L. Van Schaik,SF,1821692,M. Alonso Guadaño,SF,2.2,132.0,3.0,6.0,-3.0,54.5,109.1,-54.5
2480144,5,981356,BOSONIT UNIBASKET,HOME,2819121,H. Forster,SF,1678734,M. Llorente Ruiz,SF,2735759,L. Van Schaik,SF,1821692,M. Alonso Guadaño,SF,1834784,E. Florez Pascual,SF,0.9,57.0,0.0,0.0,0.0,0.0,0.0,0.0
2480144,5,981356,BOSONIT UNIBASKET,HOME,2819121,H. Forster,SF,1778980,I. Losada Gonzalez-Babe,SF,2735759,L. Van Schaik,SF,2151019,N. Padrosa Mons,SF,1821692,M. Alonso Guadaño,SF,0.8,47.0,3.0,0.0,3.0,153.2,0.0,153.2
2480144,5,981356,BOSONIT UNIBASKET,HOME,2819121,H. Forster,SF,1834784,E. Florez Pascual,SF,1678734,M. Llorente Ruiz,SF,2735759,L. Van Schaik,SF,1821692,M. Alonso Guadaño,SF,1.3,78.0,7.0,1.0,6.0,215.4,30.8,184.6
2480145,6,981206,MCR LIMA-HORTA BARCELONA,AWAY,1908281,M. Aguado Tortella,SF,1958425,L. Roig I Salrach,SF,2828941,K. Clark,SF,1959765,J. Rueda Choni,SF,1968768,I. Subirats Teruel,SF,0.5,29.0,2.0,0.0,2.0,165.5,0.0,165.5
2480145,6,981206,MCR LIMA-HORTA BARCELONA,AWAY,1908281,M. Aguado Tortella,SF,1958425,L. Roig I Salrach,SF,2828941,K. Clark,SF,1959765,J. Rueda Choni,SF,2642945,B. Chasco Maso,SF,1.0,58.0,2.0,3.0,-1.0,82.8,124.1,-41.4
2480145,6,981206,MCR LIMA-HORTA BARCELONA,AWAY,1908281,M. Aguado Tortella,SF,1958425,L. Roig I Salrach,SF,2828941,K. Clark,SF,1968768,I. Subirats Teruel,SF,1886093,E. Escuder Gonzalez,SF,4.7,281.0,8.0,8.0,0.0,68.3,68.3,0.0
2480145,6,981206,MCR LIMA-HORTA BARCELONA,AWAY,1908281,M. Aguado Tortella,SF,2828941,K. Clark,SF,1958425,L. Roig I Salrach,SF,1959765,J. Rueda Choni,SF,2642945,B. Chasco Maso,SF,3.3,196.0,8.0,8.0,0.0,98.0,98.0,0.0
2480145,6,981206,MCR LIMA-HORTA BARCELONA,AWAY,1908281,M. Aguado Tortella,SF,2828941,K. Clark,SF,1958425,L. Roig I Salrach,SF,2642945,B. Chasco Maso,SF,1886093,E. Escuder Gonzalez,SF,0.5,28.0,0.0,2.0,-2.0,0.0,171.4,-171.4
2480145,6,981206,MCR LIMA-HORTA BARCELONA,AWAY,1958425,L. Roig I Salrach,SF,2828941,K. Clark,SF,1959765,J. Rueda Choni,SF,2642945,B. Chasco Maso,SF,1886093,E. Escuder Gonzalez,SF,1.6,98.0,3.0,3.0,0.0,73.5,73.5,0.0
2480145,6,981206,MCR LIMA-HORTA BARCELONA,AWAY,1958425,L. Roig I Salrach,SF,2828941,K. Clark,SF,1959765,J. Rueda Choni,SF,2642945,B. Chasco Maso,SF,1912814,N. Barrientos Pereira,SF,1.0,61.0,2.0,2.0,0.0,78.7,78.7,0.0
2480145,6,981206,MCR LIMA-HORTA BARCELONA,AWAY,1958425,L. Roig I Salrach,SF,2828941,K. Clark,SF,1968768,I. Subirats Teruel,SF,2642945,B. Chasco Maso,SF,1912814,N. Barrientos Pereira,SF,2.4,145.0,0.0,9.0,-9.0,0.0,149.0,-149.0
2480145,6,981206,MCR LIMA-HORTA BARCELONA,AWAY,1958425,L. Roig I Salrach,SF,2828941,K. Clark,SF,2642945,B. Chasco Maso,SF,1886093,E. Escuder Gonzalez,SF,1912814,N. Barrientos Pereira,SF,1.1,64.0,0.0,2.0,-2.0,0.0,75.0,-75.0
2480145,6,981206,MCR LIMA-HORTA BARCELONA,AWAY,2235190,E. Morales López,SF,1908281,M. Aguado Tortella,SF,1958425,L. Roig I Salrach,SF,1959765,J. Rueda Choni,SF,2642945,B. Chasco Maso,SF,1.8,113.0,2.0,5.0,-3.0,42.5,106.2,-63.7
2480145,6,981206,MCR LIMA-HORTA BARCELONA,AWAY,2235190,E. Morales López,SF,1908281,M. Aguado Tortella,SF,1958425,L. Roig I Salrach,SF,1968768,I. Subirats Teruel,SF,1886093,E. Escuder Gonzalez,SF,2.5,145.0,2.0,3.0,-1.0,33.1,49.7,-16.6
2480145,6,981206,MCR LIMA-HORTA BARCELONA,AWAY,2235190,E. Morales López,SF,1908281,M. Aguado Tortella,SF,1958425,L. Roig I Salrach,SF,1968768,I. Subirats Teruel,SF,1912814,N. Barrientos Pereira,SF,0.2,15.0,0.0,0.0,0.0,0.0,0.0,0.0
2480145,6,981206,MCR LIMA-HORTA BARCELONA,AWAY,2235190,E. Morales López,SF,1908281,M. Aguado Tortella,SF,1959765,J. Rueda Choni,SF,1886093,E. Escuder Gonzalez,SF,1912814,N. Barrientos Pereira,SF,1.9,112.0,0.0,0.0,0.0,0.0,0.0,0.0
2480145,6,981206,MCR LIMA-HORTA BARCELONA,AWAY,2235190,E. Morales López,SF,1908281,M. Aguado Tortella,SF,1959765,J. Rueda Choni,SF,1968768,I. Subirats Teruel,SF,1912814,N. Barrientos Pereira,SF,1.5,90.0,2.0,5.0,-3.0,53.3,133.3,-80.0
2480145,6,981206,MCR LIMA-HORTA BARCELONA,AWAY,2235190,E. Morales López,SF,1908281,M. Aguado Tortella,SF,1959765,J. Rueda Choni,SF,2642945,B. Chasco Maso,SF,1912814,N. Barrientos Pereira,SF,3.2,192.0,2.0,9.0,-7.0,25.0,112.5,-87.5
2480145,6,981206,MCR LIMA-HORTA BARCELONA,AWAY,2235190,E. Morales López,SF,1908281,M. Aguado Tortella,SF,1968768,I. Subirats Teruel,SF,1959765,J. Rueda Choni,SF,1886093,E. Escuder Gonzalez,SF,1.4,85.0,1.0,2.0,-1.0,28.2,56.5,-28.2
2480145,6,981206,MCR LIMA-HORTA BARCELONA,AWAY,2235190,E. Morales López,SF,1958425,L. Roig I Salrach,SF,1959765,J. Rueda Choni,SF,1886093,E. Escuder Gonzalez,SF,1912814,N. Barrientos Pereira,SF,3.3,194.0,11.0,4.0,7.0,136.1,49.5,86.6
2480145,6,981206,MCR LIMA-HORTA BARCELONA,AWAY,2235190,E. Morales López,SF,1959765,J. Rueda Choni,SF,1968768,I. Subirats Teruel,SF,2642945,B. Chasco Maso,SF,1912814,N. Barrientos Pereira,SF,3.7,224.0,0.0,13.0,-13.0,0.0,139.3,-139.3
2480145,6,981206,MCR LIMA-HORTA BARCELONA,AWAY,2828941,K. Clark,SF,1958425,L. Roig I Salrach,SF,1968768,I. Subirats Teruel,SF,1959765,J. Rueda Choni,SF,2642945,B. Chasco Maso,SF,0.8,51.0,0.0,2.0,-2.0,0.0,94.1,-94.1
2480145,6,981206,MCR LIMA-HORTA BARCELONA,AWAY,2828941,K. Clark,SF,1959765,J. Rueda Choni,SF,2642945,B. Chasco Maso,SF,1886093,E. Escuder Gonzalez,SF,1912814,N. Barrientos Pereira,SF,3.7,219.0,2.0,10.0,-8.0,21.9,109.6,-87.7
2480145,6,981334,UNICAJA MIJAS,HOME,1884837,M. Roters Dubinina,SF,1723860,S. Galeron Alvarez,SF,2012623,S. Lo Sylla,SF,1949233,A. Orois Aznarez,SF,1994192,E. Moreno Fernandez,SF,1.5,91.0,2.0,2.0,0.0,52.7,52.7,0.0
2480145,6,981334,UNICAJA MIJAS,HOME,1884837,M. Roters Dubinina,SF,1723860,S. Galeron Alvarez,SF,2012623,S. Lo Sylla,SF,1949233,A. Orois Aznarez,SF,2643500,C. Capellan Santana,SF,5.6,334.0,9.0,10.0,-1.0,64.7,71.9,-7.2
2480145,6,981334,UNICAJA MIJAS,HOME,1884837,M. Roters Dubinina,SF,1723860,S. Galeron Alvarez,SF,2012623,S. Lo Sylla,SF,2207028,N. Merino Ruiz,SF,1954737,E. Puiggros Rovira,SF,3.4,202.0,8.0,8.0,0.0,95.0,95.0,0.0
2480145,6,981334,UNICAJA MIJAS,HOME,2096249,T. Eke Benitez,SF,2814756,C. Zimmerman,SF,1317227,C. Garcia Paunero,SF,1884837,M. Roters Dubinina,SF,1954737,E. Puiggros Rovira,SF,9.3,560.0,27.0,4.0,23.0,115.7,17.1,98.6
2480145,6,981334,UNICAJA MIJAS,HOME,2096249,T. Eke Benitez,SF,2814756,C. Zimmerman,SF,1884837,M. Roters Dubinina,SF,1317227,C. Garcia Paunero,SF,2207028,N. Merino Ruiz,SF,9.2,549.0,27.0,10.0,17.0,118.0,43.7,74.3
2480145,6,981334,UNICAJA MIJAS,HOME,2096249,T. Eke Benitez,SF,2814756,C. Zimmerman,SF,1884837,M. Roters Dubinina,SF,2207028,N. Merino Ruiz,SF,1949233,A. Orois Aznarez,SF,1.2,72.0,0.0,0.0,0.0,0.0,0.0,0.0
2480145,6,981334,UNICAJA MIJAS,HOME,2643500,C. Capellan Santana,SF,1317227,C. Garcia Paunero,SF,1884837,M. Roters Dubinina,SF,1723860,S. Galeron Alvarez,SF,2012623,S. Lo Sylla,SF,0.4,25.0,2.0,2.0,0.0,192.0,192.0,0.0
2480145,6,981334,UNICAJA MIJAS,HOME,2643500,C. Capellan Santana,SF,1884837,M. Roters Dubinina,SF,1723860,S. Galeron Alvarez,SF,2012623,S. Lo Sylla,SF,2207028,N. Merino Ruiz,SF,8.6,511.0,10.0,9.0,1.0,47.0,42.3,4.7
2480145,6,981334,UNICAJA MIJAS,HOME,2814756,C. Zimmerman,SF,1317227,C. Garcia Paunero,SF,1884837,M. Roters Dubinina,SF,2012623,S. Lo Sylla,SF,1949233,A. Orois Aznarez,SF,0.9,56.0,5.0,2.0,3.0,214.3,85.7,128.6
2480146,6,981306,CAJASOL BALONCESTO SEVILLA FEMENINO,HOME,1679391,M. Martinez Carranza,SF,1758184,C. Sanchez Fernandez-Satorre,SF,2791616,L. Vorphal,SF,2004240,N. Sanchez Robayo,SF,1993036,I. Rios Rus,SF,42.0,2530.0,62.0,71.0,-9.0,58.8,67.4,-8.5
2480146,6,981306,CAJASOL BALONCESTO SEVILLA FEMENINO,HOME,1679391,M. Martinez Carranza,SF,2791616,L. Vorphal,SF,2004240,N. Sanchez Robayo,SF,1993036,I. Rios Rus,SF,1522827,M. Recio Gonzalez,SF,2.9,170.0,4.0,0.0,4.0,56.5,0.0,56.5
2480146,6,981356,BOSONIT UNIBASKET,AWAY,1626810,C. Aldecoa Rodriguez,SF,2819119,T. Sedláková,SF,1678734,M. Llorente Ruiz,SF,1778980,I. Losada Gonzalez-Babe,SF,2151019,N. Padrosa Mons,SF,0.2,14.0,1.0,0.0,1.0,171.4,0.0,171.4
2480146,6,981356,BOSONIT UNIBASKET,AWAY,1626810,C. Aldecoa Rodriguez,SF,2819119,T. Sedláková,SF,1778980,I. Losada Gonzalez-Babe,SF,2735759,L. Van Schaik,SF,1821692,M. Alonso Guadaño,SF,2.3,140.0,1.0,0.0,1.0,17.1,0.0,17.1
2480146,6,981356,BOSONIT UNIBASKET,AWAY,1626810,C. Aldecoa Rodriguez,SF,2819119,T. Sedláková,SF,1778980,I. Losada Gonzalez-Babe,SF,2735759,L. Van Schaik,SF,2151019,N. Padrosa Mons,SF,5.6,334.0,15.0,12.0,3.0,107.8,86.2,21.6
2480146,6,981356,BOSONIT UNIBASKET,AWAY,1626810,C. Aldecoa Rodriguez,SF,2819119,T. Sedláková,SF,2561556,C. Sañudo Trillo,SF,1778980,I. Losada Gonzalez-Babe,SF,1821692,M. Alonso Guadaño,SF,1.8,109.0,3.0,0.0,3.0,66.1,0.0,66.1
2480146,6,981356,BOSONIT UNIBASKET,AWAY,1626810,C. Aldecoa Rodriguez,SF,2819119,T. Sedláková,SF,2819121,H. Forster,SF,1678734,M. Llorente Ruiz,SF,1821692,M. Alonso Guadaño,SF,1.4,84.0,0.0,0.0,0.0,0.0,0.0,0.0
2480146,6,981356,BOSONIT UNIBASKET,AWAY,1626810,C. Aldecoa Rodriguez,SF,2819119,T. Sedláková,SF,2819121,H. Forster,SF,2561556,C. Sañudo Trillo,SF,1821692,M. Alonso Guadaño,SF,1.1,65.0,0.0,4.0,-4.0,0.0,147.7,-147.7
2480146,6,981356,BOSONIT UNIBASKET,AWAY,1626810,C. Aldecoa Rodriguez,SF,2819119,T. Sedláková,SF,2819121,H. Forster,SF,2735759,L. Van Schaik,SF,2151019,N. Padrosa Mons,SF,1.4,79.0,3.0,1.0,2.0,91.1,30.4,60.8
2480146,6,981356,BOSONIT UNIBASKET,AWAY,1626810,C. Aldecoa Rodriguez,SF,2819121,H. Forster,SF,1678734,M. Llorente Ruiz,SF,1778980,I. Losada Gonzalez-Babe,SF,1821692,M. Alonso Guadaño,SF,2.7,165.0,8.0,3.0,5.0,116.4,43.6,72.7
2480146,6,981356,BOSONIT UNIBASKET,AWAY,1626810,C. Aldecoa Rodriguez,SF,2819121,H. Forster,SF,1678734,M. Llorente Ruiz,SF,1778980,I. Losada Gonzalez-Babe,SF,2151019,N. Padrosa Mons,SF,0.5,32.0,0.0,0.0,0.0,0.0,0.0,0.0
2480146,6,981356,BOSONIT UNIBASKET,AWAY,1626810,C. Aldecoa Rodriguez,SF,2819121,H. Forster,SF,2561556,C. Sañudo Trillo,SF,1778980,I. Losada Gonzalez-Babe,SF,1821692,M. Alonso Guadaño,SF,1.2,75.0,2.0,4.0,-2.0,64.0,128.0,-64.0
2480146,6,981356,BOSONIT UNIBASKET,AWAY,2819119,T. Sedláková,SF,1626810,C. Aldecoa Rodriguez,SF,1678734,M. Llorente Ruiz,SF,1778980,I. Losada Gonzalez-Babe,SF,1821692,M. Alonso Guadaño,SF,2.0,122.0,2.0,0.0,2.0,39.3,0.0,39.3
2480146,6,981356,BOSONIT UNIBASKET,AWAY,2819119,T. Sedláková,SF,1626810,C. Aldecoa Rodriguez,SF,1678734,M. Llorente Ruiz,SF,1778980,I. Losada Gonzalez-Babe,SF,2735759,L. Van Schaik,SF,1.3,77.0,6.0,3.0,3.0,187.0,93.5,93.5
2480146,6,981356,BOSONIT UNIBASKET,AWAY,2819119,T. Sedláková,SF,1626810,C. Aldecoa Rodriguez,SF,1778980,I. Losada Gonzalez-Babe,SF,2151019,N. Padrosa Mons,SF,1821692,M. Alonso Guadaño,SF,3.0,177.0,4.0,6.0,-2.0,54.2,81.4,-27.1
2480146,6,981356,BOSONIT UNIBASKET,AWAY,2819119,T. Sedláková,SF,1626810,C. Aldecoa Rodriguez,SF,1778980,I. Losada Gonzalez-Babe,SF,2735759,L. Van Schaik,SF,1821692,M. Alonso Guadaño,SF,0.8,46.0,0.0,2.0,-2.0,0.0,104.3,-104.3
2480146,6,981356,BOSONIT UNIBASKET,AWAY,2819119,T. Sedláková,SF,1626810,C. Aldecoa Rodriguez,SF,1778980,I. Losada Gonzalez-Babe,SF,2735759,L. Van Schaik,SF,2151019,N. Padrosa Mons,SF,2.3,138.0,5.0,2.0,3.0,87.0,34.8,52.2
2480146,6,981356,BOSONIT UNIBASKET,AWAY,2819119,T. Sedláková,SF,1626810,C. Aldecoa Rodriguez,SF,2561556,C. Sañudo Trillo,SF,1778980,I. Losada Gonzalez-Babe,SF,1821692,M. Alonso Guadaño,SF,0.8,48.0,0.0,0.0,0.0,0.0,0.0,0.0
2480146,6,981356,BOSONIT UNIBASKET,AWAY,2819119,T. Sedláková,SF,1626810,C. Aldecoa Rodriguez,SF,2735759,L. Van Schaik,SF,1821692,M. Alonso Guadaño,SF,1834784,E. Florez Pascual,SF,2.6,154.0,0.0,2.0,-2.0,0.0,31.2,-31.2
2480146,6,981356,BOSONIT UNIBASKET,AWAY,2819119,T. Sedláková,SF,1778980,I. Losada Gonzalez-Babe,SF,2735759,L. Van Schaik,SF,2151019,N. Padrosa Mons,SF,1821692,M. Alonso Guadaño,SF,3.4,204.0,3.0,5.0,-2.0,35.3,58.8,-23.5
2480146,6,981356,BOSONIT UNIBASKET,AWAY,2819119,T. Sedláková,SF,2819121,H. Forster,SF,1626810,C. Aldecoa Rodriguez,SF,2561556,C. Sañudo Trillo,SF,1821692,M. Alonso Guadaño,SF,2.0,120.0,3.0,6.0,-3.0,60.0,120.0,-60.0
2480146,6,981356,BOSONIT UNIBASKET,AWAY,2819121,H. Forster,SF,1626810,C. Aldecoa Rodriguez,SF,1778980,I. Losada Gonzalez-Babe,SF,2735759,L. Van Schaik,SF,1821692,M. Alonso Guadaño,SF,2.1,129.0,2.0,4.0,-2.0,37.2,74.4,-37.2
2480146,6,981356,BOSONIT UNIBASKET,AWAY,2819121,H. Forster,SF,1678734,M. Llorente Ruiz,SF,1778980,I. Losada Gonzalez-Babe,SF,2151019,N. Padrosa Mons,SF,1821692,M. Alonso Guadaño,SF,2.7,164.0,10.0,3.0,7.0,146.3,43.9,102.4
2480146,6,981356,BOSONIT UNIBASKET,AWAY,2819121,H. Forster,SF,1678734,M. Llorente Ruiz,SF,1778980,I. Losada Gonzalez-Babe,SF,2735759,L. Van Schaik,SF,2151019,N. Padrosa Mons,SF,2.6,156.0,0.0,2.0,-2.0,0.0,30.8,-30.8
2480146,6,981356,BOSONIT UNIBASKET,AWAY,2819121,H. Forster,SF,2561556,C. Sañudo Trillo,SF,1778980,I. Losada Gonzalez-Babe,SF,2735759,L. Van Schaik,SF,1821692,M. Alonso Guadaño,SF,1.1,68.0,3.0,7.0,-4.0,105.9,247.1,-141.2
2480147,6,981213,AZULMARINO MALLORCA PALMA,HOME,2791252,A. Bulgak,SF,1083354,M. España Almendro,SF,1865395,M. Garcia Mateo,SF,1527601,I. Junio Mbulito,SF,2074390,M. Aviñoa Canals,SF,6.0,363.0,16.0,5.0,11.0,105.8,33.1,72.7
2480147,6,981213,AZULMARINO MALLORCA PALMA,HOME,2791252,A. Bulgak,SF,2793759,J. Asinde,SF,2815892,A. Siciliano,SF,1083354,M. España Almendro,SF,1865395,M. Garcia Mateo,SF,33.9,2037.0,66.0,57.0,9.0,77.8,67.2,10.6
2480147,6,981242,C.B. SANTFELIUENC,AWAY,2056237,L. Salmeron Segu,SF,2151715,J. Nogués Martí,SF,2748944,A. Meite,SF,2073654,C. Gil Abad,SF,2816051,E. Tenbrock,SF,3.7,221.0,10.0,4.0,6.0,108.6,43.4,65.2
2480147,6,981242,C.B. SANTFELIUENC,AWAY,2056237,L. Salmeron Segu,SF,2151715,J. Nogués Martí,SF,2748944,A. Meite,SF,2155489,X. Salzmann Romeu,SF,2073654,C. Gil Abad,SF,0.8,51.0,0.0,0.0,0.0,0.0,0.0,0.0
2480147,6,981242,C.B. SANTFELIUENC,AWAY,2056237,L. Salmeron Segu,SF,2151715,J. Nogués Martí,SF,2748944,A. Meite,SF,2816669,A. Marotte,SF,2073654,C. Gil Abad,SF,4.0,238.0,12.0,14.0,-2.0,121.0,141.2,-20.2
2480147,6,981242,C.B. SANTFELIUENC,AWAY,2056237,L. Salmeron Segu,SF,2151715,J. Nogués Martí,SF,2816053,A. Tibe,SF,2155489,X. Salzmann Romeu,SF,2073654,C. Gil Abad,SF,0.9,53.0,2.0,3.0,-1.0,90.6,135.8,-45.3
2480147,6,981242,C.B. SANTFELIUENC,AWAY,2056237,L. Salmeron Segu,SF,2151715,J. Nogués Martí,SF,2816053,A. Tibe,SF,2155489,X. Salzmann Romeu,SF,2816051,E. Tenbrock,SF,1.1,63.0,2.0,1.0,1.0,76.2,38.1,38.1
2480147,6,981242,C.B. SANTFELIUENC,AWAY,2056237,L. Salmeron Segu,SF,2151715,J. Nogués Martí,SF,2816766,A. Coulibaly,SF,2816053,A. Tibe,SF,2816669,A. Marotte,SF,2.4,143.0,5.0,3.0,2.0,83.9,50.3,33.6
2480147,6,981242,C.B. SANTFELIUENC,AWAY,2056237,L. Salmeron Segu,SF,2151715,J. Nogués Martí,SF,2816766,A. Coulibaly,SF,2816669,A. Marotte,SF,2816051,E. Tenbrock,SF,0.8,49.0,0.0,3.0,-3.0,0.0,146.9,-146.9
2480147,6,981242,C.B. SANTFELIUENC,AWAY,2056237,L. Salmeron Segu,SF,2816053,A. Tibe,SF,2190844,S. Pares Vilaseca,SF,2816669,A. Marotte,SF,2816051,E. Tenbrock,SF,3.2,195.0,2.0,11.0,-9.0,24.6,135.4,-110.8
2480147,6,981242,C.B. SANTFELIUENC,AWAY,2151715,J. Nogués Martí,SF,2050086,M. Muñoz Moyano,SF,2748944,A. Meite,SF,2155489,X. Salzmann Romeu,SF,2816051,E. Tenbrock,SF,1.9,115.0,4.0,0.0,4.0,83.5,0.0,83.5
2480147,6,981242,C.B. SANTFELIUENC,AWAY,2151715,J. Nogués Martí,SF,2050086,M. Muñoz Moyano,SF,2748944,A. Meite,SF,2816669,A. Marotte,SF,2816051,E. Tenbrock,SF,1.5,91.0,0.0,7.0,-7.0,0.0,184.6,-184.6
2480147,6,981242,C.B. SANTFELIUENC,AWAY,2151715,J. Nogués Martí,SF,2056237,L. Salmeron Segu,SF,2748944,A. Meite,SF,2816669,A. Marotte,SF,2816051,E. Tenbrock,SF,1.5,91.0,2.0,4.0,-2.0,52.7,105.5,-52.7
2480147,6,981242,C.B. SANTFELIUENC,AWAY,2151715,J. Nogués Martí,SF,2056237,L. Salmeron Segu,SF,2816766,A. Coulibaly,SF,2816669,A. Marotte,SF,2816051,E. Tenbrock,SF,4.5,272.0,3.0,12.0,-9.0,26.5,105.9,-79.4
2480147,6,981242,C.B. SANTFELIUENC,AWAY,2151715,J. Nogués Martí,SF,2748944,A. Meite,SF,2190844,S. Pares Vilaseca,SF,2073654,C. Gil Abad,SF,2816051,E. Tenbrock,SF,1.2,73.0,0.0,2.0,-2.0,0.0,65.8,-65.8
2480147,6,981242,C.B. SANTFELIUENC,AWAY,2151715,J. Nogués Martí,SF,2816766,A. Coulibaly,SF,2190844,S. Pares Vilaseca,SF,2073654,C. Gil Abad,SF,2816051,E. Tenbrock,SF,0.6,35.0,3.0,2.0,1.0,205.7,137.1,68.6
2480147,6,981242,C.B. SANTFELIUENC,AWAY,2151715,J. Nogués Martí,SF,2816766,A. Coulibaly,SF,2816053,A. Tibe,SF,2190844,S. Pares Vilaseca,SF,2816051,E. Tenbrock,SF,2.9,175.0,7.0,2.0,5.0,96.0,27.4,68.6
2480147,6,981242,C.B. SANTFELIUENC,AWAY,2151715,J. Nogués Martí,SF,2816766,A. Coulibaly,SF,2816053,A. Tibe,SF,2190844,S. Pares Vilaseca,SF,2816669,A. Marotte,SF,1.6,96.0,4.0,0.0,4.0,100.0,0.0,100.0
2480147,6,981242,C.B. SANTFELIUENC,AWAY,2816053,A. Tibe,SF,2155489,X. Salzmann Romeu,SF,2190844,S. Pares Vilaseca,SF,2073654,C. Gil Abad,SF,2816051,E. Tenbrock,SF,4.4,263.0,3.0,7.0,-4.0,27.4,63.9,-36.5
2480147,6,981242,C.B. SANTFELIUENC,AWAY,2816053,A. Tibe,SF,2155489,X. Salzmann Romeu,SF,2190844,S. Pares Vilaseca,SF,2816669,A. Marotte,SF,2073654,C. Gil Abad,SF,2.9,176.0,3.0,7.0,-4.0,40.9,95.5,-54.5
2480148,6,979912,DOMUSA TEKNIK ISB,AWAY,1894119,S. Iparraguirre Alustiza,SF,2364470,G. Leaupepe,SF,1826917,J. Azcue Jauregui,SF,2818813,E. Lalotte,SF,2818816,I. Araújo Gouveia Vieira,SF,4.1,246.0,6.0,5.0,1.0,58.5,48.8,9.8
2480148,6,979912,DOMUSA TEKNIK ISB,AWAY,2364470,G. Leaupepe,SF,1826917,J. Azcue Jauregui,SF,2021400,M. Gutierrez Ibañez,SF,2818813,E. Lalotte,SF,1721468,C. Villamor Aparicio,SF,1.0,59.0,2.0,0.0,2.0,81.4,0.0,81.4
2480148,6,979912,DOMUSA TEKNIK ISB,AWAY,2364470,G. Leaupepe,SF,1826917,J. Azcue Jauregui,SF,2021400,M. Gutierrez Ibañez,SF,2818813,E. Lalotte,SF,2818816,I. Araújo Gouveia Vieira,SF,5.2,313.0,6.0,7.0,-1.0,46.0,53.7,-7.7
2480148,6,979912,DOMUSA TEKNIK ISB,AWAY,2364470,G. Leaupepe,SF,2021400,M. Gutierrez Ibañez,SF,1826917,J. Azcue Jauregui,SF,2818813,E. Lalotte,SF,2818816,I. Araújo Gouveia Vieira,SF,1.8,107.0,2.0,2.0,0.0,44.9,44.9,0.0
2480148,6,979912,DOMUSA TEKNIK ISB,AWAY,2364470,G. Leaupepe,SF,2145033,A. Lizundia Arozena,SF,2021400,M. Gutierrez Ibañez,SF,2818813,E. Lalotte,SF,1721468,C. Villamor Aparicio,SF,1.7,99.0,2.0,0.0,2.0,48.5,0.0,48.5
2480148,6,979912,DOMUSA TEKNIK ISB,AWAY,2735761,B. Tomancova,SF,2364470,G. Leaupepe,SF,1826917,J. Azcue Jauregui,SF,2021400,M. Gutierrez Ibañez,SF,2818816,I. Araújo Gouveia Vieira,SF,3.1,189.0,9.0,5.0,4.0,114.3,63.5,50.8
2480148,6,979912,DOMUSA TEKNIK ISB,AWAY,2735761,B. Tomancova,SF,2364470,G. Leaupepe,SF,2021400,M. Gutierrez Ibañez,SF,1826917,J. Azcue Jauregui,SF,1721468,C. Villamor Aparicio,SF,1.4,83.0,0.0,3.0,-3.0,0.0,86.7,-86.7
2480148,6,979912,DOMUSA TEKNIK ISB,AWAY,2818717,S. Van,SF,1894119,S. Iparraguirre Alustiza,SF,1826917,J. Azcue Jauregui,SF,2818813,E. Lalotte,SF,2818816,I. Araújo Gouveia Vieira,SF,1.1,67.0,0.0,2.0,-2.0,0.0,71.6,-71.6
2480148,6,979912,DOMUSA TEKNIK ISB,AWAY,2818717,S. Van,SF,1894119,S. Iparraguirre Alustiza,SF,2145033,A. Lizundia Arozena,SF,2818813,E. Lalotte,SF,1721468,C. Villamor Aparicio,SF,0.4,23.0,0.0,0.0,0.0,0.0,0.0,0.0
2480148,6,979912,DOMUSA TEKNIK ISB,AWAY,2818717,S. Van,SF,1894119,S. Iparraguirre Alustiza,SF,2145033,A. Lizundia Arozena,SF,2818813,E. Lalotte,SF,2818816,I. Araújo Gouveia Vieira,SF,2.3,135.0,5.0,7.0,-2.0,88.9,124.4,-35.6
2480148,6,979912,DOMUSA TEKNIK ISB,AWAY,2818717,S. Van,SF,1894119,S. Iparraguirre Alustiza,SF,2364470,G. Leaupepe,SF,2818813,E. Lalotte,SF,1721468,C. Villamor Aparicio,SF,1.5,91.0,0.0,0.0,0.0,0.0,0.0,0.0
2480148,6,979912,DOMUSA TEKNIK ISB,AWAY,2818717,S. Van,SF,1894119,S. Iparraguirre Alustiza,SF,2735761,B. Tomancova,SF,1826917,J. Azcue Jauregui,SF,2818816,I. Araújo Gouveia Vieira,SF,1.0,60.0,0.0,0.0,0.0,0.0,0.0,0.0
2480148,6,979912,DOMUSA TEKNIK ISB,AWAY,2818717,S. Van,SF,1894119,S. Iparraguirre Alustiza,SF,2735761,B. Tomancova,SF,2145033,A. Lizundia Arozena,SF,1721468,C. Villamor Aparicio,SF,2.1,123.0,1.0,4.0,-3.0,19.5,78.0,-58.5
2480148,6,979912,DOMUSA TEKNIK ISB,AWAY,2818717,S. Van,SF,1894119,S. Iparraguirre Alustiza,SF,2735761,B. Tomancova,SF,2145033,A. Lizundia Arozena,SF,2818816,I. Araújo Gouveia Vieira,SF,0.8,48.0,0.0,0.0,0.0,0.0,0.0,0.0
2480148,6,979912,DOMUSA TEKNIK ISB,AWAY,2818717,S. Van,SF,2364470,G. Leaupepe,SF,2145033,A. Lizundia Arozena,SF,2818813,E. Lalotte,SF,1721468,C. Villamor Aparicio,SF,2.5,146.0,1.0,1.0,0.0,16.4,16.4,0.0
2480148,6,979912,DOMUSA TEKNIK ISB,AWAY,2818717,S. Van,SF,2735761,B. Tomancova,SF,1894119,S. Iparraguirre Alustiza,SF,1826917,J. Azcue Jauregui,SF,2818816,I. Araújo Gouveia Vieira,SF,5.0,298.0,6.0,13.0,-7.0,48.3,104.7,-56.4
2480148,6,979912,DOMUSA TEKNIK ISB,AWAY,2818717,S. Van,SF,2735761,B. Tomancova,SF,1894119,S. Iparraguirre Alustiza,SF,2145033,A. Lizundia Arozena,SF,1721468,C. Villamor Aparicio,SF,2.1,126.0,3.0,0.0,3.0,57.1,0.0,57.1
2480148,6,979912,DOMUSA TEKNIK ISB,AWAY,2818717,S. Van,SF,2735761,B. Tomancova,SF,2364470,G. Leaupepe,SF,2145033,A. Lizundia Arozena,SF,1721468,C. Villamor Aparicio,SF,3.1,187.0,4.0,4.0,0.0,51.3,51.3,0.0
2480148,6,979919,RECOLETAS ZAMORA,HOME,1599354,A. Tainta Lizalde,SF,2239381,D. Angel Villen,SF,2734310,E. Resende Carregosa,SF,2110765,A. Perez Relancio,SF,2561100,F. Pouye,SF,4.4,264.0,4.0,6.0,-2.0,36.4,54.5,-18.2
2480148,6,979919,RECOLETAS ZAMORA,HOME,1599354,A. Tainta Lizalde,SF,2239381,D. Angel Villen,SF,2734310,E. Resende Carregosa,SF,2561100,F. Pouye,SF,1259670,B. Sanchez Marrufo,SF,2.3,134.0,0.0,1.0,-1.0,0.0,17.9,-17.9
2480148,6,979919,RECOLETAS ZAMORA,HOME,1599354,A. Tainta Lizalde,SF,2432306,F. Niski Castelao,SF,2239381,D. Angel Villen,SF,2110765,A. Perez Relancio,SF,2561100,F. Pouye,SF,0.5,29.0,0.0,2.0,-2.0,0.0,165.5,-165.5
2480148,6,979919,RECOLETAS ZAMORA,HOME,1599354,A. Tainta Lizalde,SF,2432306,F. Niski Castelao,SF,2239381,D. Angel Villen,SF,2734310,E. Resende Carregosa,SF,2110765,A. Perez Relancio,SF,0.4,23.0,0.0,0.0,0.0,0.0,0.0,0.0
2480148,6,979919,RECOLETAS ZAMORA,HOME,1599354,A. Tainta Lizalde,SF,2432306,F. Niski Castelao,SF,2239381,D. Angel Villen,SF,2734310,E. Resende Carregosa,SF,2561100,F. Pouye,SF,2.1,126.0,0.0,3.0,-3.0,0.0,57.1,-57.1
2480148,6,979919,RECOLETAS ZAMORA,HOME,1599354,A. Tainta Lizalde,SF,2432306,F. Niski Castelao,SF,2734310,E. Resende Carregosa,SF,2110765,A. Perez Relancio,SF,1259670,B. Sanchez Marrufo,SF,3.2,190.0,5.0,2.0,3.0,63.2,25.3,37.9
2480148,6,979919,RECOLETAS ZAMORA,HOME,1599354,A. Tainta Lizalde,SF,2432306,F. Niski Castelao,SF,2734310,E. Resende Carregosa,SF,2110765,A. Perez Relancio,SF,2561100,F. Pouye,SF,2.9,173.0,5.0,2.0,3.0,69.4,27.7,41.6
2480148,6,979919,RECOLETAS ZAMORA,HOME,1599354,A. Tainta Lizalde,SF,2432306,F. Niski Castelao,SF,2734310,E. Resende Carregosa,SF,2561100,F. Pouye,SF,1259670,B. Sanchez Marrufo,SF,3.1,185.0,7.0,7.0,0.0,90.8,90.8,0.0
2480148,6,979919,RECOLETAS ZAMORA,HOME,1599354,A. Tainta Lizalde,SF,2734310,E. Resende Carregosa,SF,2110765,A. Perez Relancio,SF,2561100,F. Pouye,SF,1259670,B. Sanchez Marrufo,SF,3.1,189.0,5.0,9.0,-4.0,63.5,114.3,-50.8
2480148,6,979919,RECOLETAS ZAMORA,HOME,1599354,A. Tainta Lizalde,SF,2817152,F. Filor,SF,2432306,F. Niski Castelao,SF,2110765,A. Perez Relancio,SF,1259670,B. Sanchez Marrufo,SF,1.5,91.0,0.0,0.0,0.0,0.0,0.0,0.0
2480148,6,979919,RECOLETAS ZAMORA,HOME,1599354,A. Tainta Lizalde,SF,2817152,F. Filor,SF,2432306,F. Niski Castelao,SF,2110765,A. Perez Relancio,SF,2561100,F. Pouye,SF,1.5,87.0,2.0,1.0,1.0,55.2,27.6,27.6
2480148,6,979919,RECOLETAS ZAMORA,HOME,1599354,A. Tainta Lizalde,SF,2817152,F. Filor,SF,2432306,F. Niski Castelao,SF,2239381,D. Angel Villen,SF,2561100,F. Pouye,SF,1.8,107.0,2.0,0.0,2.0,44.9,0.0,44.9
2480148,6,979919,RECOLETAS ZAMORA,HOME,1599354,A. Tainta Lizalde,SF,2817152,F. Filor,SF,2432306,F. Niski Castelao,SF,2734310,E. Resende Carregosa,SF,2110765,A. Perez Relancio,SF,13.4,802.0,23.0,14.0,9.0,68.8,41.9,26.9
2480149,6,981208,ALTER ENERSUN AL-QÁZERES EXTREMADURA,HOME,1112483,L. Mendez Lamas,SF,2432389,J. De Barros Filipe,SF,1902336,N. Liste Alfonsin,SF,2815234,I. Tavares Ramos,SF,2044012,C. Suárez Fernández,SF,1.8,105.0,2.0,2.0,0.0,45.7,45.7,0.0
2480149,6,981208,ALTER ENERSUN AL-QÁZERES EXTREMADURA,HOME,1860325,L. Fontela Cabaleiro,SF,2432389,J. De Barros Filipe,SF,1902336,N. Liste Alfonsin,SF,2815234,I. Tavares Ramos,SF,2044012,C. Suárez Fernández,SF,0.6,34.0,2.0,2.0,0.0,141.2,141.2,0.0
2480149,6,981208,ALTER ENERSUN AL-QÁZERES EXTREMADURA,HOME,1860325,L. Fontela Cabaleiro,SF,2815153,V. Gauna,SF,1112483,L. Mendez Lamas,SF,2432389,J. De Barros Filipe,SF,1902336,N. Liste Alfonsin,SF,4.3,259.0,14.0,5.0,9.0,129.7,46.3,83.4
2480149,6,981208,ALTER ENERSUN AL-QÁZERES EXTREMADURA,HOME,1860325,L. Fontela Cabaleiro,SF,2815153,V. Gauna,SF,1902336,N. Liste Alfonsin,SF,2815234,I. Tavares Ramos,SF,1889214,C. Prieto Pereda,SF,2.2,135.0,0.0,5.0,-5.0,0.0,88.9,-88.9
2480149,6,981208,ALTER ENERSUN AL-QÁZERES EXTREMADURA,HOME,1860325,L. Fontela Cabaleiro,SF,2815153,V. Gauna,SF,2432389,J. De Barros Filipe,SF,1112483,L. Mendez Lamas,SF,1902336,N. Liste Alfonsin,SF,0.3,19.0,0.0,1.0,-1.0,0.0,126.3,-126.3
2480149,6,981208,ALTER ENERSUN AL-QÁZERES EXTREMADURA,HOME,1860325,L. Fontela Cabaleiro,SF,2815153,V. Gauna,SF,2432389,J. De Barros Filipe,SF,1902336,N. Liste Alfonsin,SF,2815234,I. Tavares Ramos,SF,2.7,163.0,1.0,6.0,-5.0,14.7,88.3,-73.6
2480149,6,981208,ALTER ENERSUN AL-QÁZERES EXTREMADURA,HOME,2735904,R. De Lima Viegas Laneiro,SF,1112483,L. Mendez Lamas,SF,2432389,J. De Barros Filipe,SF,1902336,N. Liste Alfonsin,SF,2044012,C. Suárez Fernández,SF,1.0,63.0,2.0,0.0,2.0,76.2,0.0,76.2
2480149,6,981208,ALTER ENERSUN AL-QÁZERES EXTREMADURA,HOME,2735904,R. De Lima Viegas Laneiro,SF,1860325,L. Fontela Cabaleiro,SF,1112483,L. Mendez Lamas,SF,1902336,N. Liste Alfonsin,SF,2815234,I. Tavares Ramos,SF,3.0,178.0,5.0,0.0,5.0,67.4,0.0,67.4
2480149,6,981208,ALTER ENERSUN AL-QÁZERES EXTREMADURA,HOME,2735904,R. De Lima Viegas Laneiro,SF,1860325,L. Fontela Cabaleiro,SF,2432389,J. De Barros Filipe,SF,1112483,L. Mendez Lamas,SF,1902336,N. Liste Alfonsin,SF,0.2,11.0,0.0,0.0,0.0,0.0,0.0,0.0
2480149,6,981208,ALTER ENERSUN AL-QÁZERES EXTREMADURA,HOME,2735904,R. De Lima Viegas Laneiro,SF,1860325,L. Fontela Cabaleiro,SF,2432389,J. De Barros Filipe,SF,1902336,N. Liste Alfonsin,SF,2044012,C. Suárez Fernández,SF,2.9,166.0,6.0,12.0,-6.0,86.7,173.5,-86.7
2480149,6,981208,ALTER ENERSUN AL-QÁZERES EXTREMADURA,HOME,2735904,R. De Lima Viegas Laneiro,SF,1860325,L. Fontela Cabaleiro,SF,2432389,J. De Barros Filipe,SF,1902336,N. Liste Alfonsin,SF,2815234,I. Tavares Ramos,SF,8.3,493.0,17.0,15.0,2.0,82.8,73.0,9.7
2480149,6,981208,ALTER ENERSUN AL-QÁZERES EXTREMADURA,HOME,2735904,R. De Lima Viegas Laneiro,SF,1860325,L. Fontela Cabaleiro,SF,2815153,V. Gauna,SF,1112483,L. Mendez Lamas,SF,1902336,N. Liste Alfonsin,SF,4.2,250.0,8.0,7.0,1.0,76.8,67.2,9.6
2480149,6,981208,ALTER ENERSUN AL-QÁZERES EXTREMADURA,HOME,2735904,R. De Lima Viegas Laneiro,SF,1860325,L. Fontela Cabaleiro,SF,2815153,V. Gauna,SF,2432389,J. De Barros Filipe,SF,1902336,N. Liste Alfonsin,SF,1.2,73.0,5.0,3.0,2.0,164.4,98.6,65.8
2480149,6,981208,ALTER ENERSUN AL-QÁZERES EXTREMADURA,HOME,2735904,R. De Lima Viegas Laneiro,SF,2432389,J. De Barros Filipe,SF,1112483,L. Mendez Lamas,SF,1902336,N. Liste Alfonsin,SF,2815234,I. Tavares Ramos,SF,0.8,47.0,2.0,2.0,0.0,102.1,102.1,0.0
2480149,6,981208,ALTER ENERSUN AL-QÁZERES EXTREMADURA,HOME,2735904,R. De Lima Viegas Laneiro,SF,2432389,J. De Barros Filipe,SF,1902336,N. Liste Alfonsin,SF,2815234,I. Tavares Ramos,SF,2044012,C. Suárez Fernández,SF,1.6,96.0,3.0,4.0,-1.0,75.0,100.0,-25.0
2480149,6,981208,ALTER ENERSUN AL-QÁZERES EXTREMADURA,HOME,2735904,R. De Lima Viegas Laneiro,SF,2815153,V. Gauna,SF,2432389,J. De Barros Filipe,SF,1112483,L. Mendez Lamas,SF,1902336,N. Liste Alfonsin,SF,3.4,200.0,6.0,5.0,1.0,72.0,60.0,12.0
2480149,6,981208,ALTER ENERSUN AL-QÁZERES EXTREMADURA,HOME,2815153,V. Gauna,SF,2432389,J. De Barros Filipe,SF,1902336,N. Liste Alfonsin,SF,2815234,I. Tavares Ramos,SF,2044012,C. Suárez Fernández,SF,1.8,108.0,2.0,0.0,2.0,44.4,0.0,44.4
2480149,6,981346,LA CORDÁ DE PATERNA NB,AWAY,1632609,C. Che Tortola,SF,2173687,M. Llompart Perello,SF,1687305,L. Segura Moreno,SF,2031045,M. Galiana Miralles,SF,2071471,P. Saravia Logroño,SF,0.9,52.0,0.0,1.0,-1.0,0.0,46.2,-46.2
2480149,6,981346,LA CORDÁ DE PATERNA NB,AWAY,2653963,A. Traore,SF,1632609,C. Che Tortola,SF,2032313,C. Segura Moreno,SF,2031045,M. Galiana Miralles,SF,2071471,P. Saravia Logroño,SF,2.7,161.0,5.0,3.0,2.0,74.5,44.7,29.8
2480149,6,981346,LA CORDÁ DE PATERNA NB,AWAY,2653963,A. Traore,SF,1632609,C. Che Tortola,SF,2173687,M. Llompart Perello,SF,1687305,L. Segura Moreno,SF,2031045,M. Galiana Miralles,SF,4.6,277.0,7.0,4.0,3.0,60.6,34.7,26.0
2480149,6,981346,LA CORDÁ DE PATERNA NB,AWAY,2653963,A. Traore,SF,1632609,C. Che Tortola,SF,2173687,M. Llompart Perello,SF,1687305,L. Segura Moreno,SF,2071471,P. Saravia Logroño,SF,4.0,242.0,6.0,5.0,1.0,59.5,49.6,9.9
2480149,6,981346,LA CORDÁ DE PATERNA NB,AWAY,2653963,A. Traore,SF,1632609,C. Che Tortola,SF,2173687,M. Llompart Perello,SF,2031045,M. Galiana Miralles,SF,2071471,P. Saravia Logroño,SF,0.7,40.0,0.0,2.0,-2.0,0.0,120.0,-120.0
2480149,6,981346,LA CORDÁ DE PATERNA NB,AWAY,2653963,A. Traore,SF,2163606,C. Sancho Mauri,SF,1632609,C. Che Tortola,SF,1687305,L. Segura Moreno,SF,2071471,P. Saravia Logroño,SF,0.4,23.0,0.0,0.0,0.0,0.0,0.0,0.0
2480149,6,981346,LA CORDÁ DE PATERNA NB,AWAY,2653963,A. Traore,SF,2163606,C. Sancho Mauri,SF,2032313,C. Segura Moreno,SF,2031045,M. Galiana Miralles,SF,2071471,P. Saravia Logroño,SF,0.7,39.0,0.0,3.0,-3.0,0.0,184.6,-184.6
2480149,6,981346,LA CORDÁ DE PATERNA NB,AWAY,2653963,A. Traore,SF,2163606,C. Sancho Mauri,SF,2173687,M. Llompart Perello,SF,1687305,L. Segura Moreno,SF,2032313,C. Segura Moreno,SF,1.6,99.0,3.0,13.0,-10.0,72.7,315.2,-242.4
2480149,6,981346,LA CORDÁ DE PATERNA NB,AWAY,2653963,A. Traore,SF,2163606,C. Sancho Mauri,SF,2173687,M. Llompart Perello,SF,1687305,L. Segura Moreno,SF,2071471,P. Saravia Logroño,SF,1.8,105.0,2.0,2.0,0.0,45.7,45.7,0.0
2480149,6,981346,LA CORDÁ DE PATERNA NB,AWAY,2653963,A. Traore,SF,2163606,C. Sancho Mauri,SF,2173687,M. Llompart Perello,SF,2032313,C. Segura Moreno,SF,2071471,P. Saravia Logroño,SF,0.6,37.0,0.0,2.0,-2.0,0.0,129.7,-129.7
2480149,6,981346,LA CORDÁ DE PATERNA NB,AWAY,2653963,A. Traore,SF,2173687,M. Llompart Perello,SF,1687305,L. Segura Moreno,SF,2032313,C. Segura Moreno,SF,2031045,M. Galiana Miralles,SF,3.9,228.0,16.0,5.0,11.0,168.4,52.6,115.8
2480149,6,981346,LA CORDÁ DE PATERNA NB,AWAY,2653963,A. Traore,SF,2173687,M. Llompart Perello,SF,2032313,C. Segura Moreno,SF,2031045,M. Galiana Miralles,SF,2071471,P. Saravia Logroño,SF,3.5,209.0,6.0,6.0,0.0,68.9,68.9,0.0
2480149,6,981346,LA CORDÁ DE PATERNA NB,AWAY,2796302,P. Gabriel,SF,1632609,C. Che Tortola,SF,2173687,M. Llompart Perello,SF,1687305,L. Segura Moreno,SF,2032313,C. Segura Moreno,SF,0.7,41.0,0.0,0.0,0.0,0.0,0.0,0.0
2480149,6,981346,LA CORDÁ DE PATERNA NB,AWAY,2796302,P. Gabriel,SF,1632609,C. Che Tortola,SF,2173687,M. Llompart Perello,SF,1687305,L. Segura Moreno,SF,2071471,P. Saravia Logroño,SF,9.0,538.0,14.0,15.0,-1.0,62.5,66.9,-4.5
2480149,6,981346,LA CORDÁ DE PATERNA NB,AWAY,2796302,P. Gabriel,SF,2163606,C. Sancho Mauri,SF,1632609,C. Che Tortola,SF,1687305,L. Segura Moreno,SF,2032313,C. Segura Moreno,SF,2.6,156.0,5.0,8.0,-3.0,76.9,123.1,-46.2
2480149,6,981346,LA CORDÁ DE PATERNA NB,AWAY,2796302,P. Gabriel,SF,2163606,C. Sancho Mauri,SF,1632609,C. Che Tortola,SF,1687305,L. Segura Moreno,SF,2071471,P. Saravia Logroño,SF,2.5,149.0,5.0,6.0,-1.0,80.5,96.6,-16.1
2480149,6,981346,LA CORDÁ DE PATERNA NB,AWAY,2796302,P. Gabriel,SF,2163606,C. Sancho Mauri,SF,2173687,M. Llompart Perello,SF,1687305,L. Segura Moreno,SF,2032313,C. Segura Moreno,SF,0.1,4.0,0.0,0.0,0.0,0.0,0.0,0.0
2480150,6,979770,MELILLA CIUDAD DEL DEPORTE LA SALLE,HOME,1756623,A. Hernangomez Geuer,SF,1946976,L. Moya Blanch,SF,1454479,A. Senosiain Vergarachea,SF,1829640,A. Sanchez Davila,SF,1587316,C. Caceres Ayala,SF,2.6,157.0,4.0,7.0,-3.0,61.1,107.0,-45.9
2480150,6,979770,MELILLA CIUDAD DEL DEPORTE LA SALLE,HOME,1756623,A. Hernangomez Geuer,SF,1946976,L. Moya Blanch,SF,1454479,A. Senosiain Vergarachea,SF,1829640,A. Sanchez Davila,SF,1715165,M. Torreblanca Ginel,SF,1.7,100.0,6.0,7.0,-1.0,144.0,168.0,-24.0
2480150,6,979770,MELILLA CIUDAD DEL DEPORTE LA SALLE,HOME,1756623,A. Hernangomez Geuer,SF,1946976,L. Moya Blanch,SF,1454479,A. Senosiain Vergarachea,SF,2814864,R. Monteiro Da Silva,SF,1715165,M. Torreblanca Ginel,SF,0.2,14.0,0.0,0.0,0.0,0.0,0.0,0.0
2480150,6,979770,MELILLA CIUDAD DEL DEPORTE LA SALLE,HOME,1946976,L. Moya Blanch,SF,1454479,A. Senosiain Vergarachea,SF,2814864,R. Monteiro Da Silva,SF,1715165,M. Torreblanca Ginel,SF,2648563,M. D'Urso Vallina,SF,2.0,123.0,3.0,2.0,1.0,58.5,39.0,19.5
2480150,6,979770,MELILLA CIUDAD DEL DEPORTE LA SALLE,HOME,2104399,C. Garcia Muñoz,SF,1454479,A. Senosiain Vergarachea,SF,1829640,A. Sanchez Davila,SF,1587316,C. Caceres Ayala,SF,1715165,M. Torreblanca Ginel,SF,1.2,69.0,0.0,0.0,0.0,0.0,0.0,0.0
2480150,6,979770,MELILLA CIUDAD DEL DEPORTE LA SALLE,HOME,2104399,C. Garcia Muñoz,SF,1454479,A. Senosiain Vergarachea,SF,1829640,A. Sanchez Davila,SF,2814864,R. Monteiro Da Silva,SF,1715165,M. Torreblanca Ginel,SF,1.5,92.0,2.0,4.0,-2.0,52.2,104.3,-52.2
2480150,6,979770,MELILLA CIUDAD DEL DEPORTE LA SALLE,HOME,2104399,C. Garcia Muñoz,SF,1756623,A. Hernangomez Geuer,SF,1946976,L. Moya Blanch,SF,1454479,A. Senosiain Vergarachea,SF,1587316,C. Caceres Ayala,SF,1.4,87.0,0.0,1.0,-1.0,0.0,27.6,-27.6
2480150,6,979770,MELILLA CIUDAD DEL DEPORTE LA SALLE,HOME,2104399,C. Garcia Muñoz,SF,1756623,A. Hernangomez Geuer,SF,1946976,L. Moya Blanch,SF,1454479,A. Senosiain Vergarachea,SF,1829640,A. Sanchez Davila,SF,4.9,290.0,7.0,11.0,-4.0,57.9,91.0,-33.1
2480150,6,979770,MELILLA CIUDAD DEL DEPORTE LA SALLE,HOME,2104399,C. Garcia Muñoz,SF,1946976,L. Moya Blanch,SF,1454479,A. Senosiain Vergarachea,SF,1829640,A. Sanchez Davila,SF,2814864,R. Monteiro Da Silva,SF,2.0,119.0,2.0,3.0,-1.0,40.3,60.5,-20.2
2480150,6,979770,MELILLA CIUDAD DEL DEPORTE LA SALLE,HOME,2104399,C. Garcia Muñoz,SF,1946976,L. Moya Blanch,SF,1454479,A. Senosiain Vergarachea,SF,2814864,R. Monteiro Da Silva,SF,1715165,M. Torreblanca Ginel,SF,0.2,12.0,0.0,2.0,-2.0,0.0,400.0,-400.0
2480150,6,979770,MELILLA CIUDAD DEL DEPORTE LA SALLE,HOME,2432929,M. Davydova,SF,1454479,A. Senosiain Vergarachea,SF,1829640,A. Sanchez Davila,SF,2814864,R. Monteiro Da Silva,SF,1715165,M. Torreblanca Ginel,SF,1.8,112.0,3.0,5.0,-2.0,64.3,107.1,-42.9
2480150,6,979770,MELILLA CIUDAD DEL DEPORTE LA SALLE,HOME,2432929,M. Davydova,SF,1454479,A. Senosiain Vergarachea,SF,2814864,R. Monteiro Da Silva,SF,1715165,M. Torreblanca Ginel,SF,2648563,M. D'Urso Vallina,SF,4.2,255.0,10.0,8.0,2.0,94.1,75.3,18.8
2480150,6,979770,MELILLA CIUDAD DEL DEPORTE LA SALLE,HOME,2432929,M. Davydova,SF,1713801,C. Torrubia Cano,SF,1454479,A. Senosiain Vergarachea,SF,2814864,R. Monteiro Da Silva,SF,2648563,M. D'Urso Vallina,SF,4.5,273.0,5.0,12.0,-7.0,44.0,105.5,-61.5
2480150,6,979770,MELILLA CIUDAD DEL DEPORTE LA SALLE,HOME,2432929,M. Davydova,SF,1756623,A. Hernangomez Geuer,SF,1454479,A. Senosiain Vergarachea,SF,1829640,A. Sanchez Davila,SF,2814864,R. Monteiro Da Silva,SF,0.5,27.0,0.0,0.0,0.0,0.0,0.0,0.0
2480150,6,979770,MELILLA CIUDAD DEL DEPORTE LA SALLE,HOME,2432929,M. Davydova,SF,1756623,A. Hernangomez Geuer,SF,1454479,A. Senosiain Vergarachea,SF,2814864,R. Monteiro Da Silva,SF,1587316,C. Caceres Ayala,SF,7.9,474.0,15.0,10.0,5.0,75.9,50.6,25.3
2480150,6,979770,MELILLA CIUDAD DEL DEPORTE LA SALLE,HOME,2432929,M. Davydova,SF,1946976,L. Moya Blanch,SF,1454479,A. Senosiain Vergarachea,SF,2814864,R. Monteiro Da Silva,SF,1587316,C. Caceres Ayala,SF,2.5,152.0,6.0,3.0,3.0,94.7,47.4,47.4
2480150,6,979770,MELILLA CIUDAD DEL DEPORTE LA SALLE,HOME,2432929,M. Davydova,SF,1946976,L. Moya Blanch,SF,1454479,A. Senosiain Vergarachea,SF,2814864,R. Monteiro Da Silva,SF,1715165,M. Torreblanca Ginel,SF,0.6,33.0,5.0,0.0,5.0,363.6,0.0,363.6
2480150,6,979770,MELILLA CIUDAD DEL DEPORTE LA SALLE,HOME,2432929,M. Davydova,SF,2104399,C. Garcia Muñoz,SF,1946976,L. Moya Blanch,SF,1454479,A. Senosiain Vergarachea,SF,2814864,R. Monteiro Da Silva,SF,0.2,11.0,0.0,0.0,0.0,0.0,0.0,0.0
2480150,6,979952,LA LAGUNA TOYOTA  ADAREVA,AWAY,1128614,I. Arregui Mariezcurrena,SF,1379088,P. Soler Suarez,SF,1884959,M. Luque Caballero,SF,2432295,B. Stevanovic,SF,2735173,M. Forsyth,SF,11.0,659.0,22.0,11.0,11.0,80.1,40.1,40.1
2480150,6,979952,LA LAGUNA TOYOTA  ADAREVA,AWAY,1613926,M. Gomez Fernandez,SF,1128614,I. Arregui Mariezcurrena,SF,1379088,P. Soler Suarez,SF,2432295,B. Stevanovic,SF,2735173,M. Forsyth,SF,0.1,8.0,0.0,0.0,0.0,0.0,0.0,0.0
2480150,6,979952,LA LAGUNA TOYOTA  ADAREVA,AWAY,1613926,M. Gomez Fernandez,SF,1128614,I. Arregui Mariezcurrena,SF,1884959,M. Luque Caballero,SF,1379088,P. Soler Suarez,SF,2432295,B. Stevanovic,SF,0.8,46.0,0.0,4.0,-4.0,0.0,208.7,-208.7
2480150,6,979952,LA LAGUNA TOYOTA  ADAREVA,AWAY,1613926,M. Gomez Fernandez,SF,1884959,M. Luque Caballero,SF,1379088,P. Soler Suarez,SF,2432295,B. Stevanovic,SF,2735173,M. Forsyth,SF,2.5,151.0,6.0,3.0,3.0,95.4,47.7,47.7
2480150,6,979952,LA LAGUNA TOYOTA  ADAREVA,AWAY,2639428,C. Parisi,SF,1128614,I. Arregui Mariezcurrena,SF,1379088,P. Soler Suarez,SF,1878753,N. Ibañez Silvestre,SF,2341227,A. Montaño Muñoz,SF,0.6,36.0,0.0,0.0,0.0,0.0,0.0,0.0
2480150,6,979952,LA LAGUNA TOYOTA  ADAREVA,AWAY,2639428,C. Parisi,SF,1128614,I. Arregui Mariezcurrena,SF,1379088,P. Soler Suarez,SF,2432295,B. Stevanovic,SF,2341227,A. Montaño Muñoz,SF,3.7,225.0,8.0,13.0,-5.0,85.3,138.7,-53.3
2480150,6,979952,LA LAGUNA TOYOTA  ADAREVA,AWAY,2639428,C. Parisi,SF,1379088,P. Soler Suarez,SF,1613926,M. Gomez Fernandez,SF,2341227,A. Montaño Muñoz,SF,2735173,M. Forsyth,SF,1.3,77.0,7.0,0.0,7.0,218.2,0.0,218.2
2480150,6,979952,LA LAGUNA TOYOTA  ADAREVA,AWAY,2639428,C. Parisi,SF,1379088,P. Soler Suarez,SF,1884959,M. Luque Caballero,SF,1613926,M. Gomez Fernandez,SF,2341227,A. Montaño Muñoz,SF,3.2,195.0,5.0,3.0,2.0,61.5,36.9,24.6
2480150,6,979952,LA LAGUNA TOYOTA  ADAREVA,AWAY,2639428,C. Parisi,SF,1379088,P. Soler Suarez,SF,1884959,M. Luque Caballero,SF,2432295,B. Stevanovic,SF,1613926,M. Gomez Fernandez,SF,3.4,201.0,5.0,7.0,-2.0,59.7,83.6,-23.9
2480150,6,979952,LA LAGUNA TOYOTA  ADAREVA,AWAY,2639428,C. Parisi,SF,1379088,P. Soler Suarez,SF,1884959,M. Luque Caballero,SF,2432295,B. Stevanovic,SF,2341227,A. Montaño Muñoz,SF,0.0,2.0,0.0,0.0,0.0,0.0,0.0,0.0
2480150,6,979952,LA LAGUNA TOYOTA  ADAREVA,AWAY,2639428,C. Parisi,SF,1379088,P. Soler Suarez,SF,1884959,M. Luque Caballero,SF,2432295,B. Stevanovic,SF,2735173,M. Forsyth,SF,0.6,37.0,0.0,3.0,-3.0,0.0,194.6,-194.6
2480150,6,979952,LA LAGUNA TOYOTA  ADAREVA,AWAY,2639428,C. Parisi,SF,1379088,P. Soler Suarez,SF,2432295,B. Stevanovic,SF,1613926,M. Gomez Fernandez,SF,2735173,M. Forsyth,SF,1.0,65.0,3.0,1.0,2.0,110.8,36.9,73.8
2480150,6,979952,LA LAGUNA TOYOTA  ADAREVA,AWAY,2639428,C. Parisi,SF,1613926,M. Gomez Fernandez,SF,1379088,P. Soler Suarez,SF,2432295,B. Stevanovic,SF,2735173,M. Forsyth,SF,8.1,478.0,15.0,15.0,0.0,75.3,75.3,0.0
2480150,6,979952,LA LAGUNA TOYOTA  ADAREVA,AWAY,2639428,C. Parisi,SF,1613926,M. Gomez Fernandez,SF,1878753,N. Ibañez Silvestre,SF,2432295,B. Stevanovic,SF,2735173,M. Forsyth,SF,1.6,98.0,4.0,2.0,2.0,98.0,49.0,49.0
2480150,6,979952,LA LAGUNA TOYOTA  ADAREVA,AWAY,2639428,C. Parisi,SF,1613926,M. Gomez Fernandez,SF,1884959,M. Luque Caballero,SF,1379088,P. Soler Suarez,SF,2432295,B. Stevanovic,SF,2.0,122.0,0.0,6.0,-6.0,0.0,118.0,-118.0
2480151,6,981288,SERNOVA RENOVABLES REAL CANOE,HOME,2021397,A. Esnal Aguirre,SF,1787143,C. Mato De Prada,SF,1242234,C. Rodriguez Nuñez,SF,2432516,C. De Sousa,SF,1745108,M. Torres Municio,SF,7.4,444.0,20.0,17.0,3.0,108.1,91.9,16.2
2480151,6,981288,SERNOVA RENOVABLES REAL CANOE,HOME,2097038,P. De Mier Espina,SF,2161390,N. Cañizares Gonzalez,SF,1787143,C. Mato De Prada,SF,1242234,C. Rodriguez Nuñez,SF,2037982,M. Nagore Sanchez,SF,1.9,110.0,0.0,5.0,-5.0,0.0,109.1,-109.1
2480151,6,981288,SERNOVA RENOVABLES REAL CANOE,HOME,2097038,P. De Mier Espina,SF,2161390,N. Cañizares Gonzalez,SF,1787143,C. Mato De Prada,SF,1242234,C. Rodriguez Nuñez,SF,2818945,O. Santana Moldavsky,SF,0.4,25.0,0.0,0.0,0.0,0.0,0.0,0.0
2480151,6,981288,SERNOVA RENOVABLES REAL CANOE,HOME,2097038,P. De Mier Espina,SF,2161390,N. Cañizares Gonzalez,SF,1927626,C. Flores Garcia,SF,1242234,C. Rodriguez Nuñez,SF,2818945,O. Santana Moldavsky,SF,2.7,160.0,4.0,5.0,-1.0,60.0,75.0,-15.0
2480151,6,981288,SERNOVA RENOVABLES REAL CANOE,HOME,2097038,P. De Mier Espina,SF,2161390,N. Cañizares Gonzalez,SF,1927626,C. Flores Garcia,SF,2432516,C. De Sousa,SF,1859345,L. Fleta Robles,SF,5.4,329.0,13.0,10.0,3.0,94.8,72.9,21.9
2480151,6,981288,SERNOVA RENOVABLES REAL CANOE,HOME,2097038,P. De Mier Espina,SF,2161390,N. Cañizares Gonzalez,SF,1927626,C. Flores Garcia,SF,2432516,C. De Sousa,SF,2818945,O. Santana Moldavsky,SF,1.5,95.0,0.0,0.0,0.0,0.0,0.0,0.0
2480151,6,981288,SERNOVA RENOVABLES REAL CANOE,HOME,2097038,P. De Mier Espina,SF,2161390,N. Cañizares Gonzalez,SF,2021397,A. Esnal Aguirre,SF,1242234,C. Rodriguez Nuñez,SF,2432516,C. De Sousa,SF,4.0,242.0,9.0,12.0,-3.0,89.3,119.0,-29.8
2480151,6,981288,SERNOVA RENOVABLES REAL CANOE,HOME,2097038,P. De Mier Espina,SF,2161390,N. Cañizares Gonzalez,SF,2021397,A. Esnal Aguirre,SF,1242234,C. Rodriguez Nuñez,SF,2818945,O. Santana Moldavsky,SF,1.0,61.0,0.0,1.0,-1.0,0.0,39.3,-39.3
2480151,6,981288,SERNOVA RENOVABLES REAL CANOE,HOME,2097038,P. De Mier Espina,SF,2161390,N. Cañizares Gonzalez,SF,2021397,A. Esnal Aguirre,SF,1787143,C. Mato De Prada,SF,1242234,C. Rodriguez Nuñez,SF,8.9,532.0,11.0,19.0,-8.0,49.6,85.7,-36.1
2480151,6,981288,SERNOVA RENOVABLES REAL CANOE,HOME,2097038,P. De Mier Espina,SF,2161390,N. Cañizares Gonzalez,SF,2021397,A. Esnal Aguirre,SF,1787143,C. Mato De Prada,SF,1927626,C. Flores Garcia,SF,0.8,49.0,0.0,0.0,0.0,0.0,0.0,0.0
2480151,6,981288,SERNOVA RENOVABLES REAL CANOE,HOME,2097038,P. De Mier Espina,SF,2161390,N. Cañizares Gonzalez,SF,2021397,A. Esnal Aguirre,SF,1927626,C. Flores Garcia,SF,1242234,C. Rodriguez Nuñez,SF,1.9,116.0,2.0,5.0,-3.0,41.4,103.4,-62.1
2480151,6,981288,SERNOVA RENOVABLES REAL CANOE,HOME,2097038,P. De Mier Espina,SF,2161390,N. Cañizares Gonzalez,SF,2021397,A. Esnal Aguirre,SF,1927626,C. Flores Garcia,SF,2432516,C. De Sousa,SF,2.5,147.0,2.0,4.0,-2.0,32.7,65.3,-32.7
2480151,6,981288,SERNOVA RENOVABLES REAL CANOE,HOME,2097038,P. De Mier Espina,SF,2161390,N. Cañizares Gonzalez,SF,2021397,A. Esnal Aguirre,SF,2432516,C. De Sousa,SF,2282044,L. Suarez Gonzalez,SF,0.5,29.0,0.0,2.0,-2.0,0.0,165.5,-165.5
2480151,6,981288,SERNOVA RENOVABLES REAL CANOE,HOME,2097038,P. De Mier Espina,SF,2161390,N. Cañizares Gonzalez,SF,2021397,A. Esnal Aguirre,SF,2432516,C. De Sousa,SF,2818945,O. Santana Moldavsky,SF,0.4,23.0,2.0,1.0,1.0,208.7,104.3,104.3
2480151,6,981288,SERNOVA RENOVABLES REAL CANOE,HOME,2097038,P. De Mier Espina,SF,2161390,N. Cañizares Gonzalez,SF,2432516,C. De Sousa,SF,2818945,O. Santana Moldavsky,SF,2037982,M. Nagore Sanchez,SF,0.6,38.0,0.0,2.0,-2.0,0.0,126.3,-126.3
2480151,6,981492,CELTA  FEMXA ZORKA,AWAY,2049773,D. Bermejo Escribano,SF,1855646,S. Vidal Acuña,SF,2121212,P. Salinas Mascuñana,SF,2814638,J. Kelliher,SF,2651124,A. Boquete Manna,SF,0.4,22.0,0.0,0.0,0.0,0.0,0.0,0.0
2480151,6,981492,CELTA  FEMXA ZORKA,AWAY,2049773,D. Bermejo Escribano,SF,1875311,C. Menendez Torres,SF,2815029,J. Thomas,SF,2121212,P. Salinas Mascuñana,SF,2814638,J. Kelliher,SF,0.3,21.0,0.0,0.0,0.0,0.0,0.0,0.0
2480151,6,981492,CELTA  FEMXA ZORKA,AWAY,2049773,D. Bermejo Escribano,SF,2179984,U. Rodríguez Silva,SF,1855646,S. Vidal Acuña,SF,2121212,P. Salinas Mascuñana,SF,2814638,J. Kelliher,SF,1.5,88.0,5.0,0.0,5.0,136.4,0.0,136.4
2480151,6,981492,CELTA  FEMXA ZORKA,AWAY,2049773,D. Bermejo Escribano,SF,2179984,U. Rodríguez Silva,SF,2276545,M. Vizmanos Iglesis,SF,2121212,P. Salinas Mascuñana,SF,2814638,J. Kelliher,SF,0.6,34.0,3.0,0.0,3.0,211.8,0.0,211.8
2480151,6,981492,CELTA  FEMXA ZORKA,AWAY,2049773,D. Bermejo Escribano,SF,2179984,U. Rodríguez Silva,SF,2276545,M. Vizmanos Iglesis,SF,2815029,J. Thomas,SF,2121212,P. Salinas Mascuñana,SF,3.3,198.0,4.0,4.0,0.0,48.5,48.5,0.0
2480151,6,981492,CELTA  FEMXA ZORKA,AWAY,2049773,D. Bermejo Escribano,SF,2276545,M. Vizmanos Iglesis,SF,1855646,S. Vidal Acuña,SF,2121212,P. Salinas Mascuñana,SF,2814638,J. Kelliher,SF,0.4,25.0,0.0,0.0,0.0,0.0,0.0,0.0
2480151,6,981492,CELTA  FEMXA ZORKA,AWAY,2049773,D. Bermejo Escribano,SF,2276545,M. Vizmanos Iglesis,SF,2815029,J. Thomas,SF,2121212,P. Salinas Mascuñana,SF,2814638,J. Kelliher,SF,2.7,160.0,5.0,4.0,1.0,75.0,60.0,15.0
2480151,6,981492,CELTA  FEMXA ZORKA,AWAY,2179703,N. Martínez Quintana,SF,2049773,D. Bermejo Escribano,SF,2179984,U. Rodríguez Silva,SF,2276545,M. Vizmanos Iglesis,SF,1855646,S. Vidal Acuña,SF,0.5,29.0,2.0,0.0,2.0,165.5,0.0,165.5
2480151,6,981492,CELTA  FEMXA ZORKA,AWAY,2179984,U. Rodríguez Silva,SF,1875311,C. Menendez Torres,SF,1855646,S. Vidal Acuña,SF,2121212,P. Salinas Mascuñana,SF,2814638,J. Kelliher,SF,0.4,25.0,0.0,2.0,-2.0,0.0,192.0,-192.0
2480151,6,981492,CELTA  FEMXA ZORKA,AWAY,2179984,U. Rodríguez Silva,SF,2276545,M. Vizmanos Iglesis,SF,1875311,C. Menendez Torres,SF,2121212,P. Salinas Mascuñana,SF,2814638,J. Kelliher,SF,0.5,31.0,2.0,0.0,2.0,154.8,0.0,154.8
2480151,6,981492,CELTA  FEMXA ZORKA,AWAY,2276545,M. Vizmanos Iglesis,SF,1875311,C. Menendez Torres,SF,2121212,P. Salinas Mascuñana,SF,2814638,J. Kelliher,SF,2651124,A. Boquete Manna,SF,2.3,140.0,4.0,8.0,-4.0,68.6,137.1,-68.6
2480151,6,981492,CELTA  FEMXA ZORKA,AWAY,2276545,M. Vizmanos Iglesis,SF,1875311,C. Menendez Torres,SF,2815029,J. Thomas,SF,2121212,P. Salinas Mascuñana,SF,2814638,J. Kelliher,SF,1.8,112.0,2.0,0.0,2.0,42.9,0.0,42.9
2480151,6,981492,CELTA  FEMXA ZORKA,AWAY,2276545,M. Vizmanos Iglesis,SF,1875311,C. Menendez Torres,SF,2815029,J. Thomas,SF,2814638,J. Kelliher,SF,2651124,A. Boquete Manna,SF,0.4,23.0,1.0,2.0,-1.0,104.3,208.7,-104.3
2480151,6,981492,CELTA  FEMXA ZORKA,AWAY,2743289,D. Cabrera Baccon,SF,2049773,D. Bermejo Escribano,SF,2179984,U. Rodríguez Silva,SF,2276545,M. Vizmanos Iglesis,SF,2121212,P. Salinas Mascuñana,SF,2.7,163.0,6.0,5.0,1.0,88.3,73.6,14.7
2480151,6,981492,CELTA  FEMXA ZORKA,AWAY,2743289,D. Cabrera Baccon,SF,2049773,D. Bermejo Escribano,SF,2815029,J. Thomas,SF,1855646,S. Vidal Acuña,SF,2121212,P. Salinas Mascuñana,SF,0.4,22.0,0.0,2.0,-2.0,0.0,218.2,-218.2
2480151,6,981492,CELTA  FEMXA ZORKA,AWAY,2743289,D. Cabrera Baccon,SF,2049773,D. Bermejo Escribano,SF,2815029,J. Thomas,SF,1875311,C. Menendez Torres,SF,1855646,S. Vidal Acuña,SF,1.2,74.0,0.0,4.0,-4.0,0.0,129.7,-129.7
2480151,6,981492,CELTA  FEMXA ZORKA,AWAY,2743289,D. Cabrera Baccon,SF,2049773,D. Bermejo Escribano,SF,2815029,J. Thomas,SF,1875311,C. Menendez Torres,SF,2121212,P. Salinas Mascuñana,SF,3.0,175.0,9.0,0.0,9.0,123.4,0.0,123.4
2480151,6,981492,CELTA  FEMXA ZORKA,AWAY,2743289,D. Cabrera Baccon,SF,2179703,N. Martínez Quintana,SF,2049773,D. Bermejo Escribano,SF,2179984,U. Rodríguez Silva,SF,1855646,S. Vidal Acuña,SF,0.4,24.0,2.0,3.0,-1.0,200.0,300.0,-100.0
2480151,6,981492,CELTA  FEMXA ZORKA,AWAY,2743289,D. Cabrera Baccon,SF,2179703,N. Martínez Quintana,SF,2049773,D. Bermejo Escribano,SF,2815029,J. Thomas,SF,1855646,S. Vidal Acuña,SF,1.5,92.0,4.0,0.0,4.0,104.3,0.0,104.3
2480151,6,981492,CELTA  FEMXA ZORKA,AWAY,2743289,D. Cabrera Baccon,SF,2179984,U. Rodríguez Silva,SF,1875311,C. Menendez Torres,SF,2121212,P. Salinas Mascuñana,SF,2814638,J. Kelliher,SF,0.7,42.0,1.0,0.0,1.0,57.1,0.0,57.1
2480151,6,981492,CELTA  FEMXA ZORKA,AWAY,2743289,D. Cabrera Baccon,SF,2179984,U. Rodríguez Silva,SF,1875311,C. Menendez Torres,SF,2814638,J. Kelliher,SF,2651124,A. Boquete Manna,SF,4.6,274.0,13.0,12.0,1.0,113.9,105.1,8.8
2480151,6,981492,CELTA  FEMXA ZORKA,AWAY,2743289,D. Cabrera Baccon,SF,2179984,U. Rodríguez Silva,SF,2276545,M. Vizmanos Iglesis,SF,1875311,C. Menendez Torres,SF,2651124,A. Boquete Manna,SF,2.8,170.0,4.0,8.0,-4.0,56.5,112.9,-56.5
2480151,6,981492,CELTA  FEMXA ZORKA,AWAY,2743289,D. Cabrera Baccon,SF,2179984,U. Rodríguez Silva,SF,2815029,J. Thomas,SF,1875311,C. Menendez Torres,SF,1855646,S. Vidal Acuña,SF,2.0,121.0,0.0,1.0,-1.0,0.0,19.8,-19.8
2480151,6,981492,CELTA  FEMXA ZORKA,AWAY,2743289,D. Cabrera Baccon,SF,2276545,M. Vizmanos Iglesis,SF,1875311,C. Menendez Torres,SF,2121212,P. Salinas Mascuñana,SF,2651124,A. Boquete Manna,SF,0.4,26.0,0.0,0.0,0.0,0.0,0.0,0.0
2480151,6,981492,CELTA  FEMXA ZORKA,AWAY,2743289,D. Cabrera Baccon,SF,2815029,J. Thomas,SF,1875311,C. Menendez Torres,SF,1855646,S. Vidal Acuña,SF,2121212,P. Salinas Mascuñana,SF,1.8,110.0,7.0,4.0,3.0,152.7,87.3,65.5
2480151,6,981492,CELTA  FEMXA ZORKA,AWAY,2743289,D. Cabrera Baccon,SF,2815029,J. Thomas,SF,1875311,C. Menendez Torres,SF,2121212,P. Salinas Mascuñana,SF,2814638,J. Kelliher,SF,1.6,95.0,3.0,0.0,3.0,75.8,0.0,75.8
2480151,6,981492,CELTA  FEMXA ZORKA,AWAY,2815029,J. Thomas,SF,1875311,C. Menendez Torres,SF,1855646,S. Vidal Acuña,SF,2121212,P. Salinas Mascuñana,SF,2814638,J. Kelliher,SF,1.7,104.0,6.0,4.0,2.0,138.5,92.3,46.2
2480152,6,979971,OSES CONSTRUCCION,AWAY,1044456,M. Asurmendi Villaverde,SF,2432778,J. Mungo Lanzetti,SF,1824910,S. Castro Marrero,SF,2561102,M. Blanco Morcillo,SF,1820835,A. Wone Aranaz,SF,2.0,118.0,0.0,0.0,0.0,0.0,0.0,0.0
2480152,6,979971,OSES CONSTRUCCION,AWAY,1588922,L. Gutierrez Lancho,SF,1044456,M. Asurmendi Villaverde,SF,1824910,S. Castro Marrero,SF,2432513,V. Llorente,SF,1820835,A. Wone Aranaz,SF,3.7,223.0,5.0,11.0,-6.0,53.8,118.4,-64.6
2480152,6,979971,OSES CONSTRUCCION,AWAY,1588922,L. Gutierrez Lancho,SF,1044456,M. Asurmendi Villaverde,SF,2432778,J. Mungo Lanzetti,SF,1824910,S. Castro Marrero,SF,1820835,A. Wone Aranaz,SF,0.2,11.0,1.0,0.0,1.0,218.2,0.0,218.2
2480152,6,979971,OSES CONSTRUCCION,AWAY,1588922,L. Gutierrez Lancho,SF,1044456,M. Asurmendi Villaverde,SF,2432778,J. Mungo Lanzetti,SF,1824910,S. Castro Marrero,SF,2432513,V. Llorente,SF,2.9,173.0,7.0,4.0,3.0,97.1,55.5,41.6
2480152,6,979971,OSES CONSTRUCCION,AWAY,1588922,L. Gutierrez Lancho,SF,2364706,F. Parra,SF,1593987,M. Recarte Mendive,SF,1824910,S. Castro Marrero,SF,1820835,A. Wone Aranaz,SF,5.9,358.0,13.0,2.0,11.0,87.2,13.4,73.7
2480152,6,979971,OSES CONSTRUCCION,AWAY,1588922,L. Gutierrez Lancho,SF,2364706,F. Parra,SF,1824910,S. Castro Marrero,SF,1593987,M. Recarte Mendive,SF,1820835,A. Wone Aranaz,SF,2.2,132.0,0.0,5.0,-5.0,0.0,90.9,-90.9
2480152,6,979971,OSES CONSTRUCCION,AWAY,1588922,L. Gutierrez Lancho,SF,2364706,F. Parra,SF,2432778,J. Mungo Lanzetti,SF,1824910,S. Castro Marrero,SF,1593987,M. Recarte Mendive,SF,0.3,16.0,0.0,1.0,-1.0,0.0,150.0,-150.0
2480152,6,979971,OSES CONSTRUCCION,AWAY,1588922,L. Gutierrez Lancho,SF,2364706,F. Parra,SF,2432778,J. Mungo Lanzetti,SF,1824910,S. Castro Marrero,SF,2432513,V. Llorente,SF,1.5,98.0,0.0,0.0,0.0,0.0,0.0,0.0
2480152,6,979971,OSES CONSTRUCCION,AWAY,1588922,L. Gutierrez Lancho,SF,2364706,F. Parra,SF,2432778,J. Mungo Lanzetti,SF,2432513,V. Llorente,SF,1820835,A. Wone Aranaz,SF,1.8,106.0,5.0,7.0,-2.0,113.2,158.5,-45.3
2480152,6,979971,OSES CONSTRUCCION,AWAY,1588922,L. Gutierrez Lancho,SF,2364706,F. Parra,SF,2432778,J. Mungo Lanzetti,SF,2561102,M. Blanco Morcillo,SF,2432513,V. Llorente,SF,2.7,160.0,4.0,7.0,-3.0,60.0,105.0,-45.0
2480152,6,979971,OSES CONSTRUCCION,AWAY,1588922,L. Gutierrez Lancho,SF,2364706,F. Parra,SF,2561097,A. Diez Pastor,SF,2432778,J. Mungo Lanzetti,SF,1824910,S. Castro Marrero,SF,2.5,151.0,5.0,2.0,3.0,79.5,31.8,47.7
2480152,6,979971,OSES CONSTRUCCION,AWAY,2364706,F. Parra,SF,1044456,M. Asurmendi Villaverde,SF,2432778,J. Mungo Lanzetti,SF,2432513,V. Llorente,SF,2561102,M. Blanco Morcillo,SF,1.0,58.0,0.0,0.0,0.0,0.0,0.0,0.0
2480152,6,979971,OSES CONSTRUCCION,AWAY,2364706,F. Parra,SF,1044456,M. Asurmendi Villaverde,SF,2432778,J. Mungo Lanzetti,SF,2561102,M. Blanco Morcillo,SF,1820835,A. Wone Aranaz,SF,2.1,123.0,7.0,1.0,6.0,136.6,19.5,117.1
2480152,6,979971,OSES CONSTRUCCION,AWAY,2364706,F. Parra,SF,2432778,J. Mungo Lanzetti,SF,1824910,S. Castro Marrero,SF,2432513,V. Llorente,SF,2561102,M. Blanco Morcillo,SF,1.0,59.0,2.0,2.0,0.0,81.4,81.4,0.0
2480152,6,979971,OSES CONSTRUCCION,AWAY,2364706,F. Parra,SF,2432778,J. Mungo Lanzetti,SF,1824910,S. Castro Marrero,SF,2561102,M. Blanco Morcillo,SF,2432513,V. Llorente,SF,0.5,29.0,2.0,0.0,2.0,165.5,0.0,165.5
2480152,6,979971,OSES CONSTRUCCION,AWAY,2364706,F. Parra,SF,2432778,J. Mungo Lanzetti,SF,2561102,M. Blanco Morcillo,SF,1824910,S. Castro Marrero,SF,1820835,A. Wone Aranaz,SF,4.2,253.0,7.0,2.0,5.0,66.4,19.0,47.4
2480152,6,979971,OSES CONSTRUCCION,AWAY,2364706,F. Parra,SF,2561097,A. Diez Pastor,SF,2432778,J. Mungo Lanzetti,SF,1824910,S. Castro Marrero,SF,2561102,M. Blanco Morcillo,SF,1.9,112.0,2.0,3.0,-1.0,42.9,64.3,-21.4
2480152,6,979971,OSES CONSTRUCCION,AWAY,2364706,F. Parra,SF,2561102,M. Blanco Morcillo,SF,1824910,S. Castro Marrero,SF,2432513,V. Llorente,SF,1820835,A. Wone Aranaz,SF,0.9,55.0,0.0,3.0,-3.0,0.0,130.9,-130.9
2480152,6,979971,OSES CONSTRUCCION,AWAY,2364706,F. Parra,SF,2561102,M. Blanco Morcillo,SF,1824910,S. Castro Marrero,SF,2432513,V. Llorente,SF,1882395,A. Elso Aramendia,SF,0.2,12.0,0.0,4.0,-4.0,0.0,800.0,-800.0
2480152,6,979971,OSES CONSTRUCCION,AWAY,2561097,A. Diez Pastor,SF,2432778,J. Mungo Lanzetti,SF,2432513,V. Llorente,SF,2561102,M. Blanco Morcillo,SF,1882395,A. Elso Aramendia,SF,2.6,153.0,3.0,7.0,-4.0,47.1,109.8,-62.7
2480152,6,979988,FUSTECMA NBF CASTELLÓ,HOME,1680760,S. Carli Del Pino,SF,2087212,L. Ruiz De La Hermosa Arce,SF,1494221,L. Soler Madariaga,SF,2102573,A. Ferri Montagud,SF,1618451,L. Campos De Bengoa,SF,0.1,9.0,0.0,0.0,0.0,0.0,0.0,0.0
2480152,6,979988,FUSTECMA NBF CASTELLÓ,HOME,1680760,S. Carli Del Pino,SF,2087212,L. Ruiz De La Hermosa Arce,SF,1494221,L. Soler Madariaga,SF,2815082,M. Agyei,SF,2102573,A. Ferri Montagud,SF,1.5,90.0,0.0,2.0,-2.0,0.0,53.3,-53.3
2480152,6,979988,FUSTECMA NBF CASTELLÓ,HOME,1680760,S. Carli Del Pino,SF,2131367,S. Basaez Narvaez,SF,1494221,L. Soler Madariaga,SF,2144678,L. Jovena Meseguer,SF,2102573,A. Ferri Montagud,SF,2.0,117.0,1.0,5.0,-4.0,20.5,102.6,-82.1
2480152,6,979988,FUSTECMA NBF CASTELLÓ,HOME,1680760,S. Carli Del Pino,SF,2131367,S. Basaez Narvaez,SF,1494221,L. Soler Madariaga,SF,2815082,M. Agyei,SF,2102573,A. Ferri Montagud,SF,3.7,222.0,5.0,4.0,1.0,54.1,43.2,10.8
2480152,6,979988,FUSTECMA NBF CASTELLÓ,HOME,1680760,S. Carli Del Pino,SF,2131367,S. Basaez Narvaez,SF,2087212,L. Ruiz De La Hermosa Arce,SF,1494221,L. Soler Madariaga,SF,1618451,L. Campos De Bengoa,SF,2.7,161.0,4.0,5.0,-1.0,59.6,74.5,-14.9
2480152,6,979988,FUSTECMA NBF CASTELLÓ,HOME,1680760,S. Carli Del Pino,SF,2131367,S. Basaez Narvaez,SF,2087212,L. Ruiz De La Hermosa Arce,SF,1494221,L. Soler Madariaga,SF,2144678,L. Jovena Meseguer,SF,2.8,163.0,5.0,2.0,3.0,73.6,29.4,44.2
2480152,6,979988,FUSTECMA NBF CASTELLÓ,HOME,1680760,S. Carli Del Pino,SF,2131367,S. Basaez Narvaez,SF,2087212,L. Ruiz De La Hermosa Arce,SF,1494221,L. Soler Madariaga,SF,2815082,M. Agyei,SF,8.0,476.0,18.0,18.0,0.0,90.8,90.8,0.0
2480152,6,979988,FUSTECMA NBF CASTELLÓ,HOME,1680760,S. Carli Del Pino,SF,2131367,S. Basaez Narvaez,SF,2274867,L. De Giacomo,SF,1494221,L. Soler Madariaga,SF,2815082,M. Agyei,SF,1.5,91.0,0.0,3.0,-3.0,0.0,79.1,-79.1
2480152,6,979988,FUSTECMA NBF CASTELLÓ,HOME,1680760,S. Carli Del Pino,SF,2131367,S. Basaez Narvaez,SF,2274867,L. De Giacomo,SF,2102573,A. Ferri Montagud,SF,1618451,L. Campos De Bengoa,SF,4.1,242.0,6.0,4.0,2.0,59.5,39.7,19.8
2480152,6,979988,FUSTECMA NBF CASTELLÓ,HOME,1680760,S. Carli Del Pino,SF,2131367,S. Basaez Narvaez,SF,2274867,L. De Giacomo,SF,2815082,M. Agyei,SF,2102573,A. Ferri Montagud,SF,5.8,348.0,17.0,7.0,10.0,117.2,48.3,69.0
2480152,6,979988,FUSTECMA NBF CASTELLÓ,HOME,1680760,S. Carli Del Pino,SF,2131367,S. Basaez Narvaez,SF,2815082,M. Agyei,SF,2144678,L. Jovena Meseguer,SF,2102573,A. Ferri Montagud,SF,1.1,68.0,0.0,0.0,0.0,0.0,0.0,0.0
2480152,6,979988,FUSTECMA NBF CASTELLÓ,HOME,1680760,S. Carli Del Pino,SF,2274867,L. De Giacomo,SF,2087212,L. Ruiz De La Hermosa Arce,SF,2815082,M. Agyei,SF,2102573,A. Ferri Montagud,SF,0.9,55.0,3.0,0.0,3.0,130.9,0.0,130.9
2480152,6,979988,FUSTECMA NBF CASTELLÓ,HOME,2131367,S. Basaez Narvaez,SF,2274867,L. De Giacomo,SF,2815082,M. Agyei,SF,2102573,A. Ferri Montagud,SF,1618451,L. Campos De Bengoa,SF,3.6,219.0,2.0,7.0,-5.0,21.9,76.7,-54.8
2480152,6,979988,FUSTECMA NBF CASTELLÓ,HOME,2274867,L. De Giacomo,SF,2815082,M. Agyei,SF,2087212,L. Ruiz De La Hermosa Arce,SF,2102573,A. Ferri Montagud,SF,1618451,L. Campos De Bengoa,SF,0.7,44.0,0.0,4.0,-4.0,0.0,218.2,-218.2
2480152,6,979988,FUSTECMA NBF CASTELLÓ,HOME,2815082,M. Agyei,SF,2087212,L. Ruiz De La Hermosa Arce,SF,1494221,L. Soler Madariaga,SF,2102573,A. Ferri Montagud,SF,1618451,L. Campos De Bengoa,SF,1.6,95.0,0.0,2.0,-2.0,0.0,50.5,-50.5
2480153,7,979971,OSES CONSTRUCCION,AWAY,1044456,M. Asurmendi Villaverde,SF,2561097,A. Diez Pastor,SF,1824910,S. Castro Marrero,SF,2432513,V. Llorente,SF,1882395,A. Elso Aramendia,SF,0.3,21.0,0.0,2.0,-2.0,0.0,228.6,-228.6
2480153,7,979971,OSES CONSTRUCCION,AWAY,1588922,L. Gutierrez Lancho,SF,2364706,F. Parra,SF,2432513,V. Llorente,SF,1824910,S. Castro Marrero,SF,1820835,A. Wone Aranaz,SF,1.1,69.0,4.0,2.0,2.0,139.1,69.6,69.6
2480153,7,979971,OSES CONSTRUCCION,AWAY,1588922,L. Gutierrez Lancho,SF,2364706,F. Parra,SF,2432778,J. Mungo Lanzetti,SF,2432513,V. Llorente,SF,1820835,A. Wone Aranaz,SF,2.4,144.0,7.0,2.0,5.0,116.7,33.3,83.3
2480153,7,979971,OSES CONSTRUCCION,AWAY,1588922,L. Gutierrez Lancho,SF,2364706,F. Parra,SF,2432778,J. Mungo Lanzetti,SF,2561102,M. Blanco Morcillo,SF,1820835,A. Wone Aranaz,SF,0.7,43.0,2.0,0.0,2.0,111.6,0.0,111.6
2480153,7,979971,OSES CONSTRUCCION,AWAY,1588922,L. Gutierrez Lancho,SF,2364706,F. Parra,SF,2561097,A. Diez Pastor,SF,2432778,J. Mungo Lanzetti,SF,1820835,A. Wone Aranaz,SF,1.0,59.0,2.0,0.0,2.0,81.4,0.0,81.4
2480153,7,979971,OSES CONSTRUCCION,AWAY,1588922,L. Gutierrez Lancho,SF,2432778,J. Mungo Lanzetti,SF,1593987,M. Recarte Mendive,SF,2432513,V. Llorente,SF,1824910,S. Castro Marrero,SF,0.1,8.0,3.0,0.0,3.0,900.0,0.0,900.0
2480153,7,979971,OSES CONSTRUCCION,AWAY,1588922,L. Gutierrez Lancho,SF,2432778,J. Mungo Lanzetti,SF,1824910,S. Castro Marrero,SF,1593987,M. Recarte Mendive,SF,2432513,V. Llorente,SF,4.1,247.0,5.0,5.0,0.0,48.6,48.6,0.0
2480153,7,979971,OSES CONSTRUCCION,AWAY,1588922,L. Gutierrez Lancho,SF,2432778,J. Mungo Lanzetti,SF,1824910,S. Castro Marrero,SF,2561102,M. Blanco Morcillo,SF,2432513,V. Llorente,SF,3.1,191.0,13.0,4.0,9.0,163.4,50.3,113.1
2480153,7,979971,OSES CONSTRUCCION,AWAY,1588922,L. Gutierrez Lancho,SF,2432778,J. Mungo Lanzetti,SF,2432513,V. Llorente,SF,1824910,S. Castro Marrero,SF,1820835,A. Wone Aranaz,SF,2.5,149.0,2.0,2.0,0.0,32.2,32.2,0.0
2480153,7,979971,OSES CONSTRUCCION,AWAY,1588922,L. Gutierrez Lancho,SF,2432778,J. Mungo Lanzetti,SF,2561102,M. Blanco Morcillo,SF,1824910,S. Castro Marrero,SF,2432513,V. Llorente,SF,2.6,155.0,7.0,2.0,5.0,108.4,31.0,77.4
2480153,7,979971,OSES CONSTRUCCION,AWAY,2364706,F. Parra,SF,1044456,M. Asurmendi Villaverde,SF,2561097,A. Diez Pastor,SF,2432778,J. Mungo Lanzetti,SF,1820835,A. Wone Aranaz,SF,2.6,154.0,0.0,6.0,-6.0,0.0,93.5,-93.5
2480153,7,979971,OSES CONSTRUCCION,AWAY,2364706,F. Parra,SF,1044456,M. Asurmendi Villaverde,SF,2561097,A. Diez Pastor,SF,2432778,J. Mungo Lanzetti,SF,2432513,V. Llorente,SF,1.4,83.0,3.0,3.0,0.0,86.7,86.7,0.0
2480153,7,979971,OSES CONSTRUCCION,AWAY,2364706,F. Parra,SF,1824910,S. Castro Marrero,SF,2432513,V. Llorente,SF,1820835,A. Wone Aranaz,SF,1882395,A. Elso Aramendia,SF,1.8,110.0,3.0,4.0,-1.0,65.5,87.3,-21.8
2480153,7,979971,OSES CONSTRUCCION,AWAY,2364706,F. Parra,SF,2432778,J. Mungo Lanzetti,SF,1824910,S. Castro Marrero,SF,1820835,A. Wone Aranaz,SF,1882395,A. Elso Aramendia,SF,1.7,101.0,2.0,2.0,0.0,47.5,47.5,0.0
2480153,7,979971,OSES CONSTRUCCION,AWAY,2364706,F. Parra,SF,2561097,A. Diez Pastor,SF,1593987,M. Recarte Mendive,SF,1820835,A. Wone Aranaz,SF,1882395,A. Elso Aramendia,SF,3.6,217.0,10.0,5.0,5.0,110.6,55.3,55.3
2480153,7,979971,OSES CONSTRUCCION,AWAY,2364706,F. Parra,SF,2561097,A. Diez Pastor,SF,2432778,J. Mungo Lanzetti,SF,2561102,M. Blanco Morcillo,SF,1820835,A. Wone Aranaz,SF,2.0,119.0,4.0,0.0,4.0,80.7,0.0,80.7
2480153,7,979971,OSES CONSTRUCCION,AWAY,2364706,F. Parra,SF,2561097,A. Diez Pastor,SF,2561102,M. Blanco Morcillo,SF,2432513,V. Llorente,SF,1820835,A. Wone Aranaz,SF,2.9,172.0,11.0,3.0,8.0,153.5,41.9,111.6
2480153,7,979971,OSES CONSTRUCCION,AWAY,2432778,J. Mungo Lanzetti,SF,1593987,M. Recarte Mendive,SF,2561102,M. Blanco Morcillo,SF,2432513,V. Llorente,SF,1824910,S. Castro Marrero,SF,3.8,225.0,11.0,9.0,2.0,117.3,96.0,21.3
2480153,7,979971,OSES CONSTRUCCION,AWAY,2432778,J. Mungo Lanzetti,SF,2561102,M. Blanco Morcillo,SF,1824910,S. Castro Marrero,SF,2432513,V. Llorente,SF,1882395,A. Elso Aramendia,SF,1.8,108.0,4.0,3.0,1.0,88.9,66.7,22.2
2480153,7,979971,OSES CONSTRUCCION,AWAY,2561097,A. Diez Pastor,SF,2561102,M. Blanco Morcillo,SF,1824910,S. Castro Marrero,SF,2432513,V. Llorente,SF,1882395,A. Elso Aramendia,SF,0.4,25.0,0.0,2.0,-2.0,0.0,192.0,-192.0
2480153,7,981206,MCR LIMA-HORTA BARCELONA,HOME,1908281,M. Aguado Tortella,SF,1958425,L. Roig I Salrach,SF,1959765,J. Rueda Choni,SF,2642945,B. Chasco Maso,SF,1886093,E. Escuder Gonzalez,SF,0.9,57.0,1.0,4.0,-3.0,42.1,168.4,-126.3
2480153,7,981206,MCR LIMA-HORTA BARCELONA,HOME,1908281,M. Aguado Tortella,SF,1958425,L. Roig I Salrach,SF,1968768,I. Subirats Teruel,SF,2642945,B. Chasco Maso,SF,2042157,C. Ripoll Moya,SF,2.5,149.0,3.0,3.0,0.0,48.3,48.3,0.0
2480153,7,981206,MCR LIMA-HORTA BARCELONA,HOME,1908281,M. Aguado Tortella,SF,1958425,L. Roig I Salrach,SF,2828941,K. Clark,SF,1912814,N. Barrientos Pereira,SF,2042157,C. Ripoll Moya,SF,1.8,108.0,3.0,4.0,-1.0,66.7,88.9,-22.2
2480153,7,981206,MCR LIMA-HORTA BARCELONA,HOME,1908281,M. Aguado Tortella,SF,1958425,L. Roig I Salrach,SF,2828941,K. Clark,SF,1959765,J. Rueda Choni,SF,1886093,E. Escuder Gonzalez,SF,0.3,18.0,0.0,2.0,-2.0,0.0,266.7,-266.7
2480153,7,981206,MCR LIMA-HORTA BARCELONA,HOME,1908281,M. Aguado Tortella,SF,1958425,L. Roig I Salrach,SF,2828941,K. Clark,SF,1968768,I. Subirats Teruel,SF,1886093,E. Escuder Gonzalez,SF,2.8,172.0,8.0,6.0,2.0,111.6,83.7,27.9
2480153,7,981206,MCR LIMA-HORTA BARCELONA,HOME,1908281,M. Aguado Tortella,SF,1958425,L. Roig I Salrach,SF,2828941,K. Clark,SF,1968768,I. Subirats Teruel,SF,1912814,N. Barrientos Pereira,SF,2.6,155.0,2.0,7.0,-5.0,31.0,108.4,-77.4
2480153,7,981206,MCR LIMA-HORTA BARCELONA,HOME,1908281,M. Aguado Tortella,SF,1958425,L. Roig I Salrach,SF,2828941,K. Clark,SF,2642945,B. Chasco Maso,SF,2042157,C. Ripoll Moya,SF,0.7,44.0,4.0,0.0,4.0,218.2,0.0,218.2
2480153,7,981206,MCR LIMA-HORTA BARCELONA,HOME,1958425,L. Roig I Salrach,SF,1959765,J. Rueda Choni,SF,2642945,B. Chasco Maso,SF,1886093,E. Escuder Gonzalez,SF,2042157,C. Ripoll Moya,SF,3.8,228.0,3.0,9.0,-6.0,31.6,94.7,-63.2
2480153,7,981206,MCR LIMA-HORTA BARCELONA,HOME,1958425,L. Roig I Salrach,SF,2828941,K. Clark,SF,1959765,J. Rueda Choni,SF,1886093,E. Escuder Gonzalez,SF,1912814,N. Barrientos Pereira,SF,1.9,112.0,1.0,3.0,-2.0,21.4,64.3,-42.9
2480153,7,981206,MCR LIMA-HORTA BARCELONA,HOME,2235190,E. Morales López,SF,1908281,M. Aguado Tortella,SF,1958425,L. Roig I Salrach,SF,1959765,J. Rueda Choni,SF,1912814,N. Barrientos Pereira,SF,2.1,125.0,2.0,0.0,2.0,38.4,0.0,38.4
2480153,7,981206,MCR LIMA-HORTA BARCELONA,HOME,2235190,E. Morales López,SF,1908281,M. Aguado Tortella,SF,1958425,L. Roig I Salrach,SF,1959765,J. Rueda Choni,SF,2642945,B. Chasco Maso,SF,1.0,61.0,0.0,3.0,-3.0,0.0,118.0,-118.0
2480153,7,981206,MCR LIMA-HORTA BARCELONA,HOME,2235190,E. Morales López,SF,1908281,M. Aguado Tortella,SF,1958425,L. Roig I Salrach,SF,1968768,I. Subirats Teruel,SF,1886093,E. Escuder Gonzalez,SF,0.8,46.0,0.0,0.0,0.0,0.0,0.0,0.0
2480153,7,981206,MCR LIMA-HORTA BARCELONA,HOME,2235190,E. Morales López,SF,1908281,M. Aguado Tortella,SF,1958425,L. Roig I Salrach,SF,1968768,I. Subirats Teruel,SF,1959765,J. Rueda Choni,SF,1.5,93.0,3.0,6.0,-3.0,77.4,154.8,-77.4
2480153,7,981206,MCR LIMA-HORTA BARCELONA,HOME,2235190,E. Morales López,SF,1908281,M. Aguado Tortella,SF,1968768,I. Subirats Teruel,SF,1959765,J. Rueda Choni,SF,1886093,E. Escuder Gonzalez,SF,2.6,159.0,4.0,9.0,-5.0,60.4,135.8,-75.5
2480153,7,981206,MCR LIMA-HORTA BARCELONA,HOME,2235190,E. Morales López,SF,1958425,L. Roig I Salrach,SF,1959765,J. Rueda Choni,SF,1886093,E. Escuder Gonzalez,SF,1912814,N. Barrientos Pereira,SF,1.8,110.0,4.0,3.0,1.0,87.3,65.5,21.8
2480153,7,981206,MCR LIMA-HORTA BARCELONA,HOME,2235190,E. Morales López,SF,1958425,L. Roig I Salrach,SF,1959765,J. Rueda Choni,SF,1886093,E. Escuder Gonzalez,SF,2042157,C. Ripoll Moya,SF,1.1,63.0,0.0,6.0,-6.0,0.0,228.6,-228.6
2480153,7,981206,MCR LIMA-HORTA BARCELONA,HOME,2235190,E. Morales López,SF,1958425,L. Roig I Salrach,SF,1968768,I. Subirats Teruel,SF,1912814,N. Barrientos Pereira,SF,2042157,C. Ripoll Moya,SF,3.6,217.0,5.0,10.0,-5.0,55.3,110.6,-55.3
2480153,7,981206,MCR LIMA-HORTA BARCELONA,HOME,2235190,E. Morales López,SF,1958425,L. Roig I Salrach,SF,1968768,I. Subirats Teruel,SF,2642945,B. Chasco Maso,SF,1912814,N. Barrientos Pereira,SF,3.1,186.0,4.0,7.0,-3.0,51.6,90.3,-38.7
2480153,7,981206,MCR LIMA-HORTA BARCELONA,HOME,2235190,E. Morales López,SF,1959765,J. Rueda Choni,SF,1968768,I. Subirats Teruel,SF,2642945,B. Chasco Maso,SF,1912814,N. Barrientos Pereira,SF,3.3,196.0,7.0,9.0,-2.0,85.7,110.2,-24.5
2480153,7,981206,MCR LIMA-HORTA BARCELONA,HOME,2235190,E. Morales López,SF,1968768,I. Subirats Teruel,SF,1959765,J. Rueda Choni,SF,1886093,E. Escuder Gonzalez,SF,1912814,N. Barrientos Pereira,SF,1.7,101.0,2.0,2.0,0.0,47.5,47.5,0.0
2480154,7,979988,FUSTECMA NBF CASTELLÓ,AWAY,1680760,S. Carli Del Pino,SF,1460562,C. Perez Relancio,SF,2087212,L. Ruiz De La Hermosa Arce,SF,1494221,L. Soler Madariaga,SF,2102573,A. Ferri Montagud,SF,1.1,63.0,0.0,0.0,0.0,0.0,0.0,0.0
2480154,7,979988,FUSTECMA NBF CASTELLÓ,AWAY,1680760,S. Carli Del Pino,SF,1460562,C. Perez Relancio,SF,2087212,L. Ruiz De La Hermosa Arce,SF,2144678,L. Jovena Meseguer,SF,2102573,A. Ferri Montagud,SF,1.4,85.0,2.0,3.0,-1.0,56.5,84.7,-28.2
2480154,7,979988,FUSTECMA NBF CASTELLÓ,AWAY,1680760,S. Carli Del Pino,SF,1460562,C. Perez Relancio,SF,2144678,L. Jovena Meseguer,SF,2102573,A. Ferri Montagud,SF,1618451,L. Campos De Bengoa,SF,2.8,165.0,4.0,7.0,-3.0,58.2,101.8,-43.6
2480154,7,979988,FUSTECMA NBF CASTELLÓ,AWAY,1680760,S. Carli Del Pino,SF,2087212,L. Ruiz De La Hermosa Arce,SF,1494221,L. Soler Madariaga,SF,2144678,L. Jovena Meseguer,SF,2102573,A. Ferri Montagud,SF,1.7,104.0,4.0,1.0,3.0,92.3,23.1,69.2
2480154,7,979988,FUSTECMA NBF CASTELLÓ,AWAY,1680760,S. Carli Del Pino,SF,2087212,L. Ruiz De La Hermosa Arce,SF,2815082,M. Agyei,SF,2144678,L. Jovena Meseguer,SF,2102573,A. Ferri Montagud,SF,2.1,125.0,0.0,6.0,-6.0,0.0,115.2,-115.2
2480154,7,979988,FUSTECMA NBF CASTELLÓ,AWAY,1680760,S. Carli Del Pino,SF,2131367,S. Basaez Narvaez,SF,2087212,L. Ruiz De La Hermosa Arce,SF,1494221,L. Soler Madariaga,SF,2815082,M. Agyei,SF,3.0,183.0,5.0,5.0,0.0,65.6,65.6,0.0
2480154,7,979988,FUSTECMA NBF CASTELLÓ,AWAY,1680760,S. Carli Del Pino,SF,2131367,S. Basaez Narvaez,SF,2274867,L. De Giacomo,SF,1460562,C. Perez Relancio,SF,1618451,L. Campos De Bengoa,SF,0.7,42.0,0.0,2.0,-2.0,0.0,114.3,-114.3
2480154,7,979988,FUSTECMA NBF CASTELLÓ,AWAY,1680760,S. Carli Del Pino,SF,2131367,S. Basaez Narvaez,SF,2274867,L. De Giacomo,SF,1494221,L. Soler Madariaga,SF,1618451,L. Campos De Bengoa,SF,1.3,76.0,0.0,6.0,-6.0,0.0,189.5,-189.5
2480154,7,979988,FUSTECMA NBF CASTELLÓ,AWAY,1680760,S. Carli Del Pino,SF,2131367,S. Basaez Narvaez,SF,2274867,L. De Giacomo,SF,2087212,L. Ruiz De La Hermosa Arce,SF,1494221,L. Soler Madariaga,SF,0.5,28.0,0.0,0.0,0.0,0.0,0.0,0.0
2480154,7,979988,FUSTECMA NBF CASTELLÓ,AWAY,1680760,S. Carli Del Pino,SF,2131367,S. Basaez Narvaez,SF,2274867,L. De Giacomo,SF,2087212,L. Ruiz De La Hermosa Arce,SF,2144678,L. Jovena Meseguer,SF,1.1,67.0,0.0,1.0,-1.0,0.0,35.8,-35.8
2480154,7,979988,FUSTECMA NBF CASTELLÓ,AWAY,1680760,S. Carli Del Pino,SF,2131367,S. Basaez Narvaez,SF,2274867,L. De Giacomo,SF,2144678,L. Jovena Meseguer,SF,2102573,A. Ferri Montagud,SF,0.6,33.0,0.0,2.0,-2.0,0.0,145.5,-145.5
2480154,7,979988,FUSTECMA NBF CASTELLÓ,AWAY,1680760,S. Carli Del Pino,SF,2131367,S. Basaez Narvaez,SF,2274867,L. De Giacomo,SF,2815082,M. Agyei,SF,1618451,L. Campos De Bengoa,SF,1.2,75.0,0.0,0.0,0.0,0.0,0.0,0.0
2480154,7,979988,FUSTECMA NBF CASTELLÓ,AWAY,1680760,S. Carli Del Pino,SF,2131367,S. Basaez Narvaez,SF,2274867,L. De Giacomo,SF,2815082,M. Agyei,SF,2087212,L. Ruiz De La Hermosa Arce,SF,1.3,78.0,4.0,2.0,2.0,123.1,61.5,61.5
2480154,7,979988,FUSTECMA NBF CASTELLÓ,AWAY,1680760,S. Carli Del Pino,SF,2131367,S. Basaez Narvaez,SF,2274867,L. De Giacomo,SF,2815082,M. Agyei,SF,2102573,A. Ferri Montagud,SF,2.1,124.0,3.0,2.0,1.0,58.1,38.7,19.4
2480154,7,979988,FUSTECMA NBF CASTELLÓ,AWAY,1680760,S. Carli Del Pino,SF,2131367,S. Basaez Narvaez,SF,2815082,M. Agyei,SF,2144678,L. Jovena Meseguer,SF,1618451,L. Campos De Bengoa,SF,2.8,165.0,2.0,2.0,0.0,29.1,29.1,0.0
2480154,7,979988,FUSTECMA NBF CASTELLÓ,AWAY,1680760,S. Carli Del Pino,SF,2131367,S. Basaez Narvaez,SF,2815082,M. Agyei,SF,2144678,L. Jovena Meseguer,SF,2102573,A. Ferri Montagud,SF,0.8,48.0,0.0,0.0,0.0,0.0,0.0,0.0
2480154,7,979988,FUSTECMA NBF CASTELLÓ,AWAY,1680760,S. Carli Del Pino,SF,2274867,L. De Giacomo,SF,2087212,L. Ruiz De La Hermosa Arce,SF,1494221,L. Soler Madariaga,SF,2102573,A. Ferri Montagud,SF,10.4,628.0,16.0,9.0,7.0,61.1,34.4,26.8
2480154,7,979988,FUSTECMA NBF CASTELLÓ,AWAY,2131367,S. Basaez Narvaez,SF,2274867,L. De Giacomo,SF,2087212,L. Ruiz De La Hermosa Arce,SF,1494221,L. Soler Madariaga,SF,2102573,A. Ferri Montagud,SF,1.0,61.0,0.0,3.0,-3.0,0.0,118.0,-118.0
2480154,7,979988,FUSTECMA NBF CASTELLÓ,AWAY,2131367,S. Basaez Narvaez,SF,2274867,L. De Giacomo,SF,2087212,L. Ruiz De La Hermosa Arce,SF,2815082,M. Agyei,SF,2102573,A. Ferri Montagud,SF,0.7,44.0,2.0,2.0,0.0,109.1,109.1,0.0
2480154,7,979988,FUSTECMA NBF CASTELLÓ,AWAY,2274867,L. De Giacomo,SF,2087212,L. Ruiz De La Hermosa Arce,SF,1494221,L. Soler Madariaga,SF,2102573,A. Ferri Montagud,SF,1618451,L. Campos De Bengoa,SF,3.4,206.0,3.0,8.0,-5.0,35.0,93.2,-58.3
2480154,7,981492,CELTA  FEMXA ZORKA,HOME,2179703,N. Martínez Quintana,SF,2049773,D. Bermejo Escribano,SF,2179984,U. Rodríguez Silva,SF,2276545,M. Vizmanos Iglesis,SF,1855646,S. Vidal Acuña,SF,4.9,291.0,13.0,2.0,11.0,107.2,16.5,90.7
2480154,7,981492,CELTA  FEMXA ZORKA,HOME,2179703,N. Martínez Quintana,SF,2049773,D. Bermejo Escribano,SF,2179984,U. Rodríguez Silva,SF,2815029,J. Thomas,SF,2814638,J. Kelliher,SF,1.0,59.0,2.0,2.0,0.0,81.4,81.4,0.0
2480154,7,981492,CELTA  FEMXA ZORKA,HOME,2179703,N. Martínez Quintana,SF,2049773,D. Bermejo Escribano,SF,2276545,M. Vizmanos Iglesis,SF,2815029,J. Thomas,SF,1855646,S. Vidal Acuña,SF,1.6,101.0,1.0,4.0,-3.0,23.8,95.0,-71.3
2480154,7,981492,CELTA  FEMXA ZORKA,HOME,2179703,N. Martínez Quintana,SF,2049773,D. Bermejo Escribano,SF,2276545,M. Vizmanos Iglesis,SF,2815029,J. Thomas,SF,2814638,J. Kelliher,SF,1.2,75.0,0.0,0.0,0.0,0.0,0.0,0.0
2480154,7,981492,CELTA  FEMXA ZORKA,HOME,2179703,N. Martínez Quintana,SF,2049773,D. Bermejo Escribano,SF,2815029,J. Thomas,SF,1855646,S. Vidal Acuña,SF,2814638,J. Kelliher,SF,2.8,165.0,5.0,2.0,3.0,72.7,29.1,43.6
2480154,7,981492,CELTA  FEMXA ZORKA,HOME,2179703,N. Martínez Quintana,SF,2179984,U. Rodríguez Silva,SF,1875311,C. Menendez Torres,SF,2815029,J. Thomas,SF,2814638,J. Kelliher,SF,1.3,78.0,2.0,4.0,-2.0,61.5,123.1,-61.5
2480154,7,981492,CELTA  FEMXA ZORKA,HOME,2179703,N. Martínez Quintana,SF,2179984,U. Rodríguez Silva,SF,2276545,M. Vizmanos Iglesis,SF,2815029,J. Thomas,SF,1875311,C. Menendez Torres,SF,0.5,30.0,1.0,0.0,1.0,80.0,0.0,80.0
2480154,7,981492,CELTA  FEMXA ZORKA,HOME,2179984,U. Rodríguez Silva,SF,2276545,M. Vizmanos Iglesis,SF,1875311,C. Menendez Torres,SF,2814638,J. Kelliher,SF,2651124,A. Boquete Manna,SF,4.4,267.0,11.0,3.0,8.0,98.9,27.0,71.9
2480154,7,981492,CELTA  FEMXA ZORKA,HOME,2743289,D. Cabrera Baccon,SF,2049773,D. Bermejo Escribano,SF,2276545,M. Vizmanos Iglesis,SF,2815029,J. Thomas,SF,1855646,S. Vidal Acuña,SF,2.6,154.0,2.0,3.0,-1.0,31.2,46.8,-15.6
2480154,7,981492,CELTA  FEMXA ZORKA,HOME,2743289,D. Cabrera Baccon,SF,2179703,N. Martínez Quintana,SF,2049773,D. Bermejo Escribano,SF,1875311,C. Menendez Torres,SF,2814638,J. Kelliher,SF,3.6,215.0,3.0,3.0,0.0,33.5,33.5,0.0
2480154,7,981492,CELTA  FEMXA ZORKA,HOME,2743289,D. Cabrera Baccon,SF,2179703,N. Martínez Quintana,SF,2049773,D. Bermejo Escribano,SF,2179984,U. Rodríguez Silva,SF,1855646,S. Vidal Acuña,SF,0.4,25.0,2.0,0.0,2.0,192.0,0.0,192.0
2480154,7,981492,CELTA  FEMXA ZORKA,HOME,2743289,D. Cabrera Baccon,SF,2179703,N. Martínez Quintana,SF,2049773,D. Bermejo Escribano,SF,2276545,M. Vizmanos Iglesis,SF,1875311,C. Menendez Torres,SF,0.9,57.0,0.0,2.0,-2.0,0.0,84.2,-84.2
2480154,7,981492,CELTA  FEMXA ZORKA,HOME,2743289,D. Cabrera Baccon,SF,2179703,N. Martínez Quintana,SF,2049773,D. Bermejo Escribano,SF,2815029,J. Thomas,SF,1855646,S. Vidal Acuña,SF,1.3,76.0,2.0,2.0,0.0,63.2,63.2,0.0
2480154,7,981492,CELTA  FEMXA ZORKA,HOME,2743289,D. Cabrera Baccon,SF,2179703,N. Martínez Quintana,SF,2179984,U. Rodríguez Silva,SF,1875311,C. Menendez Torres,SF,2815029,J. Thomas,SF,4.2,248.0,7.0,0.0,7.0,67.7,0.0,67.7
2480154,7,981492,CELTA  FEMXA ZORKA,HOME,2743289,D. Cabrera Baccon,SF,2179703,N. Martínez Quintana,SF,2179984,U. Rodríguez Silva,SF,2276545,M. Vizmanos Iglesis,SF,1875311,C. Menendez Torres,SF,5.1,304.0,3.0,11.0,-8.0,23.7,86.8,-63.2
2480154,7,981492,CELTA  FEMXA ZORKA,HOME,2743289,D. Cabrera Baccon,SF,2179703,N. Martínez Quintana,SF,2276545,M. Vizmanos Iglesis,SF,2815029,J. Thomas,SF,1875311,C. Menendez Torres,SF,3.5,211.0,5.0,5.0,0.0,56.9,56.9,0.0
2480154,7,981492,CELTA  FEMXA ZORKA,HOME,2743289,D. Cabrera Baccon,SF,2179984,U. Rodríguez Silva,SF,2276545,M. Vizmanos Iglesis,SF,1875311,C. Menendez Torres,SF,2651124,A. Boquete Manna,SF,0.7,44.0,2.0,2.0,0.0,109.1,109.1,0.0
2480155,7,979952,LA LAGUNA TOYOTA  ADAREVA,HOME,1128614,I. Arregui Mariezcurrena,SF,1379088,P. Soler Suarez,SF,1884959,M. Luque Caballero,SF,1613926,M. Gomez Fernandez,SF,2735173,M. Forsyth,SF,0.4,26.0,0.0,0.0,0.0,0.0,0.0,0.0
2480155,7,979952,LA LAGUNA TOYOTA  ADAREVA,HOME,1128614,I. Arregui Mariezcurrena,SF,1379088,P. Soler Suarez,SF,1884959,M. Luque Caballero,SF,2432295,B. Stevanovic,SF,1613926,M. Gomez Fernandez,SF,4.0,243.0,7.0,1.0,6.0,69.1,9.9,59.3
2480155,7,979952,LA LAGUNA TOYOTA  ADAREVA,HOME,1128614,I. Arregui Mariezcurrena,SF,1379088,P. Soler Suarez,SF,1884959,M. Luque Caballero,SF,2432295,B. Stevanovic,SF,2735173,M. Forsyth,SF,9.1,549.0,8.0,18.0,-10.0,35.0,78.7,-43.7
2480155,7,979952,LA LAGUNA TOYOTA  ADAREVA,HOME,1128614,I. Arregui Mariezcurrena,SF,1884959,M. Luque Caballero,SF,2432295,B. Stevanovic,SF,1613926,M. Gomez Fernandez,SF,2341227,A. Montaño Muñoz,SF,3.5,207.0,6.0,7.0,-1.0,69.6,81.2,-11.6
2480155,7,979952,LA LAGUNA TOYOTA  ADAREVA,HOME,1884959,M. Luque Caballero,SF,1379088,P. Soler Suarez,SF,2432295,B. Stevanovic,SF,1613926,M. Gomez Fernandez,SF,2735173,M. Forsyth,SF,1.5,94.0,1.0,2.0,-1.0,25.5,51.1,-25.5
2480155,7,979952,LA LAGUNA TOYOTA  ADAREVA,HOME,2639428,C. Parisi,SF,1128614,I. Arregui Mariezcurrena,SF,2432295,B. Stevanovic,SF,1613926,M. Gomez Fernandez,SF,2341227,A. Montaño Muñoz,SF,1.5,92.0,3.0,3.0,0.0,78.3,78.3,0.0
2480155,7,979952,LA LAGUNA TOYOTA  ADAREVA,HOME,2639428,C. Parisi,SF,1379088,P. Soler Suarez,SF,1884959,M. Luque Caballero,SF,1613926,M. Gomez Fernandez,SF,2341227,A. Montaño Muñoz,SF,1.2,75.0,2.0,2.0,0.0,64.0,64.0,0.0
2480155,7,979952,LA LAGUNA TOYOTA  ADAREVA,HOME,2639428,C. Parisi,SF,1379088,P. Soler Suarez,SF,1884959,M. Luque Caballero,SF,1613926,M. Gomez Fernandez,SF,2735173,M. Forsyth,SF,2.3,139.0,3.0,2.0,1.0,51.8,34.5,17.3
2480155,7,979952,LA LAGUNA TOYOTA  ADAREVA,HOME,2639428,C. Parisi,SF,1379088,P. Soler Suarez,SF,1884959,M. Luque Caballero,SF,2432295,B. Stevanovic,SF,1613926,M. Gomez Fernandez,SF,5.2,306.0,13.0,6.0,7.0,102.0,47.1,54.9
2480155,7,979952,LA LAGUNA TOYOTA  ADAREVA,HOME,2639428,C. Parisi,SF,1379088,P. Soler Suarez,SF,2432295,B. Stevanovic,SF,1613926,M. Gomez Fernandez,SF,2735173,M. Forsyth,SF,8.5,506.0,13.0,10.0,3.0,61.7,47.4,14.2
2480155,7,979952,LA LAGUNA TOYOTA  ADAREVA,HOME,2639428,C. Parisi,SF,1884959,M. Luque Caballero,SF,2432295,B. Stevanovic,SF,1613926,M. Gomez Fernandez,SF,2341227,A. Montaño Muñoz,SF,0.7,44.0,0.0,1.0,-1.0,0.0,54.5,-54.5
2480155,7,979952,LA LAGUNA TOYOTA  ADAREVA,HOME,2639428,C. Parisi,SF,1884959,M. Luque Caballero,SF,2432295,B. Stevanovic,SF,1613926,M. Gomez Fernandez,SF,2735173,M. Forsyth,SF,2.0,119.0,0.0,2.0,-2.0,0.0,40.3,-40.3
2480155,7,981288,SERNOVA RENOVABLES REAL CANOE,AWAY,1787143,C. Mato De Prada,SF,1927626,C. Flores Garcia,SF,1242234,C. Rodriguez Nuñez,SF,2818945,O. Santana Moldavsky,SF,1859345,L. Fleta Robles,SF,0.8,45.0,0.0,0.0,0.0,0.0,0.0,0.0
2480155,7,981288,SERNOVA RENOVABLES REAL CANOE,AWAY,2021397,A. Esnal Aguirre,SF,1787143,C. Mato De Prada,SF,1242234,C. Rodriguez Nuñez,SF,2432516,C. De Sousa,SF,1745108,M. Torres Municio,SF,7.9,476.0,6.0,9.0,-3.0,30.3,45.4,-15.1
2480155,7,981288,SERNOVA RENOVABLES REAL CANOE,AWAY,2021397,A. Esnal Aguirre,SF,1787143,C. Mato De Prada,SF,1242234,C. Rodriguez Nuñez,SF,2432516,C. De Sousa,SF,1859345,L. Fleta Robles,SF,0.7,40.0,2.0,0.0,2.0,120.0,0.0,120.0
2480155,7,981288,SERNOVA RENOVABLES REAL CANOE,AWAY,2021397,A. Esnal Aguirre,SF,1787143,C. Mato De Prada,SF,1242234,C. Rodriguez Nuñez,SF,2818945,O. Santana Moldavsky,SF,1859345,L. Fleta Robles,SF,0.7,39.0,0.0,3.0,-3.0,0.0,184.6,-184.6
2480155,7,981288,SERNOVA RENOVABLES REAL CANOE,AWAY,2097038,P. De Mier Espina,SF,1927626,C. Flores Garcia,SF,1242234,C. Rodriguez Nuñez,SF,2432516,C. De Sousa,SF,1859345,L. Fleta Robles,SF,0.9,57.0,3.0,3.0,0.0,126.3,126.3,0.0
2480155,7,981288,SERNOVA RENOVABLES REAL CANOE,AWAY,2097038,P. De Mier Espina,SF,1927626,C. Flores Garcia,SF,1242234,C. Rodriguez Nuñez,SF,2818945,O. Santana Moldavsky,SF,1859345,L. Fleta Robles,SF,3.0,182.0,4.0,10.0,-6.0,52.7,131.9,-79.1
2480155,7,981288,SERNOVA RENOVABLES REAL CANOE,AWAY,2097038,P. De Mier Espina,SF,1927626,C. Flores Garcia,SF,2432516,C. De Sousa,SF,1859345,L. Fleta Robles,SF,1745108,M. Torres Municio,SF,2.5,154.0,3.0,2.0,1.0,46.8,31.2,15.6
2480155,7,981288,SERNOVA RENOVABLES REAL CANOE,AWAY,2097038,P. De Mier Espina,SF,2021397,A. Esnal Aguirre,SF,1242234,C. Rodriguez Nuñez,SF,1859345,L. Fleta Robles,SF,1745108,M. Torres Municio,SF,5.8,347.0,6.0,5.0,1.0,41.5,34.6,6.9
2480155,7,981288,SERNOVA RENOVABLES REAL CANOE,AWAY,2097038,P. De Mier Espina,SF,2021397,A. Esnal Aguirre,SF,1242234,C. Rodriguez Nuñez,SF,2432516,C. De Sousa,SF,1859345,L. Fleta Robles,SF,2.7,160.0,2.0,6.0,-4.0,30.0,90.0,-60.0
2480155,7,981288,SERNOVA RENOVABLES REAL CANOE,AWAY,2097038,P. De Mier Espina,SF,2021397,A. Esnal Aguirre,SF,1787143,C. Mato De Prada,SF,1242234,C. Rodriguez Nuñez,SF,2432516,C. De Sousa,SF,5.4,326.0,10.0,5.0,5.0,73.6,36.8,36.8
2480155,7,981288,SERNOVA RENOVABLES REAL CANOE,AWAY,2097038,P. De Mier Espina,SF,2021397,A. Esnal Aguirre,SF,1787143,C. Mato De Prada,SF,2432516,C. De Sousa,SF,1859345,L. Fleta Robles,SF,4.9,298.0,10.0,7.0,3.0,80.5,56.4,24.2
2480155,7,981288,SERNOVA RENOVABLES REAL CANOE,AWAY,2097038,P. De Mier Espina,SF,2021397,A. Esnal Aguirre,SF,1927626,C. Flores Garcia,SF,1242234,C. Rodriguez Nuñez,SF,1859345,L. Fleta Robles,SF,0.6,36.0,2.0,2.0,0.0,133.3,133.3,0.0
2480155,7,981288,SERNOVA RENOVABLES REAL CANOE,AWAY,2097038,P. De Mier Espina,SF,2021397,A. Esnal Aguirre,SF,1927626,C. Flores Garcia,SF,1242234,C. Rodriguez Nuñez,SF,2432516,C. De Sousa,SF,2.0,121.0,4.0,4.0,0.0,79.3,79.3,0.0
2480155,7,981288,SERNOVA RENOVABLES REAL CANOE,AWAY,2097038,P. De Mier Espina,SF,2021397,A. Esnal Aguirre,SF,2432516,C. De Sousa,SF,2818945,O. Santana Moldavsky,SF,1859345,L. Fleta Robles,SF,2.0,119.0,2.0,0.0,2.0,40.3,0.0,40.3
2480156,7,979770,MELILLA CIUDAD DEL DEPORTE LA SALLE,AWAY,1713801,C. Torrubia Cano,SF,1756623,A. Hernangomez Geuer,SF,1454479,A. Senosiain Vergarachea,SF,1715165,M. Torreblanca Ginel,SF,2648563,M. D'Urso Vallina,SF,1.5,92.0,6.0,2.0,4.0,156.5,52.2,104.3
2480156,7,979770,MELILLA CIUDAD DEL DEPORTE LA SALLE,AWAY,1756623,A. Hernangomez Geuer,SF,1946976,L. Moya Blanch,SF,1454479,A. Senosiain Vergarachea,SF,1715165,M. Torreblanca Ginel,SF,2648563,M. D'Urso Vallina,SF,0.7,40.0,3.0,3.0,0.0,180.0,180.0,0.0
2480156,7,979770,MELILLA CIUDAD DEL DEPORTE LA SALLE,AWAY,1756623,A. Hernangomez Geuer,SF,1946976,L. Moya Blanch,SF,1454479,A. Senosiain Vergarachea,SF,1829640,A. Sanchez Davila,SF,1715165,M. Torreblanca Ginel,SF,1.1,71.0,0.0,2.0,-2.0,0.0,67.6,-67.6
2480156,7,979770,MELILLA CIUDAD DEL DEPORTE LA SALLE,AWAY,1756623,A. Hernangomez Geuer,SF,1946976,L. Moya Blanch,SF,1454479,A. Senosiain Vergarachea,SF,1829640,A. Sanchez Davila,SF,2814864,R. Monteiro Da Silva,SF,0.8,51.0,0.0,0.0,0.0,0.0,0.0,0.0
2480156,7,979770,MELILLA CIUDAD DEL DEPORTE LA SALLE,AWAY,1756623,A. Hernangomez Geuer,SF,1946976,L. Moya Blanch,SF,1454479,A. Senosiain Vergarachea,SF,2814864,R. Monteiro Da Silva,SF,1715165,M. Torreblanca Ginel,SF,4.5,269.0,15.0,6.0,9.0,133.8,53.5,80.3
2480156,7,979770,MELILLA CIUDAD DEL DEPORTE LA SALLE,AWAY,2104399,C. Garcia Muñoz,SF,1713801,C. Torrubia Cano,SF,1454479,A. Senosiain Vergarachea,SF,1829640,A. Sanchez Davila,SF,1587316,C. Caceres Ayala,SF,2.2,129.0,4.0,1.0,3.0,74.4,18.6,55.8
2480156,7,979770,MELILLA CIUDAD DEL DEPORTE LA SALLE,AWAY,2104399,C. Garcia Muñoz,SF,1713801,C. Torrubia Cano,SF,1454479,A. Senosiain Vergarachea,SF,1829640,A. Sanchez Davila,SF,2814864,R. Monteiro Da Silva,SF,1.3,75.0,5.0,2.0,3.0,160.0,64.0,96.0
2480156,7,979770,MELILLA CIUDAD DEL DEPORTE LA SALLE,AWAY,2104399,C. Garcia Muñoz,SF,1946976,L. Moya Blanch,SF,1454479,A. Senosiain Vergarachea,SF,1829640,A. Sanchez Davila,SF,1587316,C. Caceres Ayala,SF,4.1,248.0,11.0,4.0,7.0,106.5,38.7,67.7
2480156,7,979770,MELILLA CIUDAD DEL DEPORTE LA SALLE,AWAY,2104399,C. Garcia Muñoz,SF,1946976,L. Moya Blanch,SF,1454479,A. Senosiain Vergarachea,SF,1829640,A. Sanchez Davila,SF,1715165,M. Torreblanca Ginel,SF,4.6,277.0,4.0,7.0,-3.0,34.7,60.6,-26.0
2480156,7,979770,MELILLA CIUDAD DEL DEPORTE LA SALLE,AWAY,2104399,C. Garcia Muñoz,SF,1946976,L. Moya Blanch,SF,1454479,A. Senosiain Vergarachea,SF,1829640,A. Sanchez Davila,SF,2814864,R. Monteiro Da Silva,SF,1.1,63.0,2.0,3.0,-1.0,76.2,114.3,-38.1
2480156,7,979770,MELILLA CIUDAD DEL DEPORTE LA SALLE,AWAY,2104399,C. Garcia Muñoz,SF,1946976,L. Moya Blanch,SF,1454479,A. Senosiain Vergarachea,SF,2814864,R. Monteiro Da Silva,SF,1587316,C. Caceres Ayala,SF,1.8,111.0,4.0,0.0,4.0,86.5,0.0,86.5
2480156,7,979770,MELILLA CIUDAD DEL DEPORTE LA SALLE,AWAY,2104399,C. Garcia Muñoz,SF,1946976,L. Moya Blanch,SF,1454479,A. Senosiain Vergarachea,SF,2814864,R. Monteiro Da Silva,SF,1715165,M. Torreblanca Ginel,SF,1.0,60.0,2.0,0.0,2.0,80.0,0.0,80.0
2480156,7,979770,MELILLA CIUDAD DEL DEPORTE LA SALLE,AWAY,2432929,M. Davydova,SF,1713801,C. Torrubia Cano,SF,1454479,A. Senosiain Vergarachea,SF,1829640,A. Sanchez Davila,SF,2814864,R. Monteiro Da Silva,SF,0.5,29.0,2.0,0.0,2.0,165.5,0.0,165.5
2480156,7,979770,MELILLA CIUDAD DEL DEPORTE LA SALLE,AWAY,2432929,M. Davydova,SF,1713801,C. Torrubia Cano,SF,1454479,A. Senosiain Vergarachea,SF,2814864,R. Monteiro Da Silva,SF,1587316,C. Caceres Ayala,SF,2.3,138.0,5.0,4.0,1.0,87.0,69.6,17.4
2480156,7,979770,MELILLA CIUDAD DEL DEPORTE LA SALLE,AWAY,2432929,M. Davydova,SF,1756623,A. Hernangomez Geuer,SF,1454479,A. Senosiain Vergarachea,SF,2814864,R. Monteiro Da Silva,SF,1587316,C. Caceres Ayala,SF,0.6,38.0,0.0,0.0,0.0,0.0,0.0,0.0
2480156,7,979770,MELILLA CIUDAD DEL DEPORTE LA SALLE,AWAY,2432929,M. Davydova,SF,1756623,A. Hernangomez Geuer,SF,1454479,A. Senosiain Vergarachea,SF,2814864,R. Monteiro Da Silva,SF,1715165,M. Torreblanca Ginel,SF,8.7,522.0,8.0,26.0,-18.0,36.8,119.5,-82.8
2480156,7,979770,MELILLA CIUDAD DEL DEPORTE LA SALLE,AWAY,2432929,M. Davydova,SF,1946976,L. Moya Blanch,SF,1454479,A. Senosiain Vergarachea,SF,2814864,R. Monteiro Da Silva,SF,1587316,C. Caceres Ayala,SF,2.1,130.0,6.0,0.0,6.0,110.8,0.0,110.8
2480156,7,979770,MELILLA CIUDAD DEL DEPORTE LA SALLE,AWAY,2432929,M. Davydova,SF,1946976,L. Moya Blanch,SF,1454479,A. Senosiain Vergarachea,SF,2814864,R. Monteiro Da Silva,SF,1715165,M. Torreblanca Ginel,SF,0.9,57.0,3.0,0.0,3.0,126.3,0.0,126.3
2480156,7,981346,LA CORDÁ DE PATERNA NB,HOME,2653963,A. Traore,SF,1508657,V. Saez Moreno,SF,1632609,C. Che Tortola,SF,1687305,L. Segura Moreno,SF,2071471,P. Saravia Logroño,SF,2.3,138.0,3.0,7.0,-4.0,52.2,121.7,-69.6
2480156,7,981346,LA CORDÁ DE PATERNA NB,HOME,2653963,A. Traore,SF,1508657,V. Saez Moreno,SF,1632609,C. Che Tortola,SF,1687305,L. Segura Moreno,SF,2230288,S. Davila Diaz De Ilarraza,SF,1.3,76.0,0.0,2.0,-2.0,0.0,63.2,-63.2
2480156,7,981346,LA CORDÁ DE PATERNA NB,HOME,2653963,A. Traore,SF,1508657,V. Saez Moreno,SF,1632609,C. Che Tortola,SF,2031045,M. Galiana Miralles,SF,2071471,P. Saravia Logroño,SF,1.5,87.0,3.0,8.0,-5.0,82.8,220.7,-137.9
2480156,7,981346,LA CORDÁ DE PATERNA NB,HOME,2653963,A. Traore,SF,1508657,V. Saez Moreno,SF,1632609,C. Che Tortola,SF,2173687,M. Llompart Perello,SF,1687305,L. Segura Moreno,SF,2.3,140.0,3.0,4.0,-1.0,51.4,68.6,-17.1
2480156,7,981346,LA CORDÁ DE PATERNA NB,HOME,2653963,A. Traore,SF,1508657,V. Saez Moreno,SF,2173687,M. Llompart Perello,SF,1687305,L. Segura Moreno,SF,2031045,M. Galiana Miralles,SF,2.6,153.0,6.0,5.0,1.0,94.1,78.4,15.7
2480156,7,981346,LA CORDÁ DE PATERNA NB,HOME,2653963,A. Traore,SF,1508657,V. Saez Moreno,SF,2173687,M. Llompart Perello,SF,1687305,L. Segura Moreno,SF,2230288,S. Davila Diaz De Ilarraza,SF,0.6,38.0,0.0,2.0,-2.0,0.0,126.3,-126.3
2480156,7,981346,LA CORDÁ DE PATERNA NB,HOME,2653963,A. Traore,SF,2163606,C. Sancho Mauri,SF,1632609,C. Che Tortola,SF,2173687,M. Llompart Perello,SF,2230288,S. Davila Diaz De Ilarraza,SF,1.0,61.0,0.0,6.0,-6.0,0.0,236.1,-236.1
2480156,7,981346,LA CORDÁ DE PATERNA NB,HOME,2653963,A. Traore,SF,2173687,M. Llompart Perello,SF,1687305,L. Segura Moreno,SF,2032313,C. Segura Moreno,SF,2071471,P. Saravia Logroño,SF,1.1,68.0,0.0,4.0,-4.0,0.0,141.2,-141.2
2480156,7,981346,LA CORDÁ DE PATERNA NB,HOME,2796302,P. Gabriel,SF,1508657,V. Saez Moreno,SF,1632609,C. Che Tortola,SF,1687305,L. Segura Moreno,SF,2071471,P. Saravia Logroño,SF,2.8,164.0,8.0,4.0,4.0,117.1,58.5,58.5
2480156,7,981346,LA CORDÁ DE PATERNA NB,HOME,2796302,P. Gabriel,SF,1508657,V. Saez Moreno,SF,1632609,C. Che Tortola,SF,2031045,M. Galiana Miralles,SF,2071471,P. Saravia Logroño,SF,1.5,92.0,2.0,6.0,-4.0,52.2,156.5,-104.3
2480156,7,981346,LA CORDÁ DE PATERNA NB,HOME,2796302,P. Gabriel,SF,1508657,V. Saez Moreno,SF,1632609,C. Che Tortola,SF,2173687,M. Llompart Perello,SF,1687305,L. Segura Moreno,SF,0.6,35.0,0.0,4.0,-4.0,0.0,274.3,-274.3
2480156,7,981346,LA CORDÁ DE PATERNA NB,HOME,2796302,P. Gabriel,SF,1508657,V. Saez Moreno,SF,2173687,M. Llompart Perello,SF,1687305,L. Segura Moreno,SF,2071471,P. Saravia Logroño,SF,0.9,53.0,0.0,3.0,-3.0,0.0,135.8,-135.8
2480156,7,981346,LA CORDÁ DE PATERNA NB,HOME,2796302,P. Gabriel,SF,1508657,V. Saez Moreno,SF,2173687,M. Llompart Perello,SF,2031045,M. Galiana Miralles,SF,2071471,P. Saravia Logroño,SF,0.3,18.0,0.0,2.0,-2.0,0.0,266.7,-266.7
2480156,7,981346,LA CORDÁ DE PATERNA NB,HOME,2796302,P. Gabriel,SF,1508657,V. Saez Moreno,SF,2173687,M. Llompart Perello,SF,2032313,C. Segura Moreno,SF,2031045,M. Galiana Miralles,SF,0.6,34.0,1.0,0.0,1.0,70.6,0.0,70.6
2480156,7,981346,LA CORDÁ DE PATERNA NB,HOME,2796302,P. Gabriel,SF,1632609,C. Che Tortola,SF,1687305,L. Segura Moreno,SF,2031045,M. Galiana Miralles,SF,2071471,P. Saravia Logroño,SF,3.1,194.0,8.0,3.0,5.0,99.0,37.1,61.9
2480156,7,981346,LA CORDÁ DE PATERNA NB,HOME,2796302,P. Gabriel,SF,1632609,C. Che Tortola,SF,2173687,M. Llompart Perello,SF,1687305,L. Segura Moreno,SF,2031045,M. Galiana Miralles,SF,0.2,14.0,0.0,0.0,0.0,0.0,0.0,0.0
2480156,7,981346,LA CORDÁ DE PATERNA NB,HOME,2796302,P. Gabriel,SF,1632609,C. Che Tortola,SF,2173687,M. Llompart Perello,SF,1687305,L. Segura Moreno,SF,2071471,P. Saravia Logroño,SF,1.5,88.0,2.0,3.0,-1.0,54.5,81.8,-27.3
2480156,7,981346,LA CORDÁ DE PATERNA NB,HOME,2796302,P. Gabriel,SF,1632609,C. Che Tortola,SF,2173687,M. Llompart Perello,SF,2031045,M. Galiana Miralles,SF,2071471,P. Saravia Logroño,SF,0.7,43.0,0.0,2.0,-2.0,0.0,111.6,-111.6
2480156,7,981346,LA CORDÁ DE PATERNA NB,HOME,2796302,P. Gabriel,SF,2163606,C. Sancho Mauri,SF,1632609,C. Che Tortola,SF,2230288,S. Davila Diaz De Ilarraza,SF,2071471,P. Saravia Logroño,SF,0.4,24.0,0.0,0.0,0.0,0.0,0.0,0.0
2480156,7,981346,LA CORDÁ DE PATERNA NB,HOME,2796302,P. Gabriel,SF,2173687,M. Llompart Perello,SF,1687305,L. Segura Moreno,SF,2031045,M. Galiana Miralles,SF,2071471,P. Saravia Logroño,SF,8.8,526.0,21.0,10.0,11.0,95.8,45.6,50.2
2480156,7,981346,LA CORDÁ DE PATERNA NB,HOME,2796302,P. Gabriel,SF,2173687,M. Llompart Perello,SF,1687305,L. Segura Moreno,SF,2032313,C. Segura Moreno,SF,2071471,P. Saravia Logroño,SF,3.1,193.0,3.0,0.0,3.0,37.3,0.0,37.3
2480156,7,981346,LA CORDÁ DE PATERNA NB,HOME,2796302,P. Gabriel,SF,2173687,M. Llompart Perello,SF,1687305,L. Segura Moreno,SF,2230288,S. Davila Diaz De Ilarraza,SF,2071471,P. Saravia Logroño,SF,0.9,57.0,0.0,3.0,-3.0,0.0,126.3,-126.3
2480156,7,981346,LA CORDÁ DE PATERNA NB,HOME,2796302,P. Gabriel,SF,2173687,M. Llompart Perello,SF,2032313,C. Segura Moreno,SF,2031045,M. Galiana Miralles,SF,2071471,P. Saravia Logroño,SF,0.6,34.0,0.0,0.0,0.0,0.0,0.0,0.0
2480156,7,981346,LA CORDÁ DE PATERNA NB,HOME,2796302,P. Gabriel,SF,2653963,A. Traore,SF,1632609,C. Che Tortola,SF,2173687,M. Llompart Perello,SF,2031045,M. Galiana Miralles,SF,0.5,31.0,0.0,0.0,0.0,0.0,0.0,0.0
2480156,7,981346,LA CORDÁ DE PATERNA NB,HOME,2796302,P. Gabriel,SF,2653963,A. Traore,SF,2173687,M. Llompart Perello,SF,2031045,M. Galiana Miralles,SF,2071471,P. Saravia Logroño,SF,0.6,39.0,0.0,2.0,-2.0,0.0,123.1,-123.1
2480157,7,979912,DOMUSA TEKNIK ISB,HOME,1721468,C. Villamor Aparicio,SF,2364470,G. Leaupepe,SF,2145033,A. Lizundia Arozena,SF,2818813,E. Lalotte,SF,2021400,M. Gutierrez Ibañez,SF,4.8,291.0,6.0,10.0,-4.0,49.5,82.5,-33.0
2480157,7,979912,DOMUSA TEKNIK ISB,HOME,1721468,C. Villamor Aparicio,SF,2735761,B. Tomancova,SF,1894119,S. Iparraguirre Alustiza,SF,1826917,J. Azcue Jauregui,SF,2021400,M. Gutierrez Ibañez,SF,5.2,316.0,10.0,2.0,8.0,75.9,15.2,60.8
2480157,7,979912,DOMUSA TEKNIK ISB,HOME,1894119,S. Iparraguirre Alustiza,SF,2735761,B. Tomancova,SF,1826917,J. Azcue Jauregui,SF,2021400,M. Gutierrez Ibañez,SF,2818816,I. Araújo Gouveia Vieira,SF,1.3,80.0,4.0,4.0,0.0,120.0,120.0,0.0
2480157,7,979912,DOMUSA TEKNIK ISB,HOME,1894119,S. Iparraguirre Alustiza,SF,2735761,B. Tomancova,SF,2145033,A. Lizundia Arozena,SF,2021400,M. Gutierrez Ibañez,SF,2818816,I. Araújo Gouveia Vieira,SF,0.4,25.0,0.0,0.0,0.0,0.0,0.0,0.0
2480157,7,979912,DOMUSA TEKNIK ISB,HOME,2137901,M. Otaegi Albizu,SF,2145033,A. Lizundia Arozena,SF,2818813,E. Lalotte,SF,2021400,M. Gutierrez Ibañez,SF,2818816,I. Araújo Gouveia Vieira,SF,1.3,77.0,4.0,3.0,1.0,124.7,93.5,31.2
2480157,7,979912,DOMUSA TEKNIK ISB,HOME,2364470,G. Leaupepe,SF,1826917,J. Azcue Jauregui,SF,2818813,E. Lalotte,SF,2021400,M. Gutierrez Ibañez,SF,2818816,I. Araújo Gouveia Vieira,SF,4.1,249.0,11.0,6.0,5.0,106.0,57.8,48.2
2480157,7,979912,DOMUSA TEKNIK ISB,HOME,2735761,B. Tomancova,SF,2364470,G. Leaupepe,SF,2145033,A. Lizundia Arozena,SF,2021400,M. Gutierrez Ibañez,SF,2818816,I. Araújo Gouveia Vieira,SF,1.9,110.0,3.0,2.0,1.0,65.5,43.6,21.8
2480157,7,979912,DOMUSA TEKNIK ISB,HOME,2818717,S. Van,SF,1721468,C. Villamor Aparicio,SF,1894119,S. Iparraguirre Alustiza,SF,1826917,J. Azcue Jauregui,SF,2818813,E. Lalotte,SF,1.8,107.0,4.0,5.0,-1.0,89.7,112.1,-22.4
2480157,7,979912,DOMUSA TEKNIK ISB,HOME,2818717,S. Van,SF,1721468,C. Villamor Aparicio,SF,1894119,S. Iparraguirre Alustiza,SF,2145033,A. Lizundia Arozena,SF,2818813,E. Lalotte,SF,0.6,34.0,0.0,0.0,0.0,0.0,0.0,0.0
2480157,7,979912,DOMUSA TEKNIK ISB,HOME,2818717,S. Van,SF,1721468,C. Villamor Aparicio,SF,2735761,B. Tomancova,SF,1894119,S. Iparraguirre Alustiza,SF,2145033,A. Lizundia Arozena,SF,0.8,46.0,2.0,3.0,-1.0,104.3,156.5,-52.2
2480157,7,979912,DOMUSA TEKNIK ISB,HOME,2818717,S. Van,SF,1721468,C. Villamor Aparicio,SF,2735761,B. Tomancova,SF,2364470,G. Leaupepe,SF,2145033,A. Lizundia Arozena,SF,2.4,144.0,2.0,6.0,-4.0,33.3,100.0,-66.7
2480157,7,979912,DOMUSA TEKNIK ISB,HOME,2818717,S. Van,SF,1826917,J. Azcue Jauregui,SF,2818813,E. Lalotte,SF,2137901,M. Otaegi Albizu,SF,2818816,I. Araújo Gouveia Vieira,SF,1.1,63.0,0.0,0.0,0.0,0.0,0.0,0.0
2480157,7,979912,DOMUSA TEKNIK ISB,HOME,2818717,S. Van,SF,1894119,S. Iparraguirre Alustiza,SF,1826917,J. Azcue Jauregui,SF,2818813,E. Lalotte,SF,2818816,I. Araújo Gouveia Vieira,SF,3.4,205.0,9.0,6.0,3.0,105.4,70.2,35.1
2480157,7,979912,DOMUSA TEKNIK ISB,HOME,2818717,S. Van,SF,1894119,S. Iparraguirre Alustiza,SF,2145033,A. Lizundia Arozena,SF,2818813,E. Lalotte,SF,2818816,I. Araújo Gouveia Vieira,SF,2.0,121.0,4.0,3.0,1.0,79.3,59.5,19.8
2480157,7,979912,DOMUSA TEKNIK ISB,HOME,2818717,S. Van,SF,2137901,M. Otaegi Albizu,SF,2145033,A. Lizundia Arozena,SF,2818813,E. Lalotte,SF,2818816,I. Araújo Gouveia Vieira,SF,2.7,160.0,6.0,5.0,1.0,90.0,75.0,15.0
2480157,7,979912,DOMUSA TEKNIK ISB,HOME,2818717,S. Van,SF,2735761,B. Tomancova,SF,1826917,J. Azcue Jauregui,SF,2137901,M. Otaegi Albizu,SF,2818816,I. Araújo Gouveia Vieira,SF,4.9,294.0,6.0,11.0,-5.0,49.0,89.8,-40.8
2480157,7,979912,DOMUSA TEKNIK ISB,HOME,2818717,S. Van,SF,2735761,B. Tomancova,SF,1894119,S. Iparraguirre Alustiza,SF,2145033,A. Lizundia Arozena,SF,2818816,I. Araújo Gouveia Vieira,SF,0.8,48.0,0.0,0.0,0.0,0.0,0.0,0.0
2480157,7,979912,DOMUSA TEKNIK ISB,HOME,2818717,S. Van,SF,2735761,B. Tomancova,SF,2364470,G. Leaupepe,SF,2145033,A. Lizundia Arozena,SF,2021400,M. Gutierrez Ibañez,SF,0.5,30.0,4.0,0.0,4.0,320.0,0.0,320.0
2480157,7,981208,ALTER ENERSUN AL-QÁZERES EXTREMADURA,AWAY,1860325,L. Fontela Cabaleiro,SF,2815153,V. Gauna,SF,1902336,N. Liste Alfonsin,SF,2432389,J. De Barros Filipe,SF,2815234,I. Tavares Ramos,SF,2.4,146.0,4.0,2.0,2.0,65.8,32.9,32.9
2480157,7,981208,ALTER ENERSUN AL-QÁZERES EXTREMADURA,AWAY,2735904,R. De Lima Viegas Laneiro,SF,1860325,L. Fontela Cabaleiro,SF,1902336,N. Liste Alfonsin,SF,1112483,L. Mendez Lamas,SF,2044012,C. Suárez Fernández,SF,3.1,186.0,6.0,7.0,-1.0,77.4,90.3,-12.9
2480157,7,981208,ALTER ENERSUN AL-QÁZERES EXTREMADURA,AWAY,2735904,R. De Lima Viegas Laneiro,SF,1860325,L. Fontela Cabaleiro,SF,1902336,N. Liste Alfonsin,SF,1112483,L. Mendez Lamas,SF,2815234,I. Tavares Ramos,SF,0.5,29.0,0.0,0.0,0.0,0.0,0.0,0.0
2480157,7,981208,ALTER ENERSUN AL-QÁZERES EXTREMADURA,AWAY,2735904,R. De Lima Viegas Laneiro,SF,1860325,L. Fontela Cabaleiro,SF,1902336,N. Liste Alfonsin,SF,2815234,I. Tavares Ramos,SF,2044012,C. Suárez Fernández,SF,0.8,51.0,0.0,2.0,-2.0,0.0,94.1,-94.1
2480157,7,981208,ALTER ENERSUN AL-QÁZERES EXTREMADURA,AWAY,2735904,R. De Lima Viegas Laneiro,SF,1860325,L. Fontela Cabaleiro,SF,2432389,J. De Barros Filipe,SF,1902336,N. Liste Alfonsin,SF,2815234,I. Tavares Ramos,SF,4.9,294.0,11.0,6.0,5.0,89.8,49.0,40.8
2480157,7,981208,ALTER ENERSUN AL-QÁZERES EXTREMADURA,AWAY,2735904,R. De Lima Viegas Laneiro,SF,1860325,L. Fontela Cabaleiro,SF,2815153,V. Gauna,SF,1112483,L. Mendez Lamas,SF,1902336,N. Liste Alfonsin,SF,3.2,192.0,2.0,7.0,-5.0,25.0,87.5,-62.5
2480157,7,981208,ALTER ENERSUN AL-QÁZERES EXTREMADURA,AWAY,2735904,R. De Lima Viegas Laneiro,SF,1860325,L. Fontela Cabaleiro,SF,2815153,V. Gauna,SF,1902336,N. Liste Alfonsin,SF,1112483,L. Mendez Lamas,SF,0.5,30.0,0.0,4.0,-4.0,0.0,320.0,-320.0
2480157,7,981208,ALTER ENERSUN AL-QÁZERES EXTREMADURA,AWAY,2735904,R. De Lima Viegas Laneiro,SF,1860325,L. Fontela Cabaleiro,SF,2815153,V. Gauna,SF,1902336,N. Liste Alfonsin,SF,2815234,I. Tavares Ramos,SF,4.1,242.0,10.0,10.0,0.0,99.2,99.2,0.0
2480157,7,981208,ALTER ENERSUN AL-QÁZERES EXTREMADURA,AWAY,2735904,R. De Lima Viegas Laneiro,SF,1902336,N. Liste Alfonsin,SF,2432389,J. De Barros Filipe,SF,1112483,L. Mendez Lamas,SF,1889214,C. Prieto Pereda,SF,1.6,97.0,1.0,4.0,-3.0,24.7,99.0,-74.2
2480157,7,981208,ALTER ENERSUN AL-QÁZERES EXTREMADURA,AWAY,2735904,R. De Lima Viegas Laneiro,SF,1902336,N. Liste Alfonsin,SF,2432389,J. De Barros Filipe,SF,2815234,I. Tavares Ramos,SF,1112483,L. Mendez Lamas,SF,7.9,471.0,11.0,16.0,-5.0,56.1,81.5,-25.5
2480157,7,981208,ALTER ENERSUN AL-QÁZERES EXTREMADURA,AWAY,2735904,R. De Lima Viegas Laneiro,SF,1902336,N. Liste Alfonsin,SF,2432389,J. De Barros Filipe,SF,2815234,I. Tavares Ramos,SF,2044012,C. Suárez Fernández,SF,1.9,114.0,2.0,4.0,-2.0,42.1,84.2,-42.1
2480157,7,981208,ALTER ENERSUN AL-QÁZERES EXTREMADURA,AWAY,2735904,R. De Lima Viegas Laneiro,SF,2815153,V. Gauna,SF,1112483,L. Mendez Lamas,SF,2432389,J. De Barros Filipe,SF,1902336,N. Liste Alfonsin,SF,1.9,114.0,7.0,4.0,3.0,147.4,84.2,63.2
2480157,7,981208,ALTER ENERSUN AL-QÁZERES EXTREMADURA,AWAY,2735904,R. De Lima Viegas Laneiro,SF,2815153,V. Gauna,SF,2432389,J. De Barros Filipe,SF,1902336,N. Liste Alfonsin,SF,2044012,C. Suárez Fernández,SF,1.4,87.0,4.0,5.0,-1.0,110.3,137.9,-27.6
2480157,7,981208,ALTER ENERSUN AL-QÁZERES EXTREMADURA,AWAY,2815153,V. Gauna,SF,1112483,L. Mendez Lamas,SF,2432389,J. De Barros Filipe,SF,1902336,N. Liste Alfonsin,SF,2815234,I. Tavares Ramos,SF,2.1,127.0,3.0,0.0,3.0,56.7,0.0,56.7
2480157,7,981208,ALTER ENERSUN AL-QÁZERES EXTREMADURA,AWAY,2815153,V. Gauna,SF,1902336,N. Liste Alfonsin,SF,2432389,J. De Barros Filipe,SF,2815234,I. Tavares Ramos,SF,1112483,L. Mendez Lamas,SF,1.3,79.0,0.0,0.0,0.0,0.0,0.0,0.0
2480157,7,981208,ALTER ENERSUN AL-QÁZERES EXTREMADURA,AWAY,2815153,V. Gauna,SF,2432389,J. De Barros Filipe,SF,1902336,N. Liste Alfonsin,SF,2815234,I. Tavares Ramos,SF,1889214,C. Prieto Pereda,SF,2.4,141.0,5.0,4.0,1.0,85.1,68.1,17.0
2480158,7,979919,RECOLETAS ZAMORA,AWAY,1599354,A. Tainta Lizalde,SF,2432306,F. Niski Castelao,SF,2239381,D. Angel Villen,SF,2561100,F. Pouye,SF,1259670,B. Sanchez Marrufo,SF,3.7,222.0,11.0,3.0,8.0,118.9,32.4,86.5
2480158,7,979919,RECOLETAS ZAMORA,AWAY,1599354,A. Tainta Lizalde,SF,2432306,F. Niski Castelao,SF,2239381,D. Angel Villen,SF,2734310,E. Resende Carregosa,SF,2110765,A. Perez Relancio,SF,1.8,107.0,2.0,4.0,-2.0,44.9,89.7,-44.9
2480158,7,979919,RECOLETAS ZAMORA,AWAY,1599354,A. Tainta Lizalde,SF,2432306,F. Niski Castelao,SF,2734310,E. Resende Carregosa,SF,2110765,A. Perez Relancio,SF,1259670,B. Sanchez Marrufo,SF,8.3,495.0,6.0,13.0,-7.0,29.1,63.0,-33.9
2480158,7,979919,RECOLETAS ZAMORA,AWAY,1599354,A. Tainta Lizalde,SF,2432306,F. Niski Castelao,SF,2734310,E. Resende Carregosa,SF,2561100,F. Pouye,SF,1259670,B. Sanchez Marrufo,SF,4.3,261.0,8.0,7.0,1.0,73.6,64.4,9.2
2480158,7,979919,RECOLETAS ZAMORA,AWAY,1599354,A. Tainta Lizalde,SF,2817152,F. Filor,SF,2239381,D. Angel Villen,SF,2734310,E. Resende Carregosa,SF,1259670,B. Sanchez Marrufo,SF,0.3,19.0,2.0,0.0,2.0,252.6,0.0,252.6
2480158,7,979919,RECOLETAS ZAMORA,AWAY,1599354,A. Tainta Lizalde,SF,2817152,F. Filor,SF,2239381,D. Angel Villen,SF,2734310,E. Resende Carregosa,SF,2561100,F. Pouye,SF,3.6,219.0,4.0,4.0,0.0,43.8,43.8,0.0
2480158,7,979919,RECOLETAS ZAMORA,AWAY,1599354,A. Tainta Lizalde,SF,2817152,F. Filor,SF,2432306,F. Niski Castelao,SF,2239381,D. Angel Villen,SF,2561100,F. Pouye,SF,5.2,309.0,9.0,10.0,-1.0,69.9,77.7,-7.8
2480158,7,979919,RECOLETAS ZAMORA,AWAY,1599354,A. Tainta Lizalde,SF,2817152,F. Filor,SF,2432306,F. Niski Castelao,SF,2561100,F. Pouye,SF,1259670,B. Sanchez Marrufo,SF,1.8,107.0,2.0,2.0,0.0,44.9,44.9,0.0
2480158,7,979919,RECOLETAS ZAMORA,AWAY,1599354,A. Tainta Lizalde,SF,2817152,F. Filor,SF,2432306,F. Niski Castelao,SF,2734310,E. Resende Carregosa,SF,1259670,B. Sanchez Marrufo,SF,2.8,168.0,8.0,2.0,6.0,114.3,28.6,85.7
2480158,7,979919,RECOLETAS ZAMORA,AWAY,1599354,A. Tainta Lizalde,SF,2817152,F. Filor,SF,2432306,F. Niski Castelao,SF,2734310,E. Resende Carregosa,SF,2110765,A. Perez Relancio,SF,8.3,493.0,18.0,19.0,-1.0,87.6,92.5,-4.9
2480158,7,981242,C.B. SANTFELIUENC,HOME,2056237,L. Salmeron Segu,SF,2151715,J. Nogués Martí,SF,2155489,X. Salzmann Romeu,SF,1752455,I. Conde Duran,SF,2816051,E. Tenbrock,SF,1.9,115.0,0.0,5.0,-5.0,0.0,104.3,-104.3
2480158,7,981242,C.B. SANTFELIUENC,HOME,2056237,L. Salmeron Segu,SF,2151715,J. Nogués Martí,SF,2816053,A. Tibe,SF,2155489,X. Salzmann Romeu,SF,1752455,I. Conde Duran,SF,0.2,14.0,0.0,2.0,-2.0,0.0,342.9,-342.9
2480158,7,981242,C.B. SANTFELIUENC,HOME,2056237,L. Salmeron Segu,SF,2151715,J. Nogués Martí,SF,2816766,A. Coulibaly,SF,2816053,A. Tibe,SF,2816051,E. Tenbrock,SF,0.9,53.0,0.0,2.0,-2.0,0.0,90.6,-90.6
2480158,7,981242,C.B. SANTFELIUENC,HOME,2056237,L. Salmeron Segu,SF,2151715,J. Nogués Martí,SF,2816766,A. Coulibaly,SF,2816669,A. Marotte,SF,2816051,E. Tenbrock,SF,2.6,154.0,6.0,4.0,2.0,93.5,62.3,31.2
2480158,7,981242,C.B. SANTFELIUENC,HOME,2056237,L. Salmeron Segu,SF,2748944,A. Meite,SF,2190844,S. Pares Vilaseca,SF,2816669,A. Marotte,SF,2816051,E. Tenbrock,SF,7.5,443.0,12.0,11.0,1.0,65.0,59.6,5.4
2480158,7,981242,C.B. SANTFELIUENC,HOME,2056237,L. Salmeron Segu,SF,2816053,A. Tibe,SF,2748944,A. Meite,SF,2190844,S. Pares Vilaseca,SF,2816669,A. Marotte,SF,1.0,58.0,4.0,5.0,-1.0,165.5,206.9,-41.4
2480158,7,981242,C.B. SANTFELIUENC,HOME,2056237,L. Salmeron Segu,SF,2816766,A. Coulibaly,SF,2190844,S. Pares Vilaseca,SF,2816669,A. Marotte,SF,2816051,E. Tenbrock,SF,1.7,100.0,0.0,4.0,-4.0,0.0,96.0,-96.0
2480158,7,981242,C.B. SANTFELIUENC,HOME,2056237,L. Salmeron Segu,SF,2816766,A. Coulibaly,SF,2816053,A. Tibe,SF,2190844,S. Pares Vilaseca,SF,2816669,A. Marotte,SF,2.8,170.0,5.0,4.0,1.0,70.6,56.5,14.1
2480158,7,981242,C.B. SANTFELIUENC,HOME,2151715,J. Nogués Martí,SF,2056237,L. Salmeron Segu,SF,2748944,A. Meite,SF,2816669,A. Marotte,SF,2816051,E. Tenbrock,SF,3.3,196.0,3.0,2.0,1.0,36.7,24.5,12.2
2480158,7,981242,C.B. SANTFELIUENC,HOME,2151715,J. Nogués Martí,SF,2056237,L. Salmeron Segu,SF,2816766,A. Coulibaly,SF,2816053,A. Tibe,SF,2816669,A. Marotte,SF,2.3,144.0,5.0,6.0,-1.0,83.3,100.0,-16.7
2480158,7,981242,C.B. SANTFELIUENC,HOME,2151715,J. Nogués Martí,SF,2056237,L. Salmeron Segu,SF,2816766,A. Coulibaly,SF,2816669,A. Marotte,SF,2816051,E. Tenbrock,SF,1.7,104.0,2.0,4.0,-2.0,46.2,92.3,-46.2
2480158,7,981242,C.B. SANTFELIUENC,HOME,2151715,J. Nogués Martí,SF,2816766,A. Coulibaly,SF,2816053,A. Tibe,SF,2190844,S. Pares Vilaseca,SF,2816669,A. Marotte,SF,6.3,380.0,16.0,9.0,7.0,101.1,56.8,44.2
2480158,7,981242,C.B. SANTFELIUENC,HOME,2816053,A. Tibe,SF,2155489,X. Salzmann Romeu,SF,2190844,S. Pares Vilaseca,SF,1752455,I. Conde Duran,SF,2073654,C. Gil Abad,SF,1.6,93.0,3.0,4.0,-1.0,77.4,103.2,-25.8
2480158,7,981242,C.B. SANTFELIUENC,HOME,2816766,A. Coulibaly,SF,2816053,A. Tibe,SF,2190844,S. Pares Vilaseca,SF,2816669,A. Marotte,SF,2073654,C. Gil Abad,SF,6.3,376.0,8.0,8.0,0.0,51.1,51.1,0.0
2480159,7,981213,AZULMARINO MALLORCA PALMA,AWAY,2791252,A. Bulgak,SF,1083354,M. España Almendro,SF,1865395,M. Garcia Mateo,SF,1434977,C. Grande Pardo,SF,1527601,I. Junio Mbulito,SF,6.1,369.0,18.0,8.0,10.0,117.1,52.0,65.0
2480159,7,981213,AZULMARINO MALLORCA PALMA,AWAY,2791252,A. Bulgak,SF,2793759,J. Asinde,SF,1083354,M. España Almendro,SF,1865395,M. Garcia Mateo,SF,1434977,C. Grande Pardo,SF,1.0,58.0,2.0,3.0,-1.0,82.8,124.1,-41.4
2480159,7,981213,AZULMARINO MALLORCA PALMA,AWAY,2791252,A. Bulgak,SF,2793759,J. Asinde,SF,2815892,A. Siciliano,SF,1083354,M. España Almendro,SF,1865395,M. Garcia Mateo,SF,33.0,1973.0,77.0,39.0,38.0,93.7,47.4,46.2
2480159,7,981356,BOSONIT UNIBASKET,HOME,1626810,C. Aldecoa Rodriguez,SF,2819119,T. Sedláková,SF,1678734,M. Llorente Ruiz,SF,1778980,I. Losada Gonzalez-Babe,SF,2735759,L. Van Schaik,SF,1.6,94.0,1.0,3.0,-2.0,25.5,76.6,-51.1
2480159,7,981356,BOSONIT UNIBASKET,HOME,1626810,C. Aldecoa Rodriguez,SF,2819119,T. Sedláková,SF,1778980,I. Losada Gonzalez-Babe,SF,2735759,L. Van Schaik,SF,2151019,N. Padrosa Mons,SF,3.4,202.0,3.0,7.0,-4.0,35.6,83.2,-47.5
2480159,7,981356,BOSONIT UNIBASKET,HOME,1626810,C. Aldecoa Rodriguez,SF,2819119,T. Sedláková,SF,2561556,C. Sañudo Trillo,SF,1778980,I. Losada Gonzalez-Babe,SF,2151019,N. Padrosa Mons,SF,1.3,79.0,2.0,8.0,-6.0,60.8,243.0,-182.3
2480159,7,981356,BOSONIT UNIBASKET,HOME,1626810,C. Aldecoa Rodriguez,SF,2819121,H. Forster,SF,1678734,M. Llorente Ruiz,SF,1778980,I. Losada Gonzalez-Babe,SF,2561556,C. Sañudo Trillo,SF,2.4,139.0,7.0,2.0,5.0,120.9,34.5,86.3
2480159,7,981356,BOSONIT UNIBASKET,HOME,1626810,C. Aldecoa Rodriguez,SF,2819121,H. Forster,SF,1678734,M. Llorente Ruiz,SF,1778980,I. Losada Gonzalez-Babe,SF,2735759,L. Van Schaik,SF,1.6,96.0,1.0,3.0,-2.0,25.0,75.0,-50.0
2480159,7,981356,BOSONIT UNIBASKET,HOME,1626810,C. Aldecoa Rodriguez,SF,2819121,H. Forster,SF,1678734,M. Llorente Ruiz,SF,2151019,N. Padrosa Mons,SF,2561444,L. Casas Martinez,SF,1.9,112.0,5.0,6.0,-1.0,107.1,128.6,-21.4
2480159,7,981356,BOSONIT UNIBASKET,HOME,1626810,C. Aldecoa Rodriguez,SF,2819121,H. Forster,SF,1778980,I. Losada Gonzalez-Babe,SF,2735759,L. Van Schaik,SF,2151019,N. Padrosa Mons,SF,1.1,68.0,0.0,6.0,-6.0,0.0,211.8,-211.8
2480159,7,981356,BOSONIT UNIBASKET,HOME,1626810,C. Aldecoa Rodriguez,SF,2819121,H. Forster,SF,2561556,C. Sañudo Trillo,SF,1778980,I. Losada Gonzalez-Babe,SF,2151019,N. Padrosa Mons,SF,1.9,117.0,2.0,5.0,-3.0,41.0,102.6,-61.5
2480159,7,981356,BOSONIT UNIBASKET,HOME,2819119,T. Sedláková,SF,1626810,C. Aldecoa Rodriguez,SF,1678734,M. Llorente Ruiz,SF,1778980,I. Losada Gonzalez-Babe,SF,2735759,L. Van Schaik,SF,0.9,57.0,2.0,1.0,1.0,84.2,42.1,42.1
2480159,7,981356,BOSONIT UNIBASKET,HOME,2819119,T. Sedláková,SF,1626810,C. Aldecoa Rodriguez,SF,1778980,I. Losada Gonzalez-Babe,SF,2405749,P. Cruz Prieto,SF,2735759,L. Van Schaik,SF,3.6,213.0,3.0,9.0,-6.0,33.8,101.4,-67.6
2480159,7,981356,BOSONIT UNIBASKET,HOME,2819119,T. Sedláková,SF,1626810,C. Aldecoa Rodriguez,SF,1778980,I. Losada Gonzalez-Babe,SF,2735759,L. Van Schaik,SF,2151019,N. Padrosa Mons,SF,3.3,198.0,6.0,8.0,-2.0,72.7,97.0,-24.2
2480159,7,981356,BOSONIT UNIBASKET,HOME,2819119,T. Sedláková,SF,1626810,C. Aldecoa Rodriguez,SF,2819121,H. Forster,SF,1678734,M. Llorente Ruiz,SF,2735759,L. Van Schaik,SF,1.9,117.0,0.0,7.0,-7.0,0.0,143.6,-143.6
2480159,7,981356,BOSONIT UNIBASKET,HOME,2819119,T. Sedláková,SF,1626810,C. Aldecoa Rodriguez,SF,2819121,H. Forster,SF,2405749,P. Cruz Prieto,SF,2735759,L. Van Schaik,SF,0.6,35.0,0.0,0.0,0.0,0.0,0.0,0.0
2480159,7,981356,BOSONIT UNIBASKET,HOME,2819119,T. Sedláková,SF,1626810,C. Aldecoa Rodriguez,SF,2819121,H. Forster,SF,2735759,L. Van Schaik,SF,2151019,N. Padrosa Mons,SF,2.3,136.0,4.0,3.0,1.0,70.6,52.9,17.6
2480159,7,981356,BOSONIT UNIBASKET,HOME,2819119,T. Sedláková,SF,1678734,M. Llorente Ruiz,SF,1778980,I. Losada Gonzalez-Babe,SF,2735759,L. Van Schaik,SF,2151019,N. Padrosa Mons,SF,4.1,246.0,9.0,6.0,3.0,87.8,58.5,29.3
2480159,7,981356,BOSONIT UNIBASKET,HOME,2819119,T. Sedláková,SF,2819121,H. Forster,SF,1678734,M. Llorente Ruiz,SF,2735759,L. Van Schaik,SF,2561556,C. Sañudo Trillo,SF,2.8,169.0,3.0,12.0,-9.0,42.6,170.4,-127.8
2480159,7,981356,BOSONIT UNIBASKET,HOME,2819119,T. Sedláková,SF,2819121,H. Forster,SF,2735759,L. Van Schaik,SF,2151019,N. Padrosa Mons,SF,2561556,C. Sañudo Trillo,SF,1.5,89.0,2.0,2.0,0.0,53.9,53.9,0.0
2480159,7,981356,BOSONIT UNIBASKET,HOME,2819121,H. Forster,SF,1678734,M. Llorente Ruiz,SF,1778980,I. Losada Gonzalez-Babe,SF,2151019,N. Padrosa Mons,SF,2561556,C. Sañudo Trillo,SF,3.1,185.0,0.0,6.0,-6.0,0.0,77.8,-77.8
2480159,7,981356,BOSONIT UNIBASKET,HOME,2819121,H. Forster,SF,1678734,M. Llorente Ruiz,SF,1778980,I. Losada Gonzalez-Babe,SF,2735759,L. Van Schaik,SF,2561556,C. Sañudo Trillo,SF,0.8,48.0,0.0,3.0,-3.0,0.0,150.0,-150.0
2480160,7,981306,CAJASOL BALONCESTO SEVILLA FEMENINO,AWAY,1679391,M. Martinez Carranza,SF,1758184,C. Sanchez Fernandez-Satorre,SF,1811227,C. Arfinengo Del Carpio,SF,1999405,N. Anitua Garcia,SF,2053354,F. Gassama Dansoko,SF,1.4,86.0,2.0,11.0,-9.0,55.8,307.0,-251.2
2480160,7,981306,CAJASOL BALONCESTO SEVILLA FEMENINO,AWAY,1679391,M. Martinez Carranza,SF,1758184,C. Sanchez Fernandez-Satorre,SF,2004240,N. Sanchez Robayo,SF,1993036,I. Rios Rus,SF,1811227,C. Arfinengo Del Carpio,SF,34.5,2057.0,47.0,80.0,-33.0,54.8,93.3,-38.5
2480160,7,981306,CAJASOL BALONCESTO SEVILLA FEMENINO,AWAY,1811227,C. Arfinengo Del Carpio,SF,1999405,N. Anitua Garcia,SF,2053354,F. Gassama Dansoko,SF,1522827,M. Recio Gonzalez,SF,1723585,A. Morales Sancho,SF,4.3,257.0,10.0,9.0,1.0,93.4,84.0,9.3
2480160,7,981334,UNICAJA MIJAS,HOME,1317227,C. Garcia Paunero,SF,1884837,M. Roters Dubinina,SF,1723860,S. Galeron Alvarez,SF,2012623,S. Lo Sylla,SF,1949233,A. Orois Aznarez,SF,1.2,72.0,2.0,5.0,-3.0,66.7,166.7,-100.0
2480160,7,981334,UNICAJA MIJAS,HOME,1317227,C. Garcia Paunero,SF,1884837,M. Roters Dubinina,SF,1723860,S. Galeron Alvarez,SF,2012623,S. Lo Sylla,SF,2207028,N. Merino Ruiz,SF,1.0,58.0,2.0,0.0,2.0,82.8,0.0,82.8
2480160,7,981334,UNICAJA MIJAS,HOME,1884837,M. Roters Dubinina,SF,1723860,S. Galeron Alvarez,SF,2012623,S. Lo Sylla,SF,1949233,A. Orois Aznarez,SF,2643500,C. Capellan Santana,SF,0.7,41.0,0.0,2.0,-2.0,0.0,117.1,-117.1
2480160,7,981334,UNICAJA MIJAS,HOME,1884837,M. Roters Dubinina,SF,1723860,S. Galeron Alvarez,SF,2012623,S. Lo Sylla,SF,2207028,N. Merino Ruiz,SF,1949233,A. Orois Aznarez,SF,0.6,36.0,1.0,0.0,1.0,66.7,0.0,66.7
2480160,7,981334,UNICAJA MIJAS,HOME,1884837,M. Roters Dubinina,SF,1723860,S. Galeron Alvarez,SF,2012623,S. Lo Sylla,SF,2207028,N. Merino Ruiz,SF,2643500,C. Capellan Santana,SF,4.2,252.0,15.0,5.0,10.0,142.9,47.6,95.2
2480160,7,981334,UNICAJA MIJAS,HOME,2096249,T. Eke Benitez,SF,1317227,C. Garcia Paunero,SF,1884837,M. Roters Dubinina,SF,2814756,C. Zimmerman,SF,2207028,N. Merino Ruiz,SF,5.7,343.0,20.0,8.0,12.0,139.9,56.0,84.0
2480160,7,981334,UNICAJA MIJAS,HOME,2096249,T. Eke Benitez,SF,1884837,M. Roters Dubinina,SF,1723860,S. Galeron Alvarez,SF,2207028,N. Merino Ruiz,SF,2643500,C. Capellan Santana,SF,1.4,82.0,2.0,0.0,2.0,58.5,0.0,58.5
2480160,7,981334,UNICAJA MIJAS,HOME,2096249,T. Eke Benitez,SF,2814756,C. Zimmerman,SF,1317227,C. Garcia Paunero,SF,1884837,M. Roters Dubinina,SF,1954737,E. Puiggros Rovira,SF,5.1,306.0,14.0,12.0,2.0,109.8,94.1,15.7
2480160,7,981334,UNICAJA MIJAS,HOME,2096249,T. Eke Benitez,SF,2814756,C. Zimmerman,SF,1317227,C. Garcia Paunero,SF,1884837,M. Roters Dubinina,SF,2207028,N. Merino Ruiz,SF,6.4,380.0,7.0,6.0,1.0,44.2,37.9,6.3
2480160,7,981334,UNICAJA MIJAS,HOME,2643500,C. Capellan Santana,SF,1317227,C. Garcia Paunero,SF,1884837,M. Roters Dubinina,SF,1723860,S. Galeron Alvarez,SF,2012623,S. Lo Sylla,SF,2.3,137.0,5.0,5.0,0.0,87.6,87.6,0.0
2480160,7,981334,UNICAJA MIJAS,HOME,2643500,C. Capellan Santana,SF,1884837,M. Roters Dubinina,SF,1723860,S. Galeron Alvarez,SF,2012623,S. Lo Sylla,SF,2207028,N. Merino Ruiz,SF,4.1,246.0,9.0,10.0,-1.0,87.8,97.6,-9.8
2480160,7,981334,UNICAJA MIJAS,HOME,2643500,C. Capellan Santana,SF,1884837,M. Roters Dubinina,SF,2413042,C. Guillen Uriguen,SF,2012623,S. Lo Sylla,SF,2207028,N. Merino Ruiz,SF,4.6,273.0,10.0,6.0,4.0,87.9,52.7,35.2
2480160,7,981334,UNICAJA MIJAS,HOME,2643500,C. Capellan Santana,SF,2814756,C. Zimmerman,SF,1317227,C. Garcia Paunero,SF,1884837,M. Roters Dubinina,SF,2012623,S. Lo Sylla,SF,0.2,10.0,0.0,0.0,0.0,0.0,0.0,0.0
2480160,7,981334,UNICAJA MIJAS,HOME,2814756,C. Zimmerman,SF,1317227,C. Garcia Paunero,SF,1884837,M. Roters Dubinina,SF,2012623,S. Lo Sylla,SF,1949233,A. Orois Aznarez,SF,0.6,37.0,6.0,0.0,6.0,389.2,0.0,389.2
2480160,7,981334,UNICAJA MIJAS,HOME,2814756,C. Zimmerman,SF,1317227,C. Garcia Paunero,SF,1884837,M. Roters Dubinina,SF,2012623,S. Lo Sylla,SF,2207028,N. Merino Ruiz,SF,2.1,127.0,7.0,0.0,7.0,132.3,0.0,132.3
2480161,8,981206,MCR LIMA-HORTA BARCELONA,AWAY,1908281,M. Aguado Tortella,SF,1958425,L. Roig I Salrach,SF,1959765,J. Rueda Choni,SF,1968768,I. Subirats Teruel,SF,1886093,E. Escuder Gonzalez,SF,1.9,112.0,5.0,9.0,-4.0,107.1,192.9,-85.7
2480161,8,981206,MCR LIMA-HORTA BARCELONA,AWAY,1908281,M. Aguado Tortella,SF,1958425,L. Roig I Salrach,SF,1959765,J. Rueda Choni,SF,1968768,I. Subirats Teruel,SF,1912814,N. Barrientos Pereira,SF,0.7,41.0,0.0,0.0,0.0,0.0,0.0,0.0
2480161,8,981206,MCR LIMA-HORTA BARCELONA,AWAY,1908281,M. Aguado Tortella,SF,1959765,J. Rueda Choni,SF,1968768,I. Subirats Teruel,SF,1958425,L. Roig I Salrach,SF,1886093,E. Escuder Gonzalez,SF,1.1,67.0,3.0,3.0,0.0,107.5,107.5,0.0
2480161,8,981206,MCR LIMA-HORTA BARCELONA,AWAY,1908281,M. Aguado Tortella,SF,1959765,J. Rueda Choni,SF,1968768,I. Subirats Teruel,SF,1958425,L. Roig I Salrach,SF,1912814,N. Barrientos Pereira,SF,0.8,46.0,4.0,0.0,4.0,208.7,0.0,208.7
2480161,8,981206,MCR LIMA-HORTA BARCELONA,AWAY,1908281,M. Aguado Tortella,SF,1968768,I. Subirats Teruel,SF,1958425,L. Roig I Salrach,SF,1886093,E. Escuder Gonzalez,SF,1912814,N. Barrientos Pereira,SF,1.0,66.0,3.0,0.0,3.0,109.1,0.0,109.1
2480161,8,981206,MCR LIMA-HORTA BARCELONA,AWAY,1908281,M. Aguado Tortella,SF,2828941,K. Clark,SF,1959765,J. Rueda Choni,SF,1958425,L. Roig I Salrach,SF,1912814,N. Barrientos Pereira,SF,2.4,145.0,3.0,3.0,0.0,49.7,49.7,0.0
2480161,8,981206,MCR LIMA-HORTA BARCELONA,AWAY,1908281,M. Aguado Tortella,SF,2828941,K. Clark,SF,1959765,J. Rueda Choni,SF,1968768,I. Subirats Teruel,SF,1958425,L. Roig I Salrach,SF,1.9,116.0,2.0,4.0,-2.0,41.4,82.8,-41.4
2480161,8,981206,MCR LIMA-HORTA BARCELONA,AWAY,1959765,J. Rueda Choni,SF,1968768,I. Subirats Teruel,SF,1958425,L. Roig I Salrach,SF,1886093,E. Escuder Gonzalez,SF,1912814,N. Barrientos Pereira,SF,0.5,28.0,3.0,2.0,1.0,257.1,171.4,85.7
2480161,8,981206,MCR LIMA-HORTA BARCELONA,AWAY,1959765,J. Rueda Choni,SF,1968768,I. Subirats Teruel,SF,1958425,L. Roig I Salrach,SF,1886093,E. Escuder Gonzalez,SF,2042157,C. Ripoll Moya,SF,2.4,145.0,2.0,7.0,-5.0,33.1,115.9,-82.8
2480161,8,981206,MCR LIMA-HORTA BARCELONA,AWAY,2235190,E. Morales López,SF,1908281,M. Aguado Tortella,SF,1958425,L. Roig I Salrach,SF,1959765,J. Rueda Choni,SF,1886093,E. Escuder Gonzalez,SF,4.8,285.0,13.0,9.0,4.0,109.5,75.8,33.7
2480161,8,981206,MCR LIMA-HORTA BARCELONA,AWAY,2235190,E. Morales López,SF,1908281,M. Aguado Tortella,SF,1958425,L. Roig I Salrach,SF,1959765,J. Rueda Choni,SF,1968768,I. Subirats Teruel,SF,2.4,144.0,3.0,2.0,1.0,50.0,33.3,16.7
2480161,8,981206,MCR LIMA-HORTA BARCELONA,AWAY,2235190,E. Morales López,SF,1908281,M. Aguado Tortella,SF,1958425,L. Roig I Salrach,SF,1968768,I. Subirats Teruel,SF,1912814,N. Barrientos Pereira,SF,0.9,55.0,2.0,0.0,2.0,87.3,0.0,87.3
2480161,8,981206,MCR LIMA-HORTA BARCELONA,AWAY,2235190,E. Morales López,SF,1908281,M. Aguado Tortella,SF,1959765,J. Rueda Choni,SF,1968768,I. Subirats Teruel,SF,1886093,E. Escuder Gonzalez,SF,0.1,3.0,0.0,0.0,0.0,0.0,0.0,0.0
2480161,8,981206,MCR LIMA-HORTA BARCELONA,AWAY,2235190,E. Morales López,SF,1908281,M. Aguado Tortella,SF,1959765,J. Rueda Choni,SF,1968768,I. Subirats Teruel,SF,1912814,N. Barrientos Pereira,SF,6.4,382.0,17.0,15.0,2.0,106.8,94.2,12.6
2480161,8,981206,MCR LIMA-HORTA BARCELONA,AWAY,2235190,E. Morales López,SF,1908281,M. Aguado Tortella,SF,1959765,J. Rueda Choni,SF,1968768,I. Subirats Teruel,SF,1958425,L. Roig I Salrach,SF,4.7,284.0,8.0,10.0,-2.0,67.6,84.5,-16.9
2480161,8,981206,MCR LIMA-HORTA BARCELONA,AWAY,2235190,E. Morales López,SF,1958425,L. Roig I Salrach,SF,1959765,J. Rueda Choni,SF,1886093,E. Escuder Gonzalez,SF,1912814,N. Barrientos Pereira,SF,0.7,40.0,0.0,2.0,-2.0,0.0,120.0,-120.0
2480161,8,981206,MCR LIMA-HORTA BARCELONA,AWAY,2235190,E. Morales López,SF,1958425,L. Roig I Salrach,SF,1959765,J. Rueda Choni,SF,1968768,I. Subirats Teruel,SF,1912814,N. Barrientos Pereira,SF,2.6,157.0,7.0,2.0,5.0,107.0,30.6,76.4
2480161,8,981206,MCR LIMA-HORTA BARCELONA,AWAY,2235190,E. Morales López,SF,1958425,L. Roig I Salrach,SF,1959765,J. Rueda Choni,SF,1968768,I. Subirats Teruel,SF,2042157,C. Ripoll Moya,SF,2.7,162.0,3.0,1.0,2.0,44.4,14.8,29.6
2480161,8,981206,MCR LIMA-HORTA BARCELONA,AWAY,2235190,E. Morales López,SF,1959765,J. Rueda Choni,SF,1968768,I. Subirats Teruel,SF,1886093,E. Escuder Gonzalez,SF,1912814,N. Barrientos Pereira,SF,2.0,122.0,5.0,8.0,-3.0,98.4,157.4,-59.0
2480161,8,981306,CAJASOL BALONCESTO SEVILLA FEMENINO,HOME,1679391,M. Martinez Carranza,SF,1758184,C. Sanchez Fernandez-Satorre,SF,2004240,N. Sanchez Robayo,SF,1999405,N. Anitua Garcia,SF,1811227,C. Arfinengo Del Carpio,SF,29.2,1743.0,60.0,63.0,-3.0,82.6,86.7,-4.1
2480161,8,981306,CAJASOL BALONCESTO SEVILLA FEMENINO,HOME,1679391,M. Martinez Carranza,SF,1758184,C. Sanchez Fernandez-Satorre,SF,2004240,N. Sanchez Robayo,SF,1999405,N. Anitua Garcia,SF,2053354,F. Gassama Dansoko,SF,7.2,441.0,11.0,12.0,-1.0,59.9,65.3,-5.4
2480161,8,981306,CAJASOL BALONCESTO SEVILLA FEMENINO,HOME,1679391,M. Martinez Carranza,SF,2004240,N. Sanchez Robayo,SF,1999405,N. Anitua Garcia,SF,2053354,F. Gassama Dansoko,SF,1723585,A. Morales Sancho,SF,3.6,216.0,6.0,8.0,-2.0,66.7,88.9,-22.2
2480162,8,981213,AZULMARINO MALLORCA PALMA,HOME,2791252,A. Bulgak,SF,1083354,M. España Almendro,SF,1865395,M. Garcia Mateo,SF,1434977,C. Grande Pardo,SF,1527601,I. Junio Mbulito,SF,7.5,450.0,15.0,8.0,7.0,80.0,42.7,37.3
2480162,8,981213,AZULMARINO MALLORCA PALMA,HOME,2791252,A. Bulgak,SF,2793759,J. Asinde,SF,1083354,M. España Almendro,SF,1865395,M. Garcia Mateo,SF,1434977,C. Grande Pardo,SF,0.9,56.0,2.0,0.0,2.0,85.7,0.0,85.7
2480162,8,981213,AZULMARINO MALLORCA PALMA,HOME,2791252,A. Bulgak,SF,2793759,J. Asinde,SF,2815892,A. Siciliano,SF,1083354,M. España Almendro,SF,1865395,M. Garcia Mateo,SF,31.8,1894.0,57.0,53.0,4.0,72.2,67.2,5.1
2480162,8,981334,UNICAJA MIJAS,AWAY,1317227,C. Garcia Paunero,SF,1884837,M. Roters Dubinina,SF,1723860,S. Galeron Alvarez,SF,2012623,S. Lo Sylla,SF,2643500,C. Capellan Santana,SF,0.2,13.0,0.0,0.0,0.0,0.0,0.0,0.0
2480162,8,981334,UNICAJA MIJAS,AWAY,1884837,M. Roters Dubinina,SF,1723860,S. Galeron Alvarez,SF,2012623,S. Lo Sylla,SF,1949233,A. Orois Aznarez,SF,2643500,C. Capellan Santana,SF,6.9,415.0,13.0,13.0,0.0,75.2,75.2,0.0
2480162,8,981334,UNICAJA MIJAS,AWAY,1884837,M. Roters Dubinina,SF,1723860,S. Galeron Alvarez,SF,2012623,S. Lo Sylla,SF,2643500,C. Capellan Santana,SF,1994192,E. Moreno Fernandez,SF,2.0,116.0,1.0,2.0,-1.0,20.7,41.4,-20.7
2480162,8,981334,UNICAJA MIJAS,AWAY,2096249,T. Eke Benitez,SF,1884837,M. Roters Dubinina,SF,1723860,S. Galeron Alvarez,SF,1949233,A. Orois Aznarez,SF,2643500,C. Capellan Santana,SF,2.4,143.0,3.0,6.0,-3.0,50.3,100.7,-50.3
2480162,8,981334,UNICAJA MIJAS,AWAY,2096249,T. Eke Benitez,SF,1884837,M. Roters Dubinina,SF,1723860,S. Galeron Alvarez,SF,2643500,C. Capellan Santana,SF,1994192,E. Moreno Fernandez,SF,4.5,271.0,13.0,11.0,2.0,115.1,97.4,17.7
2480162,8,981334,UNICAJA MIJAS,AWAY,2096249,T. Eke Benitez,SF,2814756,C. Zimmerman,SF,1317227,C. Garcia Paunero,SF,1884837,M. Roters Dubinina,SF,1949233,A. Orois Aznarez,SF,0.9,56.0,2.0,1.0,1.0,85.7,42.9,42.9
2480162,8,981334,UNICAJA MIJAS,AWAY,2096249,T. Eke Benitez,SF,2814756,C. Zimmerman,SF,1317227,C. Garcia Paunero,SF,1884837,M. Roters Dubinina,SF,1954737,E. Puiggros Rovira,SF,8.4,506.0,12.0,19.0,-7.0,56.9,90.1,-33.2
2480162,8,981334,UNICAJA MIJAS,AWAY,2096249,T. Eke Benitez,SF,2814756,C. Zimmerman,SF,1317227,C. Garcia Paunero,SF,1884837,M. Roters Dubinina,SF,2643500,C. Capellan Santana,SF,3.8,227.0,5.0,6.0,-1.0,52.9,63.4,-10.6
2480162,8,981334,UNICAJA MIJAS,AWAY,2096249,T. Eke Benitez,SF,2814756,C. Zimmerman,SF,1884837,M. Roters Dubinina,SF,1949233,A. Orois Aznarez,SF,1994192,E. Moreno Fernandez,SF,0.5,27.0,0.0,0.0,0.0,0.0,0.0,0.0
2480162,8,981334,UNICAJA MIJAS,AWAY,2096249,T. Eke Benitez,SF,2814756,C. Zimmerman,SF,1884837,M. Roters Dubinina,SF,1949233,A. Orois Aznarez,SF,2643500,C. Capellan Santana,SF,1.1,63.0,0.0,2.0,-2.0,0.0,76.2,-76.2
2480162,8,981334,UNICAJA MIJAS,AWAY,2096249,T. Eke Benitez,SF,2814756,C. Zimmerman,SF,1884837,M. Roters Dubinina,SF,2643500,C. Capellan Santana,SF,1994192,E. Moreno Fernandez,SF,1.0,60.0,2.0,5.0,-3.0,80.0,200.0,-120.0
2480162,8,981334,UNICAJA MIJAS,AWAY,2814756,C. Zimmerman,SF,1317227,C. Garcia Paunero,SF,1884837,M. Roters Dubinina,SF,2012623,S. Lo Sylla,SF,1949233,A. Orois Aznarez,SF,0.3,19.0,0.0,2.0,-2.0,0.0,252.6,-252.6
2480162,8,981334,UNICAJA MIJAS,AWAY,2814756,C. Zimmerman,SF,1317227,C. Garcia Paunero,SF,1884837,M. Roters Dubinina,SF,2012623,S. Lo Sylla,SF,1954737,E. Puiggros Rovira,SF,7.5,445.0,10.0,7.0,3.0,53.9,37.8,16.2
2480162,8,981334,UNICAJA MIJAS,AWAY,2814756,C. Zimmerman,SF,1317227,C. Garcia Paunero,SF,1884837,M. Roters Dubinina,SF,2012623,S. Lo Sylla,SF,2643500,C. Capellan Santana,SF,0.7,39.0,0.0,0.0,0.0,0.0,0.0,0.0
2480163,8,979919,RECOLETAS ZAMORA,HOME,1599354,A. Tainta Lizalde,SF,1942017,A. Martin Tejedor,SF,2110765,A. Perez Relancio,SF,1259670,B. Sanchez Marrufo,SF,2047146,M. Fernandez Muñoz,SF,1.3,78.0,4.0,3.0,1.0,123.1,92.3,30.8
2480163,8,979919,RECOLETAS ZAMORA,HOME,1599354,A. Tainta Lizalde,SF,1942017,A. Martin Tejedor,SF,2239381,D. Angel Villen,SF,2110765,A. Perez Relancio,SF,1259670,B. Sanchez Marrufo,SF,1.9,115.0,2.0,7.0,-5.0,41.7,146.1,-104.3
2480163,8,979919,RECOLETAS ZAMORA,HOME,1599354,A. Tainta Lizalde,SF,1942017,A. Martin Tejedor,SF,2239381,D. Angel Villen,SF,2561100,F. Pouye,SF,1259670,B. Sanchez Marrufo,SF,0.6,36.0,3.0,2.0,1.0,200.0,133.3,66.7
2480163,8,979919,RECOLETAS ZAMORA,HOME,1599354,A. Tainta Lizalde,SF,1942017,A. Martin Tejedor,SF,2239381,D. Angel Villen,SF,2734310,E. Resende Carregosa,SF,2110765,A. Perez Relancio,SF,3.5,210.0,4.0,3.0,1.0,45.7,34.3,11.4
2480163,8,979919,RECOLETAS ZAMORA,HOME,1599354,A. Tainta Lizalde,SF,1942017,A. Martin Tejedor,SF,2239381,D. Angel Villen,SF,2734310,E. Resende Carregosa,SF,2561100,F. Pouye,SF,0.4,22.0,2.0,0.0,2.0,218.2,0.0,218.2
2480163,8,979919,RECOLETAS ZAMORA,HOME,1599354,A. Tainta Lizalde,SF,1942017,A. Martin Tejedor,SF,2561100,F. Pouye,SF,1259670,B. Sanchez Marrufo,SF,2047146,M. Fernandez Muñoz,SF,8.3,498.0,16.0,11.0,5.0,77.1,53.0,24.1
2480163,8,979919,RECOLETAS ZAMORA,HOME,1599354,A. Tainta Lizalde,SF,1942017,A. Martin Tejedor,SF,2561100,F. Pouye,SF,2734310,E. Resende Carregosa,SF,1259670,B. Sanchez Marrufo,SF,3.6,216.0,4.0,7.0,-3.0,44.4,77.8,-33.3
2480163,8,979919,RECOLETAS ZAMORA,HOME,1599354,A. Tainta Lizalde,SF,1942017,A. Martin Tejedor,SF,2561100,F. Pouye,SF,2734310,E. Resende Carregosa,SF,2110765,A. Perez Relancio,SF,3.5,205.0,7.0,5.0,2.0,82.0,58.5,23.4
2480163,8,979919,RECOLETAS ZAMORA,HOME,1599354,A. Tainta Lizalde,SF,1942017,A. Martin Tejedor,SF,2734310,E. Resende Carregosa,SF,2110765,A. Perez Relancio,SF,1259670,B. Sanchez Marrufo,SF,1.7,103.0,4.0,2.0,2.0,93.2,46.6,46.6
2480163,8,979919,RECOLETAS ZAMORA,HOME,1599354,A. Tainta Lizalde,SF,1942017,A. Martin Tejedor,SF,2734310,E. Resende Carregosa,SF,2561100,F. Pouye,SF,1259670,B. Sanchez Marrufo,SF,3.7,222.0,8.0,3.0,5.0,86.5,32.4,54.1
2480163,8,979919,RECOLETAS ZAMORA,HOME,1599354,A. Tainta Lizalde,SF,2817152,F. Filor,SF,1942017,A. Martin Tejedor,SF,2239381,D. Angel Villen,SF,2734310,E. Resende Carregosa,SF,1.5,92.0,0.0,2.0,-2.0,0.0,52.2,-52.2
2480163,8,979919,RECOLETAS ZAMORA,HOME,1599354,A. Tainta Lizalde,SF,2817152,F. Filor,SF,1942017,A. Martin Tejedor,SF,2561100,F. Pouye,SF,2047146,M. Fernandez Muñoz,SF,0.5,28.0,0.0,0.0,0.0,0.0,0.0,0.0
2480163,8,979919,RECOLETAS ZAMORA,HOME,1599354,A. Tainta Lizalde,SF,2817152,F. Filor,SF,1942017,A. Martin Tejedor,SF,2561100,F. Pouye,SF,2734310,E. Resende Carregosa,SF,2.7,163.0,3.0,9.0,-6.0,44.2,132.5,-88.3
2480163,8,979919,RECOLETAS ZAMORA,HOME,1599354,A. Tainta Lizalde,SF,2817152,F. Filor,SF,1942017,A. Martin Tejedor,SF,2734310,E. Resende Carregosa,SF,1259670,B. Sanchez Marrufo,SF,0.3,15.0,0.0,2.0,-2.0,0.0,320.0,-320.0
2480163,8,979919,RECOLETAS ZAMORA,HOME,1599354,A. Tainta Lizalde,SF,2817152,F. Filor,SF,1942017,A. Martin Tejedor,SF,2734310,E. Resende Carregosa,SF,2110765,A. Perez Relancio,SF,3.0,175.0,4.0,0.0,4.0,54.9,0.0,54.9
2480163,8,979919,RECOLETAS ZAMORA,HOME,1599354,A. Tainta Lizalde,SF,2817152,F. Filor,SF,2239381,D. Angel Villen,SF,2734310,E. Resende Carregosa,SF,2110765,A. Perez Relancio,SF,3.7,222.0,3.0,5.0,-2.0,32.4,54.1,-21.6
2480163,8,981356,BOSONIT UNIBASKET,AWAY,1626810,C. Aldecoa Rodriguez,SF,1834784,E. Florez Pascual,SF,1778980,I. Losada Gonzalez-Babe,SF,2735759,L. Van Schaik,SF,1821692,M. Alonso Guadaño,SF,0.1,3.0,2.0,0.0,2.0,1600.0,0.0,1600.0
2480163,8,981356,BOSONIT UNIBASKET,AWAY,1626810,C. Aldecoa Rodriguez,SF,1834784,E. Florez Pascual,SF,2819119,T. Sedláková,SF,1678734,M. Llorente Ruiz,SF,1821692,M. Alonso Guadaño,SF,1.4,84.0,3.0,4.0,-1.0,85.7,114.3,-28.6
2480163,8,981356,BOSONIT UNIBASKET,AWAY,1626810,C. Aldecoa Rodriguez,SF,1834784,E. Florez Pascual,SF,2819119,T. Sedláková,SF,2735759,L. Van Schaik,SF,1821692,M. Alonso Guadaño,SF,5.3,316.0,12.0,12.0,0.0,91.1,91.1,0.0
2480163,8,981356,BOSONIT UNIBASKET,AWAY,1626810,C. Aldecoa Rodriguez,SF,1834784,E. Florez Pascual,SF,2819119,T. Sedláková,SF,2735759,L. Van Schaik,SF,2151019,N. Padrosa Mons,SF,2.8,166.0,5.0,0.0,5.0,72.3,0.0,72.3
2480163,8,981356,BOSONIT UNIBASKET,AWAY,1626810,C. Aldecoa Rodriguez,SF,1834784,E. Florez Pascual,SF,2819121,H. Forster,SF,2735759,L. Van Schaik,SF,1821692,M. Alonso Guadaño,SF,1.1,65.0,0.0,3.0,-3.0,0.0,110.8,-110.8
2480163,8,981356,BOSONIT UNIBASKET,AWAY,1626810,C. Aldecoa Rodriguez,SF,2819119,T. Sedláková,SF,1678734,M. Llorente Ruiz,SF,1778980,I. Losada Gonzalez-Babe,SF,2151019,N. Padrosa Mons,SF,3.4,204.0,2.0,0.0,2.0,23.5,0.0,23.5
2480163,8,981356,BOSONIT UNIBASKET,AWAY,1626810,C. Aldecoa Rodriguez,SF,2819119,T. Sedláková,SF,1778980,I. Losada Gonzalez-Babe,SF,2735759,L. Van Schaik,SF,1821692,M. Alonso Guadaño,SF,0.2,12.0,0.0,0.0,0.0,0.0,0.0,0.0
2480163,8,981356,BOSONIT UNIBASKET,AWAY,1626810,C. Aldecoa Rodriguez,SF,2819119,T. Sedláková,SF,1778980,I. Losada Gonzalez-Babe,SF,2735759,L. Van Schaik,SF,2151019,N. Padrosa Mons,SF,1.6,92.0,2.0,7.0,-5.0,52.2,182.6,-130.4
2480163,8,981356,BOSONIT UNIBASKET,AWAY,1626810,C. Aldecoa Rodriguez,SF,2819119,T. Sedláková,SF,1834784,E. Florez Pascual,SF,1678734,M. Llorente Ruiz,SF,1778980,I. Losada Gonzalez-Babe,SF,0.3,18.0,0.0,0.0,0.0,0.0,0.0,0.0
2480163,8,981356,BOSONIT UNIBASKET,AWAY,1626810,C. Aldecoa Rodriguez,SF,2819119,T. Sedláková,SF,1834784,E. Florez Pascual,SF,2735759,L. Van Schaik,SF,1821692,M. Alonso Guadaño,SF,3.7,228.0,7.0,6.0,1.0,73.7,63.2,10.5
2480163,8,981356,BOSONIT UNIBASKET,AWAY,1626810,C. Aldecoa Rodriguez,SF,2819121,H. Forster,SF,1678734,M. Llorente Ruiz,SF,1778980,I. Losada Gonzalez-Babe,SF,1821692,M. Alonso Guadaño,SF,0.9,54.0,5.0,2.0,3.0,222.2,88.9,133.3
2480163,8,981356,BOSONIT UNIBASKET,AWAY,1626810,C. Aldecoa Rodriguez,SF,2819121,H. Forster,SF,1678734,M. Llorente Ruiz,SF,1778980,I. Losada Gonzalez-Babe,SF,2151019,N. Padrosa Mons,SF,2.0,118.0,2.0,4.0,-2.0,40.7,81.4,-40.7
2480163,8,981356,BOSONIT UNIBASKET,AWAY,1626810,C. Aldecoa Rodriguez,SF,2819121,H. Forster,SF,1778980,I. Losada Gonzalez-Babe,SF,2735759,L. Van Schaik,SF,1821692,M. Alonso Guadaño,SF,1.4,82.0,1.0,2.0,-1.0,29.3,58.5,-29.3
2480163,8,981356,BOSONIT UNIBASKET,AWAY,1626810,C. Aldecoa Rodriguez,SF,2819121,H. Forster,SF,1834784,E. Florez Pascual,SF,1678734,M. Llorente Ruiz,SF,2151019,N. Padrosa Mons,SF,1.7,103.0,4.0,3.0,1.0,93.2,69.9,23.3
2480163,8,981356,BOSONIT UNIBASKET,AWAY,1626810,C. Aldecoa Rodriguez,SF,2819121,H. Forster,SF,1834784,E. Florez Pascual,SF,2735759,L. Van Schaik,SF,1821692,M. Alonso Guadaño,SF,2.0,123.0,6.0,4.0,2.0,117.1,78.0,39.0
2480163,8,981356,BOSONIT UNIBASKET,AWAY,1626810,C. Aldecoa Rodriguez,SF,2819121,H. Forster,SF,1834784,E. Florez Pascual,SF,2735759,L. Van Schaik,SF,2151019,N. Padrosa Mons,SF,0.4,24.0,0.0,4.0,-4.0,0.0,400.0,-400.0
2480163,8,981356,BOSONIT UNIBASKET,AWAY,1626810,C. Aldecoa Rodriguez,SF,2819121,H. Forster,SF,2735759,L. Van Schaik,SF,2151019,N. Padrosa Mons,SF,1834784,E. Florez Pascual,SF,1.9,112.0,0.0,2.0,-2.0,0.0,42.9,-42.9
2480163,8,981356,BOSONIT UNIBASKET,AWAY,1834784,E. Florez Pascual,SF,2819119,T. Sedláková,SF,1678734,M. Llorente Ruiz,SF,2735759,L. Van Schaik,SF,1821692,M. Alonso Guadaño,SF,1.9,113.0,0.0,4.0,-4.0,0.0,85.0,-85.0
2480163,8,981356,BOSONIT UNIBASKET,AWAY,1834784,E. Florez Pascual,SF,2819121,H. Forster,SF,1678734,M. Llorente Ruiz,SF,2735759,L. Van Schaik,SF,1821692,M. Alonso Guadaño,SF,0.4,25.0,0.0,0.0,0.0,0.0,0.0,0.0
2480163,8,981356,BOSONIT UNIBASKET,AWAY,1834784,E. Florez Pascual,SF,2819121,H. Forster,SF,1678734,M. Llorente Ruiz,SF,2735759,L. Van Schaik,SF,2151019,N. Padrosa Mons,SF,0.9,53.0,0.0,0.0,0.0,0.0,0.0,0.0
2480163,8,981356,BOSONIT UNIBASKET,AWAY,2819119,T. Sedláková,SF,1626810,C. Aldecoa Rodriguez,SF,2735759,L. Van Schaik,SF,1821692,M. Alonso Guadaño,SF,1834784,E. Florez Pascual,SF,4.8,285.0,5.0,5.0,0.0,42.1,42.1,0.0
2480163,8,981356,BOSONIT UNIBASKET,AWAY,2819121,H. Forster,SF,1678734,M. Llorente Ruiz,SF,1778980,I. Losada Gonzalez-Babe,SF,2735759,L. Van Schaik,SF,2151019,N. Padrosa Mons,SF,0.5,32.0,0.0,2.0,-2.0,0.0,150.0,-150.0
2480163,8,981356,BOSONIT UNIBASKET,AWAY,2819121,H. Forster,SF,1834784,E. Florez Pascual,SF,1678734,M. Llorente Ruiz,SF,2735759,L. Van Schaik,SF,1821692,M. Alonso Guadaño,SF,1.5,88.0,5.0,0.0,5.0,136.4,0.0,136.4
2480164,8,981208,ALTER ENERSUN AL-QÁZERES EXTREMADURA,HOME,1860325,L. Fontela Cabaleiro,SF,1112483,L. Mendez Lamas,SF,1902336,N. Liste Alfonsin,SF,2815234,I. Tavares Ramos,SF,1889214,C. Prieto Pereda,SF,0.4,23.0,2.0,2.0,0.0,208.7,208.7,0.0
2480164,8,981208,ALTER ENERSUN AL-QÁZERES EXTREMADURA,HOME,1860325,L. Fontela Cabaleiro,SF,1902336,N. Liste Alfonsin,SF,2432389,J. De Barros Filipe,SF,1112483,L. Mendez Lamas,SF,1889214,C. Prieto Pereda,SF,0.4,23.0,0.0,0.0,0.0,0.0,0.0,0.0
2480164,8,981208,ALTER ENERSUN AL-QÁZERES EXTREMADURA,HOME,1860325,L. Fontela Cabaleiro,SF,1902336,N. Liste Alfonsin,SF,2432389,J. De Barros Filipe,SF,2815234,I. Tavares Ramos,SF,1112483,L. Mendez Lamas,SF,1.8,108.0,5.0,3.0,2.0,111.1,66.7,44.4
2480164,8,981208,ALTER ENERSUN AL-QÁZERES EXTREMADURA,HOME,1860325,L. Fontela Cabaleiro,SF,1902336,N. Liste Alfonsin,SF,2815234,I. Tavares Ramos,SF,1112483,L. Mendez Lamas,SF,1889214,C. Prieto Pereda,SF,5.4,324.0,19.0,15.0,4.0,140.7,111.1,29.6
2480164,8,981208,ALTER ENERSUN AL-QÁZERES EXTREMADURA,HOME,1860325,L. Fontela Cabaleiro,SF,2432389,J. De Barros Filipe,SF,1112483,L. Mendez Lamas,SF,1902336,N. Liste Alfonsin,SF,1889214,C. Prieto Pereda,SF,2.8,167.0,6.0,6.0,0.0,86.2,86.2,0.0
2480164,8,981208,ALTER ENERSUN AL-QÁZERES EXTREMADURA,HOME,1860325,L. Fontela Cabaleiro,SF,2815153,V. Gauna,SF,1112483,L. Mendez Lamas,SF,1902336,N. Liste Alfonsin,SF,2815234,I. Tavares Ramos,SF,2.8,167.0,3.0,4.0,-1.0,43.1,57.5,-14.4
2480164,8,981208,ALTER ENERSUN AL-QÁZERES EXTREMADURA,HOME,1860325,L. Fontela Cabaleiro,SF,2815153,V. Gauna,SF,1902336,N. Liste Alfonsin,SF,1112483,L. Mendez Lamas,SF,2044012,C. Suárez Fernández,SF,0.4,24.0,0.0,0.0,0.0,0.0,0.0,0.0
2480164,8,981208,ALTER ENERSUN AL-QÁZERES EXTREMADURA,HOME,1860325,L. Fontela Cabaleiro,SF,2815153,V. Gauna,SF,1902336,N. Liste Alfonsin,SF,2432389,J. De Barros Filipe,SF,1112483,L. Mendez Lamas,SF,3.1,191.0,3.0,5.0,-2.0,37.7,62.8,-25.1
2480164,8,981208,ALTER ENERSUN AL-QÁZERES EXTREMADURA,HOME,1860325,L. Fontela Cabaleiro,SF,2815153,V. Gauna,SF,1902336,N. Liste Alfonsin,SF,2432389,J. De Barros Filipe,SF,1889214,C. Prieto Pereda,SF,1.2,72.0,0.0,0.0,0.0,0.0,0.0,0.0
2480164,8,981208,ALTER ENERSUN AL-QÁZERES EXTREMADURA,HOME,1860325,L. Fontela Cabaleiro,SF,2815153,V. Gauna,SF,1902336,N. Liste Alfonsin,SF,2432389,J. De Barros Filipe,SF,2815234,I. Tavares Ramos,SF,2.4,143.0,0.0,3.0,-3.0,0.0,50.3,-50.3
2480164,8,981208,ALTER ENERSUN AL-QÁZERES EXTREMADURA,HOME,1860325,L. Fontela Cabaleiro,SF,2815153,V. Gauna,SF,1902336,N. Liste Alfonsin,SF,2815234,I. Tavares Ramos,SF,1889214,C. Prieto Pereda,SF,0.4,24.0,0.0,0.0,0.0,0.0,0.0,0.0
2480164,8,981208,ALTER ENERSUN AL-QÁZERES EXTREMADURA,HOME,1860325,L. Fontela Cabaleiro,SF,2815153,V. Gauna,SF,2432389,J. De Barros Filipe,SF,1902336,N. Liste Alfonsin,SF,1112483,L. Mendez Lamas,SF,1.4,83.0,2.0,2.0,0.0,57.8,57.8,0.0
2480164,8,981208,ALTER ENERSUN AL-QÁZERES EXTREMADURA,HOME,1860325,L. Fontela Cabaleiro,SF,2815153,V. Gauna,SF,2432389,J. De Barros Filipe,SF,1902336,N. Liste Alfonsin,SF,2044012,C. Suárez Fernández,SF,1.1,66.0,0.0,0.0,0.0,0.0,0.0,0.0
2480164,8,981208,ALTER ENERSUN AL-QÁZERES EXTREMADURA,HOME,1860325,L. Fontela Cabaleiro,SF,2815153,V. Gauna,SF,2432389,J. De Barros Filipe,SF,1902336,N. Liste Alfonsin,SF,2815234,I. Tavares Ramos,SF,2.6,158.0,4.0,3.0,1.0,60.8,45.6,15.2
2480164,8,981208,ALTER ENERSUN AL-QÁZERES EXTREMADURA,HOME,2235368,C. Gonzalez Neila,SF,2178748,B. Gonzalez Rosco,SF,2815153,V. Gauna,SF,1902336,N. Liste Alfonsin,SF,2234863,E. Alonso Guerra,SF,0.5,31.0,0.0,0.0,0.0,0.0,0.0,0.0
2480164,8,981208,ALTER ENERSUN AL-QÁZERES EXTREMADURA,HOME,2235368,C. Gonzalez Neila,SF,2815153,V. Gauna,SF,1902336,N. Liste Alfonsin,SF,2432389,J. De Barros Filipe,SF,1889214,C. Prieto Pereda,SF,0.3,17.0,0.0,0.0,0.0,0.0,0.0,0.0
2480164,8,981208,ALTER ENERSUN AL-QÁZERES EXTREMADURA,HOME,2235368,C. Gonzalez Neila,SF,2815153,V. Gauna,SF,1902336,N. Liste Alfonsin,SF,2432389,J. De Barros Filipe,SF,2234863,E. Alonso Guerra,SF,0.3,18.0,0.0,0.0,0.0,0.0,0.0,0.0
2480164,8,981208,ALTER ENERSUN AL-QÁZERES EXTREMADURA,HOME,2815153,V. Gauna,SF,1902336,N. Liste Alfonsin,SF,2432389,J. De Barros Filipe,SF,2815234,I. Tavares Ramos,SF,2044012,C. Suárez Fernández,SF,4.5,273.0,4.0,4.0,0.0,35.2,35.2,0.0
2480164,8,981208,ALTER ENERSUN AL-QÁZERES EXTREMADURA,HOME,2815153,V. Gauna,SF,2432389,J. De Barros Filipe,SF,1902336,N. Liste Alfonsin,SF,2044012,C. Suárez Fernández,SF,1889214,C. Prieto Pereda,SF,1.2,73.0,3.0,4.0,-1.0,98.6,131.5,-32.9
2480164,8,981208,ALTER ENERSUN AL-QÁZERES EXTREMADURA,HOME,2815153,V. Gauna,SF,2432389,J. De Barros Filipe,SF,1902336,N. Liste Alfonsin,SF,2815234,I. Tavares Ramos,SF,2044012,C. Suárez Fernández,SF,6.9,415.0,19.0,6.0,13.0,109.9,34.7,75.2
2480164,8,981242,C.B. SANTFELIUENC,AWAY,2050086,M. Muñoz Moyano,SF,2816766,A. Coulibaly,SF,2816053,A. Tibe,SF,2190844,S. Pares Vilaseca,SF,2073654,C. Gil Abad,SF,2.8,167.0,4.0,3.0,1.0,57.5,43.1,14.4
2480164,8,981242,C.B. SANTFELIUENC,AWAY,2056237,L. Salmeron Segu,SF,2151715,J. Nogués Martí,SF,1752455,I. Conde Duran,SF,2073654,C. Gil Abad,SF,2816051,E. Tenbrock,SF,1.9,116.0,0.0,2.0,-2.0,0.0,41.4,-41.4
2480164,8,981242,C.B. SANTFELIUENC,AWAY,2056237,L. Salmeron Segu,SF,2151715,J. Nogués Martí,SF,2190844,S. Pares Vilaseca,SF,1752455,I. Conde Duran,SF,2816051,E. Tenbrock,SF,1.8,107.0,2.0,2.0,0.0,44.9,44.9,0.0
2480164,8,981242,C.B. SANTFELIUENC,AWAY,2056237,L. Salmeron Segu,SF,2151715,J. Nogués Martí,SF,2816766,A. Coulibaly,SF,1752455,I. Conde Duran,SF,2073654,C. Gil Abad,SF,0.5,28.0,0.0,2.0,-2.0,0.0,171.4,-171.4
2480164,8,981242,C.B. SANTFELIUENC,AWAY,2056237,L. Salmeron Segu,SF,2190844,S. Pares Vilaseca,SF,2816669,A. Marotte,SF,1752455,I. Conde Duran,SF,2816051,E. Tenbrock,SF,1.0,60.0,3.0,3.0,0.0,120.0,120.0,0.0
2480164,8,981242,C.B. SANTFELIUENC,AWAY,2056237,L. Salmeron Segu,SF,2816053,A. Tibe,SF,2190844,S. Pares Vilaseca,SF,1752455,I. Conde Duran,SF,2816051,E. Tenbrock,SF,4.7,281.0,3.0,0.0,3.0,25.6,0.0,25.6
2480164,8,981242,C.B. SANTFELIUENC,AWAY,2056237,L. Salmeron Segu,SF,2816053,A. Tibe,SF,2748944,A. Meite,SF,2190844,S. Pares Vilaseca,SF,2816669,A. Marotte,SF,2.1,128.0,6.0,5.0,1.0,112.5,93.8,18.8
2480164,8,981242,C.B. SANTFELIUENC,AWAY,2056237,L. Salmeron Segu,SF,2816766,A. Coulibaly,SF,2190844,S. Pares Vilaseca,SF,2816669,A. Marotte,SF,2816051,E. Tenbrock,SF,0.8,48.0,0.0,2.0,-2.0,0.0,100.0,-100.0
2480164,8,981242,C.B. SANTFELIUENC,AWAY,2056237,L. Salmeron Segu,SF,2816766,A. Coulibaly,SF,2816053,A. Tibe,SF,2190844,S. Pares Vilaseca,SF,2816669,A. Marotte,SF,1.0,61.0,0.0,1.0,-1.0,0.0,39.3,-39.3
2480164,8,981242,C.B. SANTFELIUENC,AWAY,2151715,J. Nogués Martí,SF,2050086,M. Muñoz Moyano,SF,2816766,A. Coulibaly,SF,1752455,I. Conde Duran,SF,2073654,C. Gil Abad,SF,3.0,182.0,3.0,4.0,-1.0,39.6,52.7,-13.2
2480164,8,981242,C.B. SANTFELIUENC,AWAY,2151715,J. Nogués Martí,SF,2056237,L. Salmeron Segu,SF,2748944,A. Meite,SF,2155489,X. Salzmann Romeu,SF,2073654,C. Gil Abad,SF,1.3,80.0,2.0,0.0,2.0,60.0,0.0,60.0
2480164,8,981242,C.B. SANTFELIUENC,AWAY,2151715,J. Nogués Martí,SF,2056237,L. Salmeron Segu,SF,2748944,A. Meite,SF,2155489,X. Salzmann Romeu,SF,2816669,A. Marotte,SF,4.3,257.0,4.0,15.0,-11.0,37.4,140.1,-102.7
2480164,8,981242,C.B. SANTFELIUENC,AWAY,2151715,J. Nogués Martí,SF,2056237,L. Salmeron Segu,SF,2816766,A. Coulibaly,SF,2816053,A. Tibe,SF,2816669,A. Marotte,SF,0.4,23.0,0.0,0.0,0.0,0.0,0.0,0.0
2480164,8,981242,C.B. SANTFELIUENC,AWAY,2151715,J. Nogués Martí,SF,2056237,L. Salmeron Segu,SF,2816766,A. Coulibaly,SF,2816669,A. Marotte,SF,2816051,E. Tenbrock,SF,5.4,324.0,15.0,19.0,-4.0,111.1,140.7,-29.6
2480164,8,981242,C.B. SANTFELIUENC,AWAY,2816053,A. Tibe,SF,2748944,A. Meite,SF,2190844,S. Pares Vilaseca,SF,2816669,A. Marotte,SF,2073654,C. Gil Abad,SF,6.4,387.0,9.0,4.0,5.0,55.8,24.8,31.0
2480164,8,981242,C.B. SANTFELIUENC,AWAY,2816766,A. Coulibaly,SF,2816053,A. Tibe,SF,2190844,S. Pares Vilaseca,SF,2816669,A. Marotte,SF,2073654,C. Gil Abad,SF,2.5,151.0,6.0,8.0,-2.0,95.4,127.2,-31.8
2480165,8,979770,MELILLA CIUDAD DEL DEPORTE LA SALLE,HOME,1454479,A. Senosiain Vergarachea,SF,1829640,A. Sanchez Davila,SF,1587316,C. Caceres Ayala,SF,1715165,M. Torreblanca Ginel,SF,2648563,M. D'Urso Vallina,SF,0.2,11.0,0.0,0.0,0.0,0.0,0.0,0.0
2480165,8,979770,MELILLA CIUDAD DEL DEPORTE LA SALLE,HOME,1756623,A. Hernangomez Geuer,SF,1946976,L. Moya Blanch,SF,1454479,A. Senosiain Vergarachea,SF,1829640,A. Sanchez Davila,SF,1715165,M. Torreblanca Ginel,SF,1.5,92.0,6.0,2.0,4.0,156.5,52.2,104.3
2480165,8,979770,MELILLA CIUDAD DEL DEPORTE LA SALLE,HOME,1756623,A. Hernangomez Geuer,SF,2104399,C. Garcia Muñoz,SF,1454479,A. Senosiain Vergarachea,SF,1587316,C. Caceres Ayala,SF,1715165,M. Torreblanca Ginel,SF,0.6,34.0,0.0,0.0,0.0,0.0,0.0,0.0
2480165,8,979770,MELILLA CIUDAD DEL DEPORTE LA SALLE,HOME,2104399,C. Garcia Muñoz,SF,1756623,A. Hernangomez Geuer,SF,1454479,A. Senosiain Vergarachea,SF,1587316,C. Caceres Ayala,SF,1715165,M. Torreblanca Ginel,SF,2.4,147.0,5.0,3.0,2.0,81.6,49.0,32.7
2480165,8,979770,MELILLA CIUDAD DEL DEPORTE LA SALLE,HOME,2104399,C. Garcia Muñoz,SF,1756623,A. Hernangomez Geuer,SF,1454479,A. Senosiain Vergarachea,SF,1715165,M. Torreblanca Ginel,SF,2648563,M. D'Urso Vallina,SF,0.3,21.0,0.0,0.0,0.0,0.0,0.0,0.0
2480165,8,979770,MELILLA CIUDAD DEL DEPORTE LA SALLE,HOME,2104399,C. Garcia Muñoz,SF,1946976,L. Moya Blanch,SF,1454479,A. Senosiain Vergarachea,SF,1587316,C. Caceres Ayala,SF,1715165,M. Torreblanca Ginel,SF,0.8,51.0,3.0,1.0,2.0,141.2,47.1,94.1
2480165,8,979770,MELILLA CIUDAD DEL DEPORTE LA SALLE,HOME,2104399,C. Garcia Muñoz,SF,1946976,L. Moya Blanch,SF,1454479,A. Senosiain Vergarachea,SF,1829640,A. Sanchez Davila,SF,1587316,C. Caceres Ayala,SF,10.5,633.0,16.0,13.0,3.0,60.7,49.3,11.4
2480165,8,979770,MELILLA CIUDAD DEL DEPORTE LA SALLE,HOME,2104399,C. Garcia Muñoz,SF,1946976,L. Moya Blanch,SF,1454479,A. Senosiain Vergarachea,SF,1829640,A. Sanchez Davila,SF,2814864,R. Monteiro Da Silva,SF,2.9,171.0,3.0,4.0,-1.0,42.1,56.1,-14.0
2480165,8,979770,MELILLA CIUDAD DEL DEPORTE LA SALLE,HOME,2432929,M. Davydova,SF,1756623,A. Hernangomez Geuer,SF,1454479,A. Senosiain Vergarachea,SF,1587316,C. Caceres Ayala,SF,1715165,M. Torreblanca Ginel,SF,0.8,51.0,0.0,2.0,-2.0,0.0,94.1,-94.1
2480165,8,979770,MELILLA CIUDAD DEL DEPORTE LA SALLE,HOME,2432929,M. Davydova,SF,1756623,A. Hernangomez Geuer,SF,1454479,A. Senosiain Vergarachea,SF,1715165,M. Torreblanca Ginel,SF,2648563,M. D'Urso Vallina,SF,1.1,63.0,0.0,2.0,-2.0,0.0,76.2,-76.2
2480165,8,979770,MELILLA CIUDAD DEL DEPORTE LA SALLE,HOME,2432929,M. Davydova,SF,1756623,A. Hernangomez Geuer,SF,1454479,A. Senosiain Vergarachea,SF,1829640,A. Sanchez Davila,SF,1715165,M. Torreblanca Ginel,SF,0.3,20.0,0.0,1.0,-1.0,0.0,120.0,-120.0
2480165,8,979770,MELILLA CIUDAD DEL DEPORTE LA SALLE,HOME,2432929,M. Davydova,SF,1756623,A. Hernangomez Geuer,SF,1454479,A. Senosiain Vergarachea,SF,2814864,R. Monteiro Da Silva,SF,1587316,C. Caceres Ayala,SF,1.6,99.0,6.0,0.0,6.0,145.5,0.0,145.5
2480165,8,979770,MELILLA CIUDAD DEL DEPORTE LA SALLE,HOME,2432929,M. Davydova,SF,1756623,A. Hernangomez Geuer,SF,1454479,A. Senosiain Vergarachea,SF,2814864,R. Monteiro Da Silva,SF,1715165,M. Torreblanca Ginel,SF,10.8,648.0,25.0,23.0,2.0,92.6,85.2,7.4
2480165,8,979770,MELILLA CIUDAD DEL DEPORTE LA SALLE,HOME,2432929,M. Davydova,SF,1946976,L. Moya Blanch,SF,1454479,A. Senosiain Vergarachea,SF,1829640,A. Sanchez Davila,SF,1587316,C. Caceres Ayala,SF,1.8,111.0,3.0,2.0,1.0,64.9,43.2,21.6
2480165,8,979770,MELILLA CIUDAD DEL DEPORTE LA SALLE,HOME,2432929,M. Davydova,SF,1946976,L. Moya Blanch,SF,1454479,A. Senosiain Vergarachea,SF,1829640,A. Sanchez Davila,SF,2814864,R. Monteiro Da Silva,SF,1.3,78.0,2.0,4.0,-2.0,61.5,123.1,-61.5
2480165,8,979770,MELILLA CIUDAD DEL DEPORTE LA SALLE,HOME,2432929,M. Davydova,SF,1946976,L. Moya Blanch,SF,1454479,A. Senosiain Vergarachea,SF,2814864,R. Monteiro Da Silva,SF,1587316,C. Caceres Ayala,SF,0.6,37.0,0.0,2.0,-2.0,0.0,129.7,-129.7
2480165,8,979770,MELILLA CIUDAD DEL DEPORTE LA SALLE,HOME,2432929,M. Davydova,SF,1946976,L. Moya Blanch,SF,1454479,A. Senosiain Vergarachea,SF,2814864,R. Monteiro Da Silva,SF,1715165,M. Torreblanca Ginel,SF,2.2,133.0,6.0,3.0,3.0,108.3,54.1,54.1
2480165,8,979912,DOMUSA TEKNIK ISB,AWAY,1826917,J. Azcue Jauregui,SF,2021400,M. Gutierrez Ibañez,SF,2818813,E. Lalotte,SF,1721468,C. Villamor Aparicio,SF,2818816,I. Araújo Gouveia Vieira,SF,1.1,69.0,0.0,3.0,-3.0,0.0,104.3,-104.3
2480165,8,979912,DOMUSA TEKNIK ISB,AWAY,2021400,M. Gutierrez Ibañez,SF,1826917,J. Azcue Jauregui,SF,2818813,E. Lalotte,SF,2137901,M. Otaegi Albizu,SF,2818816,I. Araújo Gouveia Vieira,SF,4.0,240.0,5.0,7.0,-2.0,50.0,70.0,-20.0
2480165,8,979912,DOMUSA TEKNIK ISB,AWAY,2021400,M. Gutierrez Ibañez,SF,2145033,A. Lizundia Arozena,SF,2818813,E. Lalotte,SF,2137901,M. Otaegi Albizu,SF,2818816,I. Araújo Gouveia Vieira,SF,0.8,46.0,0.0,5.0,-5.0,0.0,260.9,-260.9
2480165,8,979912,DOMUSA TEKNIK ISB,AWAY,2021400,M. Gutierrez Ibañez,SF,2818813,E. Lalotte,SF,1721468,C. Villamor Aparicio,SF,2137901,M. Otaegi Albizu,SF,2818816,I. Araújo Gouveia Vieira,SF,0.2,11.0,0.0,0.0,0.0,0.0,0.0,0.0
2480165,8,979912,DOMUSA TEKNIK ISB,AWAY,2145033,A. Lizundia Arozena,SF,2021400,M. Gutierrez Ibañez,SF,2818813,E. Lalotte,SF,1721468,C. Villamor Aparicio,SF,2818816,I. Araújo Gouveia Vieira,SF,2.9,171.0,4.0,3.0,1.0,56.1,42.1,14.0
2480165,8,979912,DOMUSA TEKNIK ISB,AWAY,2364470,G. Leaupepe,SF,1826917,J. Azcue Jauregui,SF,2021400,M. Gutierrez Ibañez,SF,2818813,E. Lalotte,SF,2818816,I. Araújo Gouveia Vieira,SF,2.9,174.0,4.0,7.0,-3.0,55.2,96.6,-41.4
2480165,8,979912,DOMUSA TEKNIK ISB,AWAY,2364470,G. Leaupepe,SF,2021400,M. Gutierrez Ibañez,SF,1826917,J. Azcue Jauregui,SF,2818813,E. Lalotte,SF,2818816,I. Araújo Gouveia Vieira,SF,1.5,94.0,3.0,3.0,0.0,76.6,76.6,0.0
2480165,8,979912,DOMUSA TEKNIK ISB,AWAY,2364470,G. Leaupepe,SF,2021400,M. Gutierrez Ibañez,SF,2818813,E. Lalotte,SF,2137901,M. Otaegi Albizu,SF,2818816,I. Araújo Gouveia Vieira,SF,0.3,21.0,2.0,0.0,2.0,228.6,0.0,228.6
2480165,8,979912,DOMUSA TEKNIK ISB,AWAY,2364470,G. Leaupepe,SF,2145033,A. Lizundia Arozena,SF,2818813,E. Lalotte,SF,2021400,M. Gutierrez Ibañez,SF,2818816,I. Araújo Gouveia Vieira,SF,3.7,222.0,11.0,13.0,-2.0,118.9,140.5,-21.6
2480165,8,979912,DOMUSA TEKNIK ISB,AWAY,2735761,B. Tomancova,SF,2364470,G. Leaupepe,SF,1826917,J. Azcue Jauregui,SF,2021400,M. Gutierrez Ibañez,SF,2818816,I. Araújo Gouveia Vieira,SF,0.7,44.0,0.0,0.0,0.0,0.0,0.0,0.0
2480165,8,979912,DOMUSA TEKNIK ISB,AWAY,2818717,S. Van,SF,2145033,A. Lizundia Arozena,SF,2818813,E. Lalotte,SF,1721468,C. Villamor Aparicio,SF,2818816,I. Araújo Gouveia Vieira,SF,1.0,60.0,4.0,0.0,4.0,160.0,0.0,160.0
2480165,8,979912,DOMUSA TEKNIK ISB,AWAY,2818717,S. Van,SF,2364470,G. Leaupepe,SF,1826917,J. Azcue Jauregui,SF,2818813,E. Lalotte,SF,1721468,C. Villamor Aparicio,SF,0.6,34.0,0.0,0.0,0.0,0.0,0.0,0.0
2480165,8,979912,DOMUSA TEKNIK ISB,AWAY,2818717,S. Van,SF,2364470,G. Leaupepe,SF,2145033,A. Lizundia Arozena,SF,2818813,E. Lalotte,SF,1721468,C. Villamor Aparicio,SF,3.5,211.0,8.0,4.0,4.0,91.0,45.5,45.5
2480165,8,979912,DOMUSA TEKNIK ISB,AWAY,2818717,S. Van,SF,2735761,B. Tomancova,SF,1826917,J. Azcue Jauregui,SF,1721468,C. Villamor Aparicio,SF,2137901,M. Otaegi Albizu,SF,1.0,61.0,0.0,3.0,-3.0,0.0,118.0,-118.0
2480165,8,979912,DOMUSA TEKNIK ISB,AWAY,2818717,S. Van,SF,2735761,B. Tomancova,SF,1826917,J. Azcue Jauregui,SF,2137901,M. Otaegi Albizu,SF,2818816,I. Araújo Gouveia Vieira,SF,1.7,105.0,2.0,6.0,-4.0,45.7,137.1,-91.4
2480165,8,979912,DOMUSA TEKNIK ISB,AWAY,2818717,S. Van,SF,2735761,B. Tomancova,SF,2145033,A. Lizundia Arozena,SF,1721468,C. Villamor Aparicio,SF,2818816,I. Araújo Gouveia Vieira,SF,2.0,118.0,4.0,8.0,-4.0,81.4,162.7,-81.4
2480165,8,979912,DOMUSA TEKNIK ISB,AWAY,2818717,S. Van,SF,2735761,B. Tomancova,SF,2364470,G. Leaupepe,SF,1826917,J. Azcue Jauregui,SF,1721468,C. Villamor Aparicio,SF,6.5,397.0,8.0,8.0,0.0,48.4,48.4,0.0
2480165,8,979912,DOMUSA TEKNIK ISB,AWAY,2818717,S. Van,SF,2735761,B. Tomancova,SF,2364470,G. Leaupepe,SF,2145033,A. Lizundia Arozena,SF,1721468,C. Villamor Aparicio,SF,5.3,322.0,7.0,5.0,2.0,52.2,37.3,14.9
2480166,8,981288,SERNOVA RENOVABLES REAL CANOE,HOME,2021397,A. Esnal Aguirre,SF,1927626,C. Flores Garcia,SF,1242234,C. Rodriguez Nuñez,SF,2432516,C. De Sousa,SF,1859345,L. Fleta Robles,SF,3.5,211.0,2.0,5.0,-3.0,22.7,56.9,-34.1
2480166,8,981288,SERNOVA RENOVABLES REAL CANOE,HOME,2097038,P. De Mier Espina,SF,1242234,C. Rodriguez Nuñez,SF,2362540,A. Pastrana Ballesteros,SF,2037982,M. Nagore Sanchez,SF,1745108,M. Torres Municio,SF,2.1,127.0,8.0,6.0,2.0,151.2,113.4,37.8
2480166,8,981288,SERNOVA RENOVABLES REAL CANOE,HOME,2097038,P. De Mier Espina,SF,1787143,C. Mato De Prada,SF,1242234,C. Rodriguez Nuñez,SF,1859345,L. Fleta Robles,SF,1745108,M. Torres Municio,SF,4.5,267.0,3.0,7.0,-4.0,27.0,62.9,-36.0
2480166,8,981288,SERNOVA RENOVABLES REAL CANOE,HOME,2097038,P. De Mier Espina,SF,1787143,C. Mato De Prada,SF,1927626,C. Flores Garcia,SF,1242234,C. Rodriguez Nuñez,SF,1859345,L. Fleta Robles,SF,0.2,11.0,0.0,0.0,0.0,0.0,0.0,0.0
2480166,8,981288,SERNOVA RENOVABLES REAL CANOE,HOME,2097038,P. De Mier Espina,SF,1787143,C. Mato De Prada,SF,1927626,C. Flores Garcia,SF,1242234,C. Rodriguez Nuñez,SF,2432516,C. De Sousa,SF,1.0,58.0,0.0,4.0,-4.0,0.0,165.5,-165.5
2480166,8,981288,SERNOVA RENOVABLES REAL CANOE,HOME,2097038,P. De Mier Espina,SF,1787143,C. Mato De Prada,SF,1927626,C. Flores Garcia,SF,2432516,C. De Sousa,SF,1859345,L. Fleta Robles,SF,1.6,96.0,5.0,4.0,1.0,125.0,100.0,25.0
2480166,8,981288,SERNOVA RENOVABLES REAL CANOE,HOME,2097038,P. De Mier Espina,SF,1787143,C. Mato De Prada,SF,2021397,A. Esnal Aguirre,SF,1242234,C. Rodriguez Nuñez,SF,1745108,M. Torres Municio,SF,4.7,277.0,7.0,7.0,0.0,60.6,60.6,0.0
2480166,8,981288,SERNOVA RENOVABLES REAL CANOE,HOME,2097038,P. De Mier Espina,SF,1787143,C. Mato De Prada,SF,2021397,A. Esnal Aguirre,SF,1242234,C. Rodriguez Nuñez,SF,2432516,C. De Sousa,SF,7.0,418.0,4.0,12.0,-8.0,23.0,68.9,-45.9
2480166,8,981288,SERNOVA RENOVABLES REAL CANOE,HOME,2097038,P. De Mier Espina,SF,1787143,C. Mato De Prada,SF,2021397,A. Esnal Aguirre,SF,1927626,C. Flores Garcia,SF,1242234,C. Rodriguez Nuñez,SF,2.3,141.0,5.0,2.0,3.0,85.1,34.0,51.1
2480166,8,981288,SERNOVA RENOVABLES REAL CANOE,HOME,2097038,P. De Mier Espina,SF,1927626,C. Flores Garcia,SF,1242234,C. Rodriguez Nuñez,SF,1859345,L. Fleta Robles,SF,1745108,M. Torres Municio,SF,1.7,100.0,4.0,3.0,1.0,96.0,72.0,24.0
2480166,8,981288,SERNOVA RENOVABLES REAL CANOE,HOME,2097038,P. De Mier Espina,SF,1927626,C. Flores Garcia,SF,1242234,C. Rodriguez Nuñez,SF,2037982,M. Nagore Sanchez,SF,1745108,M. Torres Municio,SF,1.3,78.0,0.0,5.0,-5.0,0.0,153.8,-153.8
2480166,8,981288,SERNOVA RENOVABLES REAL CANOE,HOME,2097038,P. De Mier Espina,SF,1927626,C. Flores Garcia,SF,1242234,C. Rodriguez Nuñez,SF,2037982,M. Nagore Sanchez,SF,1859345,L. Fleta Robles,SF,4.6,270.0,9.0,5.0,4.0,80.0,44.4,35.6
2480166,8,981288,SERNOVA RENOVABLES REAL CANOE,HOME,2097038,P. De Mier Espina,SF,1927626,C. Flores Garcia,SF,1242234,C. Rodriguez Nuñez,SF,2432516,C. De Sousa,SF,1859345,L. Fleta Robles,SF,0.9,57.0,0.0,3.0,-3.0,0.0,126.3,-126.3
2480166,8,981288,SERNOVA RENOVABLES REAL CANOE,HOME,2097038,P. De Mier Espina,SF,2021397,A. Esnal Aguirre,SF,1242234,C. Rodriguez Nuñez,SF,2362540,A. Pastrana Ballesteros,SF,1745108,M. Torres Municio,SF,1.4,85.0,2.0,3.0,-1.0,56.5,84.7,-28.2
2480166,8,981288,SERNOVA RENOVABLES REAL CANOE,HOME,2097038,P. De Mier Espina,SF,2021397,A. Esnal Aguirre,SF,1242234,C. Rodriguez Nuñez,SF,2432516,C. De Sousa,SF,1745108,M. Torres Municio,SF,2.4,145.0,2.0,8.0,-6.0,33.1,132.4,-99.3
2480166,8,981288,SERNOVA RENOVABLES REAL CANOE,HOME,2097038,P. De Mier Espina,SF,2021397,A. Esnal Aguirre,SF,1927626,C. Flores Garcia,SF,1242234,C. Rodriguez Nuñez,SF,2432516,C. De Sousa,SF,1.0,59.0,1.0,0.0,1.0,40.7,0.0,40.7
2480166,8,981346,LA CORDÁ DE PATERNA NB,AWAY,2653963,A. Traore,SF,1632609,C. Che Tortola,SF,1687305,L. Segura Moreno,SF,2024557,M. Bleda Ortega,SF,2071471,P. Saravia Logroño,SF,1.4,87.0,4.0,2.0,2.0,110.3,55.2,55.2
2480166,8,981346,LA CORDÁ DE PATERNA NB,AWAY,2653963,A. Traore,SF,1632609,C. Che Tortola,SF,1687305,L. Segura Moreno,SF,2024557,M. Bleda Ortega,SF,2230288,S. Davila Diaz De Ilarraza,SF,2.4,145.0,2.0,3.0,-1.0,33.1,49.7,-16.6
2480166,8,981346,LA CORDÁ DE PATERNA NB,AWAY,2653963,A. Traore,SF,1632609,C. Che Tortola,SF,2024557,M. Bleda Ortega,SF,2230288,S. Davila Diaz De Ilarraza,SF,2071471,P. Saravia Logroño,SF,2.1,122.0,4.0,5.0,-1.0,78.7,98.4,-19.7
2480166,8,981346,LA CORDÁ DE PATERNA NB,AWAY,2653963,A. Traore,SF,1632609,C. Che Tortola,SF,2173687,M. Llompart Perello,SF,1687305,L. Segura Moreno,SF,2230288,S. Davila Diaz De Ilarraza,SF,0.8,47.0,3.0,4.0,-1.0,153.2,204.3,-51.1
2480166,8,981346,LA CORDÁ DE PATERNA NB,AWAY,2653963,A. Traore,SF,2163606,C. Sancho Mauri,SF,1632609,C. Che Tortola,SF,1687305,L. Segura Moreno,SF,2071471,P. Saravia Logroño,SF,0.2,11.0,0.0,0.0,0.0,0.0,0.0,0.0
2480166,8,981346,LA CORDÁ DE PATERNA NB,AWAY,2653963,A. Traore,SF,2163606,C. Sancho Mauri,SF,1632609,C. Che Tortola,SF,1687305,L. Segura Moreno,SF,2230288,S. Davila Diaz De Ilarraza,SF,1.6,96.0,0.0,3.0,-3.0,0.0,75.0,-75.0
2480166,8,981346,LA CORDÁ DE PATERNA NB,AWAY,2653963,A. Traore,SF,2163606,C. Sancho Mauri,SF,1632609,C. Che Tortola,SF,2173687,M. Llompart Perello,SF,2230288,S. Davila Diaz De Ilarraza,SF,1.9,112.0,3.0,4.0,-1.0,64.3,85.7,-21.4
2480166,8,981346,LA CORDÁ DE PATERNA NB,AWAY,2653963,A. Traore,SF,2163606,C. Sancho Mauri,SF,1632609,C. Che Tortola,SF,2230288,S. Davila Diaz De Ilarraza,SF,2071471,P. Saravia Logroño,SF,2.5,150.0,2.0,4.0,-2.0,32.0,64.0,-32.0
2480166,8,981346,LA CORDÁ DE PATERNA NB,AWAY,2653963,A. Traore,SF,2163606,C. Sancho Mauri,SF,2173687,M. Llompart Perello,SF,2024557,M. Bleda Ortega,SF,2230288,S. Davila Diaz De Ilarraza,SF,1.1,64.0,1.0,2.0,-1.0,37.5,75.0,-37.5
2480166,8,981346,LA CORDÁ DE PATERNA NB,AWAY,2653963,A. Traore,SF,2163606,C. Sancho Mauri,SF,2173687,M. Llompart Perello,SF,2031045,M. Galiana Miralles,SF,2071471,P. Saravia Logroño,SF,1.1,69.0,4.0,6.0,-2.0,139.1,208.7,-69.6
2480166,8,981346,LA CORDÁ DE PATERNA NB,AWAY,2653963,A. Traore,SF,2163606,C. Sancho Mauri,SF,2173687,M. Llompart Perello,SF,2230288,S. Davila Diaz De Ilarraza,SF,2071471,P. Saravia Logroño,SF,0.5,31.0,2.0,0.0,2.0,154.8,0.0,154.8
2480166,8,981346,LA CORDÁ DE PATERNA NB,AWAY,2796302,P. Gabriel,SF,1632609,C. Che Tortola,SF,1687305,L. Segura Moreno,SF,2024557,M. Bleda Ortega,SF,2031045,M. Galiana Miralles,SF,1.4,88.0,2.0,0.0,2.0,54.5,0.0,54.5
2480166,8,981346,LA CORDÁ DE PATERNA NB,AWAY,2796302,P. Gabriel,SF,1632609,C. Che Tortola,SF,1687305,L. Segura Moreno,SF,2024557,M. Bleda Ortega,SF,2071471,P. Saravia Logroño,SF,8.9,527.0,21.0,9.0,12.0,95.6,41.0,54.6
2480166,8,981346,LA CORDÁ DE PATERNA NB,AWAY,2796302,P. Gabriel,SF,1632609,C. Che Tortola,SF,1687305,L. Segura Moreno,SF,2024557,M. Bleda Ortega,SF,2230288,S. Davila Diaz De Ilarraza,SF,1.5,91.0,2.0,2.0,0.0,52.7,52.7,0.0
2480166,8,981346,LA CORDÁ DE PATERNA NB,AWAY,2796302,P. Gabriel,SF,1632609,C. Che Tortola,SF,1687305,L. Segura Moreno,SF,2031045,M. Galiana Miralles,SF,2071471,P. Saravia Logroño,SF,3.0,176.0,9.0,3.0,6.0,122.7,40.9,81.8
2480166,8,981346,LA CORDÁ DE PATERNA NB,AWAY,2796302,P. Gabriel,SF,1632609,C. Che Tortola,SF,1687305,L. Segura Moreno,SF,2230288,S. Davila Diaz De Ilarraza,SF,2071471,P. Saravia Logroño,SF,0.7,39.0,3.0,1.0,2.0,184.6,61.5,123.1
2480166,8,981346,LA CORDÁ DE PATERNA NB,AWAY,2796302,P. Gabriel,SF,2163606,C. Sancho Mauri,SF,1632609,C. Che Tortola,SF,1687305,L. Segura Moreno,SF,2071471,P. Saravia Logroño,SF,2.6,154.0,2.0,0.0,2.0,31.2,0.0,31.2
2480166,8,981346,LA CORDÁ DE PATERNA NB,AWAY,2796302,P. Gabriel,SF,2163606,C. Sancho Mauri,SF,2173687,M. Llompart Perello,SF,1687305,L. Segura Moreno,SF,2024557,M. Bleda Ortega,SF,1.6,95.0,2.0,2.0,0.0,50.5,50.5,0.0
2480166,8,981346,LA CORDÁ DE PATERNA NB,AWAY,2796302,P. Gabriel,SF,2163606,C. Sancho Mauri,SF,2173687,M. Llompart Perello,SF,2024557,M. Bleda Ortega,SF,2230288,S. Davila Diaz De Ilarraza,SF,0.9,53.0,0.0,0.0,0.0,0.0,0.0,0.0
2480166,8,981346,LA CORDÁ DE PATERNA NB,AWAY,2796302,P. Gabriel,SF,2173687,M. Llompart Perello,SF,1687305,L. Segura Moreno,SF,2024557,M. Bleda Ortega,SF,2031045,M. Galiana Miralles,SF,3.6,218.0,6.0,2.0,4.0,66.1,22.0,44.0
2480166,8,981346,LA CORDÁ DE PATERNA NB,AWAY,2796302,P. Gabriel,SF,2653963,A. Traore,SF,1632609,C. Che Tortola,SF,2024557,M. Bleda Ortega,SF,2071471,P. Saravia Logroño,SF,0.4,25.0,2.0,0.0,2.0,192.0,0.0,192.0
2480167,8,979952,LA LAGUNA TOYOTA  ADAREVA,AWAY,1128614,I. Arregui Mariezcurrena,SF,1379088,P. Soler Suarez,SF,1884959,M. Luque Caballero,SF,1613926,M. Gomez Fernandez,SF,2735173,M. Forsyth,SF,3.0,179.0,8.0,2.0,6.0,107.3,26.8,80.4
2480167,8,979952,LA LAGUNA TOYOTA  ADAREVA,AWAY,1128614,I. Arregui Mariezcurrena,SF,1379088,P. Soler Suarez,SF,1884959,M. Luque Caballero,SF,2432295,B. Stevanovic,SF,1613926,M. Gomez Fernandez,SF,3.7,221.0,2.0,2.0,0.0,21.7,21.7,0.0
2480167,8,979952,LA LAGUNA TOYOTA  ADAREVA,AWAY,1128614,I. Arregui Mariezcurrena,SF,1379088,P. Soler Suarez,SF,1884959,M. Luque Caballero,SF,2432295,B. Stevanovic,SF,2735173,M. Forsyth,SF,15.3,915.0,16.0,20.0,-4.0,42.0,52.5,-10.5
2480167,8,979952,LA LAGUNA TOYOTA  ADAREVA,AWAY,1128614,I. Arregui Mariezcurrena,SF,1379088,P. Soler Suarez,SF,2432295,B. Stevanovic,SF,1613926,M. Gomez Fernandez,SF,2735173,M. Forsyth,SF,4.4,268.0,11.0,9.0,2.0,98.5,80.6,17.9
2480167,8,979952,LA LAGUNA TOYOTA  ADAREVA,AWAY,1128614,I. Arregui Mariezcurrena,SF,1884959,M. Luque Caballero,SF,1613926,M. Gomez Fernandez,SF,2341227,A. Montaño Muñoz,SF,2735173,M. Forsyth,SF,0.4,23.0,1.0,0.0,1.0,104.3,0.0,104.3
2480167,8,979952,LA LAGUNA TOYOTA  ADAREVA,AWAY,1128614,I. Arregui Mariezcurrena,SF,1884959,M. Luque Caballero,SF,2432295,B. Stevanovic,SF,1613926,M. Gomez Fernandez,SF,2735173,M. Forsyth,SF,2.1,123.0,2.0,6.0,-4.0,39.0,117.1,-78.0
2480167,8,979952,LA LAGUNA TOYOTA  ADAREVA,AWAY,1379088,P. Soler Suarez,SF,1884959,M. Luque Caballero,SF,2432295,B. Stevanovic,SF,1613926,M. Gomez Fernandez,SF,2735173,M. Forsyth,SF,1.2,74.0,1.0,0.0,1.0,32.4,0.0,32.4
2480167,8,979952,LA LAGUNA TOYOTA  ADAREVA,AWAY,2639428,C. Parisi,SF,1379088,P. Soler Suarez,SF,1884959,M. Luque Caballero,SF,2432295,B. Stevanovic,SF,1613926,M. Gomez Fernandez,SF,9.9,597.0,18.0,8.0,10.0,72.4,32.2,40.2
2480167,8,979988,FUSTECMA NBF CASTELLÓ,HOME,1680760,S. Carli Del Pino,SF,1460562,C. Perez Relancio,SF,2144678,L. Jovena Meseguer,SF,2102573,A. Ferri Montagud,SF,1618451,L. Campos De Bengoa,SF,1.8,107.0,4.0,4.0,0.0,89.7,89.7,0.0
2480167,8,979988,FUSTECMA NBF CASTELLÓ,HOME,1680760,S. Carli Del Pino,SF,1494221,L. Soler Madariaga,SF,2087212,L. Ruiz De La Hermosa Arce,SF,2144678,L. Jovena Meseguer,SF,2102573,A. Ferri Montagud,SF,1.2,73.0,0.0,3.0,-3.0,0.0,98.6,-98.6
2480167,8,979988,FUSTECMA NBF CASTELLÓ,HOME,1680760,S. Carli Del Pino,SF,2274867,L. De Giacomo,SF,1494221,L. Soler Madariaga,SF,2087212,L. Ruiz De La Hermosa Arce,SF,2102573,A. Ferri Montagud,SF,2.1,124.0,0.0,3.0,-3.0,0.0,58.1,-58.1
2480167,8,979988,FUSTECMA NBF CASTELLÓ,HOME,1680760,S. Carli Del Pino,SF,2815082,M. Agyei,SF,1494221,L. Soler Madariaga,SF,2144678,L. Jovena Meseguer,SF,2102573,A. Ferri Montagud,SF,3.9,227.0,6.0,5.0,1.0,63.4,52.9,10.6
2480167,8,979988,FUSTECMA NBF CASTELLÓ,HOME,1680760,S. Carli Del Pino,SF,2815082,M. Agyei,SF,2087212,L. Ruiz De La Hermosa Arce,SF,2144678,L. Jovena Meseguer,SF,1618451,L. Campos De Bengoa,SF,1.6,95.0,0.0,2.0,-2.0,0.0,50.5,-50.5
2480167,8,979988,FUSTECMA NBF CASTELLÓ,HOME,1680760,S. Carli Del Pino,SF,2815082,M. Agyei,SF,2144678,L. Jovena Meseguer,SF,2102573,A. Ferri Montagud,SF,1618451,L. Campos De Bengoa,SF,1.7,104.0,2.0,4.0,-2.0,46.2,92.3,-46.2
2480167,8,979988,FUSTECMA NBF CASTELLÓ,HOME,1680760,S. Carli Del Pino,SF,2829993,G. Aiello,SF,1460562,C. Perez Relancio,SF,2087212,L. Ruiz De La Hermosa Arce,SF,2102573,A. Ferri Montagud,SF,1.6,99.0,2.0,4.0,-2.0,48.5,97.0,-48.5
2480167,8,979988,FUSTECMA NBF CASTELLÓ,HOME,1680760,S. Carli Del Pino,SF,2829993,G. Aiello,SF,1460562,C. Perez Relancio,SF,2102573,A. Ferri Montagud,SF,1618451,L. Campos De Bengoa,SF,1.0,62.0,4.0,1.0,3.0,154.8,38.7,116.1
2480167,8,979988,FUSTECMA NBF CASTELLÓ,HOME,1680760,S. Carli Del Pino,SF,2829993,G. Aiello,SF,1494221,L. Soler Madariaga,SF,2087212,L. Ruiz De La Hermosa Arce,SF,2102573,A. Ferri Montagud,SF,1.4,85.0,4.0,0.0,4.0,112.9,0.0,112.9
2480167,8,979988,FUSTECMA NBF CASTELLÓ,HOME,1680760,S. Carli Del Pino,SF,2829993,G. Aiello,SF,2274867,L. De Giacomo,SF,2815082,M. Agyei,SF,2087212,L. Ruiz De La Hermosa Arce,SF,1.4,85.0,1.0,2.0,-1.0,28.2,56.5,-28.2
2480167,8,979988,FUSTECMA NBF CASTELLÓ,HOME,1680760,S. Carli Del Pino,SF,2829993,G. Aiello,SF,2274867,L. De Giacomo,SF,2815082,M. Agyei,SF,2102573,A. Ferri Montagud,SF,2.6,155.0,0.0,4.0,-4.0,0.0,61.9,-61.9
2480167,8,979988,FUSTECMA NBF CASTELLÓ,HOME,1680760,S. Carli Del Pino,SF,2829993,G. Aiello,SF,2815082,M. Agyei,SF,1460562,C. Perez Relancio,SF,2087212,L. Ruiz De La Hermosa Arce,SF,2.1,128.0,3.0,0.0,3.0,56.2,0.0,56.2
2480167,8,979988,FUSTECMA NBF CASTELLÓ,HOME,1680760,S. Carli Del Pino,SF,2829993,G. Aiello,SF,2815082,M. Agyei,SF,1460562,C. Perez Relancio,SF,2102573,A. Ferri Montagud,SF,5.7,345.0,6.0,10.0,-4.0,41.7,69.6,-27.8
2480167,8,979988,FUSTECMA NBF CASTELLÓ,HOME,1680760,S. Carli Del Pino,SF,2829993,G. Aiello,SF,2815082,M. Agyei,SF,1494221,L. Soler Madariaga,SF,2087212,L. Ruiz De La Hermosa Arce,SF,4.6,271.0,5.0,12.0,-7.0,44.3,106.3,-62.0
2480167,8,979988,FUSTECMA NBF CASTELLÓ,HOME,1680760,S. Carli Del Pino,SF,2829993,G. Aiello,SF,2815082,M. Agyei,SF,1494221,L. Soler Madariaga,SF,2102573,A. Ferri Montagud,SF,1.1,69.0,2.0,4.0,-2.0,69.6,139.1,-69.6
2480167,8,979988,FUSTECMA NBF CASTELLÓ,HOME,1680760,S. Carli Del Pino,SF,2829993,G. Aiello,SF,2815082,M. Agyei,SF,2087212,L. Ruiz De La Hermosa Arce,SF,2102573,A. Ferri Montagud,SF,1.8,105.0,1.0,1.0,0.0,22.9,22.9,0.0
2480167,8,979988,FUSTECMA NBF CASTELLÓ,HOME,2829993,G. Aiello,SF,2274867,L. De Giacomo,SF,2815082,M. Agyei,SF,2102573,A. Ferri Montagud,SF,1618451,L. Campos De Bengoa,SF,4.3,260.0,4.0,0.0,4.0,36.9,0.0,36.9
2480167,8,979988,FUSTECMA NBF CASTELLÓ,HOME,2829993,G. Aiello,SF,2815082,M. Agyei,SF,1460562,C. Perez Relancio,SF,2087212,L. Ruiz De La Hermosa Arce,SF,1618451,L. Campos De Bengoa,SF,0.1,6.0,3.0,0.0,3.0,1200.0,0.0,1200.0
2480168,8,979971,OSES CONSTRUCCION,HOME,1044456,M. Asurmendi Villaverde,SF,1824910,S. Castro Marrero,SF,2561102,M. Blanco Morcillo,SF,2432513,V. Llorente,SF,1593987,M. Recarte Mendive,SF,2.5,153.0,3.0,7.0,-4.0,47.1,109.8,-62.7
2480168,8,979971,OSES CONSTRUCCION,HOME,1044456,M. Asurmendi Villaverde,SF,2432778,J. Mungo Lanzetti,SF,2561102,M. Blanco Morcillo,SF,1824910,S. Castro Marrero,SF,1820835,A. Wone Aranaz,SF,1.1,69.0,0.0,1.0,-1.0,0.0,34.8,-34.8
2480168,8,979971,OSES CONSTRUCCION,HOME,1044456,M. Asurmendi Villaverde,SF,2561097,A. Diez Pastor,SF,2432513,V. Llorente,SF,1824910,S. Castro Marrero,SF,1820835,A. Wone Aranaz,SF,0.4,27.0,2.0,0.0,2.0,177.8,0.0,177.8
2480168,8,979971,OSES CONSTRUCCION,HOME,1044456,M. Asurmendi Villaverde,SF,2561102,M. Blanco Morcillo,SF,1593987,M. Recarte Mendive,SF,1824910,S. Castro Marrero,SF,1820835,A. Wone Aranaz,SF,2.7,161.0,3.0,4.0,-1.0,44.7,59.6,-14.9
2480168,8,979971,OSES CONSTRUCCION,HOME,1588922,L. Gutierrez Lancho,SF,1044456,M. Asurmendi Villaverde,SF,2432778,J. Mungo Lanzetti,SF,1824910,S. Castro Marrero,SF,1593987,M. Recarte Mendive,SF,0.1,3.0,0.0,2.0,-2.0,0.0,1600.0,-1600.0
2480168,8,979971,OSES CONSTRUCCION,HOME,1588922,L. Gutierrez Lancho,SF,1044456,M. Asurmendi Villaverde,SF,2432778,J. Mungo Lanzetti,SF,1824910,S. Castro Marrero,SF,1820835,A. Wone Aranaz,SF,0.8,45.0,0.0,2.0,-2.0,0.0,106.7,-106.7
2480168,8,979971,OSES CONSTRUCCION,HOME,1588922,L. Gutierrez Lancho,SF,1044456,M. Asurmendi Villaverde,SF,2432778,J. Mungo Lanzetti,SF,1824910,S. Castro Marrero,SF,2432513,V. Llorente,SF,0.6,34.0,1.0,0.0,1.0,70.6,0.0,70.6
2480168,8,979971,OSES CONSTRUCCION,HOME,1588922,L. Gutierrez Lancho,SF,1044456,M. Asurmendi Villaverde,SF,2432778,J. Mungo Lanzetti,SF,2432513,V. Llorente,SF,1824910,S. Castro Marrero,SF,3.0,181.0,2.0,7.0,-5.0,26.5,92.8,-66.3
2480168,8,979971,OSES CONSTRUCCION,HOME,1588922,L. Gutierrez Lancho,SF,2364706,F. Parra,SF,2432778,J. Mungo Lanzetti,SF,1824910,S. Castro Marrero,SF,1820835,A. Wone Aranaz,SF,4.8,287.0,3.0,16.0,-13.0,25.1,133.8,-108.7
2480168,8,979971,OSES CONSTRUCCION,HOME,1588922,L. Gutierrez Lancho,SF,2364706,F. Parra,SF,2432778,J. Mungo Lanzetti,SF,1824910,S. Castro Marrero,SF,2432513,V. Llorente,SF,2.0,120.0,5.0,2.0,3.0,100.0,40.0,60.0
2480168,8,979971,OSES CONSTRUCCION,HOME,1588922,L. Gutierrez Lancho,SF,2364706,F. Parra,SF,2432778,J. Mungo Lanzetti,SF,2432513,V. Llorente,SF,1824910,S. Castro Marrero,SF,3.5,210.0,7.0,4.0,3.0,80.0,45.7,34.3
2480168,8,979971,OSES CONSTRUCCION,HOME,1588922,L. Gutierrez Lancho,SF,2364706,F. Parra,SF,2561097,A. Diez Pastor,SF,2432513,V. Llorente,SF,1820835,A. Wone Aranaz,SF,1.0,60.0,5.0,0.0,5.0,200.0,0.0,200.0
2480168,8,979971,OSES CONSTRUCCION,HOME,1588922,L. Gutierrez Lancho,SF,2364706,F. Parra,SF,2561097,A. Diez Pastor,SF,2432778,J. Mungo Lanzetti,SF,2432513,V. Llorente,SF,1.5,91.0,3.0,0.0,3.0,79.1,0.0,79.1
2480168,8,979971,OSES CONSTRUCCION,HOME,1588922,L. Gutierrez Lancho,SF,2561097,A. Diez Pastor,SF,2432778,J. Mungo Lanzetti,SF,2432513,V. Llorente,SF,1824910,S. Castro Marrero,SF,1.8,109.0,6.0,6.0,0.0,132.1,132.1,0.0
2480168,8,979971,OSES CONSTRUCCION,HOME,1588922,L. Gutierrez Lancho,SF,2561097,A. Diez Pastor,SF,2561102,M. Blanco Morcillo,SF,2432513,V. Llorente,SF,1820835,A. Wone Aranaz,SF,2.5,152.0,3.0,0.0,3.0,47.4,0.0,47.4
2480168,8,979971,OSES CONSTRUCCION,HOME,2364706,F. Parra,SF,1044456,M. Asurmendi Villaverde,SF,2432778,J. Mungo Lanzetti,SF,1824910,S. Castro Marrero,SF,1820835,A. Wone Aranaz,SF,2.3,139.0,2.0,3.0,-1.0,34.5,51.8,-17.3
2480168,8,979971,OSES CONSTRUCCION,HOME,2364706,F. Parra,SF,1044456,M. Asurmendi Villaverde,SF,2432778,J. Mungo Lanzetti,SF,1824910,S. Castro Marrero,SF,2432513,V. Llorente,SF,1.6,99.0,3.0,0.0,3.0,72.7,0.0,72.7
2480168,8,979971,OSES CONSTRUCCION,HOME,2364706,F. Parra,SF,1593987,M. Recarte Mendive,SF,2561102,M. Blanco Morcillo,SF,1824910,S. Castro Marrero,SF,1820835,A. Wone Aranaz,SF,0.3,16.0,0.0,0.0,0.0,0.0,0.0,0.0
2480168,8,979971,OSES CONSTRUCCION,HOME,2364706,F. Parra,SF,1593987,M. Recarte Mendive,SF,2561102,M. Blanco Morcillo,SF,1824910,S. Castro Marrero,SF,2432513,V. Llorente,SF,1.4,83.0,4.0,6.0,-2.0,115.7,173.5,-57.8
2480168,8,979971,OSES CONSTRUCCION,HOME,2364706,F. Parra,SF,2432778,J. Mungo Lanzetti,SF,2561102,M. Blanco Morcillo,SF,1824910,S. Castro Marrero,SF,2432513,V. Llorente,SF,1.2,71.0,2.0,1.0,1.0,67.6,33.8,33.8
2480168,8,979971,OSES CONSTRUCCION,HOME,2364706,F. Parra,SF,2561097,A. Diez Pastor,SF,1593987,M. Recarte Mendive,SF,2561102,M. Blanco Morcillo,SF,2432513,V. Llorente,SF,4.8,290.0,8.0,5.0,3.0,66.2,41.4,24.8
2480168,8,981492,CELTA  FEMXA ZORKA,AWAY,2049773,D. Bermejo Escribano,SF,2276545,M. Vizmanos Iglesis,SF,2815029,J. Thomas,SF,2121212,P. Salinas Mascuñana,SF,2651124,A. Boquete Manna,SF,1.2,73.0,0.0,3.0,-3.0,0.0,98.6,-98.6
2480168,8,981492,CELTA  FEMXA ZORKA,AWAY,2179703,N. Martínez Quintana,SF,2049773,D. Bermejo Escribano,SF,2276545,M. Vizmanos Iglesis,SF,2815029,J. Thomas,SF,1855646,S. Vidal Acuña,SF,1.4,83.0,6.0,4.0,2.0,173.5,115.7,57.8
2480168,8,981492,CELTA  FEMXA ZORKA,AWAY,2179703,N. Martínez Quintana,SF,2049773,D. Bermejo Escribano,SF,2276545,M. Vizmanos Iglesis,SF,2815029,J. Thomas,SF,2121212,P. Salinas Mascuñana,SF,0.7,44.0,3.0,2.0,1.0,163.6,109.1,54.5
2480168,8,981492,CELTA  FEMXA ZORKA,AWAY,2179703,N. Martínez Quintana,SF,2276545,M. Vizmanos Iglesis,SF,2815029,J. Thomas,SF,1875311,C. Menendez Torres,SF,1855646,S. Vidal Acuña,SF,3.0,175.0,2.0,2.0,0.0,27.4,27.4,0.0
2480168,8,981492,CELTA  FEMXA ZORKA,AWAY,2276545,M. Vizmanos Iglesis,SF,1875311,C. Menendez Torres,SF,2815029,J. Thomas,SF,2121212,P. Salinas Mascuñana,SF,2651124,A. Boquete Manna,SF,0.8,49.0,0.0,2.0,-2.0,0.0,98.0,-98.0
2480168,8,981492,CELTA  FEMXA ZORKA,AWAY,2743289,D. Cabrera Baccon,SF,2049773,D. Bermejo Escribano,SF,2276545,M. Vizmanos Iglesis,SF,2815029,J. Thomas,SF,2121212,P. Salinas Mascuñana,SF,1.8,109.0,4.0,1.0,3.0,88.1,22.0,66.1
2480168,8,981492,CELTA  FEMXA ZORKA,AWAY,2743289,D. Cabrera Baccon,SF,2179703,N. Martínez Quintana,SF,1875311,C. Menendez Torres,SF,2121212,P. Salinas Mascuñana,SF,2814638,J. Kelliher,SF,3.5,210.0,4.0,7.0,-3.0,45.7,80.0,-34.3
2480168,8,981492,CELTA  FEMXA ZORKA,AWAY,2743289,D. Cabrera Baccon,SF,2179703,N. Martínez Quintana,SF,2049773,D. Bermejo Escribano,SF,1875311,C. Menendez Torres,SF,1855646,S. Vidal Acuña,SF,1.2,71.0,1.0,2.0,-1.0,33.8,67.6,-33.8
2480168,8,981492,CELTA  FEMXA ZORKA,AWAY,2743289,D. Cabrera Baccon,SF,2179703,N. Martínez Quintana,SF,2049773,D. Bermejo Escribano,SF,1875311,C. Menendez Torres,SF,2121212,P. Salinas Mascuñana,SF,3.1,179.0,11.0,4.0,7.0,147.5,53.6,93.9
2480168,8,981492,CELTA  FEMXA ZORKA,AWAY,2743289,D. Cabrera Baccon,SF,2179703,N. Martínez Quintana,SF,2049773,D. Bermejo Escribano,SF,2121212,P. Salinas Mascuñana,SF,2814638,J. Kelliher,SF,2.0,120.0,2.0,5.0,-3.0,40.0,100.0,-60.0
2480168,8,981492,CELTA  FEMXA ZORKA,AWAY,2743289,D. Cabrera Baccon,SF,2179703,N. Martínez Quintana,SF,2049773,D. Bermejo Escribano,SF,2179984,U. Rodríguez Silva,SF,2815029,J. Thomas,SF,0.7,44.0,0.0,4.0,-4.0,0.0,218.2,-218.2
2480168,8,981492,CELTA  FEMXA ZORKA,AWAY,2743289,D. Cabrera Baccon,SF,2179703,N. Martínez Quintana,SF,2049773,D. Bermejo Escribano,SF,2276545,M. Vizmanos Iglesis,SF,1875311,C. Menendez Torres,SF,2.0,119.0,3.0,3.0,0.0,60.5,60.5,0.0
2480168,8,981492,CELTA  FEMXA ZORKA,AWAY,2743289,D. Cabrera Baccon,SF,2179703,N. Martínez Quintana,SF,2049773,D. Bermejo Escribano,SF,2276545,M. Vizmanos Iglesis,SF,2815029,J. Thomas,SF,2.5,152.0,0.0,3.0,-3.0,0.0,47.4,-47.4
2480168,8,981492,CELTA  FEMXA ZORKA,AWAY,2743289,D. Cabrera Baccon,SF,2179703,N. Martínez Quintana,SF,2179984,U. Rodríguez Silva,SF,1875311,C. Menendez Torres,SF,1855646,S. Vidal Acuña,SF,2.1,129.0,3.0,6.0,-3.0,55.8,111.6,-55.8
2480168,8,981492,CELTA  FEMXA ZORKA,AWAY,2743289,D. Cabrera Baccon,SF,2179703,N. Martínez Quintana,SF,2179984,U. Rodríguez Silva,SF,1875311,C. Menendez Torres,SF,2121212,P. Salinas Mascuñana,SF,3.7,224.0,6.0,10.0,-4.0,64.3,107.1,-42.9
2480168,8,981492,CELTA  FEMXA ZORKA,AWAY,2743289,D. Cabrera Baccon,SF,2179703,N. Martínez Quintana,SF,2276545,M. Vizmanos Iglesis,SF,1875311,C. Menendez Torres,SF,2121212,P. Salinas Mascuñana,SF,1.8,110.0,3.0,0.0,3.0,65.5,0.0,65.5
2480168,8,981492,CELTA  FEMXA ZORKA,AWAY,2743289,D. Cabrera Baccon,SF,2179703,N. Martínez Quintana,SF,2276545,M. Vizmanos Iglesis,SF,2815029,J. Thomas,SF,1875311,C. Menendez Torres,SF,3.0,182.0,6.0,2.0,4.0,79.1,26.4,52.7
2480168,8,981492,CELTA  FEMXA ZORKA,AWAY,2743289,D. Cabrera Baccon,SF,2179703,N. Martínez Quintana,SF,2815029,J. Thomas,SF,1875311,C. Menendez Torres,SF,1855646,S. Vidal Acuña,SF,0.0,2.0,0.0,0.0,0.0,0.0,0.0,0.0
2480168,8,981492,CELTA  FEMXA ZORKA,AWAY,2743289,D. Cabrera Baccon,SF,2179984,U. Rodríguez Silva,SF,1875311,C. Menendez Torres,SF,2814638,J. Kelliher,SF,2651124,A. Boquete Manna,SF,2.8,167.0,5.0,0.0,5.0,71.9,0.0,71.9
2480168,8,981492,CELTA  FEMXA ZORKA,AWAY,2743289,D. Cabrera Baccon,SF,2179984,U. Rodríguez Silva,SF,2276545,M. Vizmanos Iglesis,SF,1875311,C. Menendez Torres,SF,2651124,A. Boquete Manna,SF,2.5,151.0,3.0,0.0,3.0,47.7,0.0,47.7
2480168,8,981492,CELTA  FEMXA ZORKA,AWAY,2743289,D. Cabrera Baccon,SF,2179984,U. Rodríguez Silva,SF,2276545,M. Vizmanos Iglesis,SF,2814638,J. Kelliher,SF,2651124,A. Boquete Manna,SF,0.1,7.0,4.0,2.0,2.0,1371.4,685.7,685.7
2480169,9,981206,MCR LIMA-HORTA BARCELONA,AWAY,1908281,M. Aguado Tortella,SF,2828941,K. Clark,SF,1958425,L. Roig I Salrach,SF,1912814,N. Barrientos Pereira,SF,2042157,C. Ripoll Moya,SF,1.6,99.0,2.0,6.0,-4.0,48.5,145.5,-97.0
2480169,9,981206,MCR LIMA-HORTA BARCELONA,AWAY,1908281,M. Aguado Tortella,SF,2828941,K. Clark,SF,1959765,J. Rueda Choni,SF,1912814,N. Barrientos Pereira,SF,2042157,C. Ripoll Moya,SF,1.1,62.0,0.0,1.0,-1.0,0.0,38.7,-38.7
2480169,9,981206,MCR LIMA-HORTA BARCELONA,AWAY,1908281,M. Aguado Tortella,SF,2828941,K. Clark,SF,1968768,I. Subirats Teruel,SF,1886093,E. Escuder Gonzalez,SF,2042157,C. Ripoll Moya,SF,3.1,182.0,9.0,6.0,3.0,118.7,79.1,39.6
2480169,9,981206,MCR LIMA-HORTA BARCELONA,AWAY,1958425,L. Roig I Salrach,SF,2828941,K. Clark,SF,1959765,J. Rueda Choni,SF,1886093,E. Escuder Gonzalez,SF,1912814,N. Barrientos Pereira,SF,0.5,32.0,0.0,3.0,-3.0,0.0,225.0,-225.0
2480169,9,981206,MCR LIMA-HORTA BARCELONA,AWAY,1958425,L. Roig I Salrach,SF,2828941,K. Clark,SF,1959765,J. Rueda Choni,SF,1968768,I. Subirats Teruel,SF,1912814,N. Barrientos Pereira,SF,1.6,99.0,2.0,4.0,-2.0,48.5,97.0,-48.5
2480169,9,981206,MCR LIMA-HORTA BARCELONA,AWAY,2235190,E. Morales López,SF,1908281,M. Aguado Tortella,SF,1958425,L. Roig I Salrach,SF,1959765,J. Rueda Choni,SF,1968768,I. Subirats Teruel,SF,6.4,383.0,11.0,11.0,0.0,68.9,68.9,0.0
2480169,9,981206,MCR LIMA-HORTA BARCELONA,AWAY,2235190,E. Morales López,SF,1908281,M. Aguado Tortella,SF,1959765,J. Rueda Choni,SF,1912814,N. Barrientos Pereira,SF,2042157,C. Ripoll Moya,SF,1.9,114.0,2.0,3.0,-1.0,42.1,63.2,-21.1
2480169,9,981206,MCR LIMA-HORTA BARCELONA,AWAY,2235190,E. Morales López,SF,1908281,M. Aguado Tortella,SF,1959765,J. Rueda Choni,SF,1968768,I. Subirats Teruel,SF,1886093,E. Escuder Gonzalez,SF,3.7,220.0,6.0,7.0,-1.0,65.5,76.4,-10.9
2480169,9,981206,MCR LIMA-HORTA BARCELONA,AWAY,2235190,E. Morales López,SF,1908281,M. Aguado Tortella,SF,1959765,J. Rueda Choni,SF,1968768,I. Subirats Teruel,SF,1958425,L. Roig I Salrach,SF,2.6,159.0,3.0,7.0,-4.0,45.3,105.7,-60.4
2480169,9,981206,MCR LIMA-HORTA BARCELONA,AWAY,2235190,E. Morales López,SF,1908281,M. Aguado Tortella,SF,1968768,I. Subirats Teruel,SF,1886093,E. Escuder Gonzalez,SF,1912814,N. Barrientos Pereira,SF,3.5,210.0,8.0,9.0,-1.0,91.4,102.9,-11.4
2480169,9,981206,MCR LIMA-HORTA BARCELONA,AWAY,2235190,E. Morales López,SF,1958425,L. Roig I Salrach,SF,1959765,J. Rueda Choni,SF,1886093,E. Escuder Gonzalez,SF,2042157,C. Ripoll Moya,SF,2.6,155.0,6.0,4.0,2.0,92.9,61.9,31.0
2480169,9,981206,MCR LIMA-HORTA BARCELONA,AWAY,2235190,E. Morales López,SF,1958425,L. Roig I Salrach,SF,1959765,J. Rueda Choni,SF,1968768,I. Subirats Teruel,SF,1886093,E. Escuder Gonzalez,SF,2.5,151.0,4.0,0.0,4.0,63.6,0.0,63.6
2480169,9,981206,MCR LIMA-HORTA BARCELONA,AWAY,2235190,E. Morales López,SF,1958425,L. Roig I Salrach,SF,1968768,I. Subirats Teruel,SF,1886093,E. Escuder Gonzalez,SF,1912814,N. Barrientos Pereira,SF,1.2,71.0,0.0,4.0,-4.0,0.0,135.2,-135.2
2480169,9,981206,MCR LIMA-HORTA BARCELONA,AWAY,2235190,E. Morales López,SF,1959765,J. Rueda Choni,SF,1886093,E. Escuder Gonzalez,SF,1912814,N. Barrientos Pereira,SF,2042157,C. Ripoll Moya,SF,0.7,42.0,0.0,3.0,-3.0,0.0,171.4,-171.4
2480169,9,981206,MCR LIMA-HORTA BARCELONA,AWAY,2235190,E. Morales López,SF,1959765,J. Rueda Choni,SF,1958425,L. Roig I Salrach,SF,1912814,N. Barrientos Pereira,SF,2042157,C. Ripoll Moya,SF,0.7,38.0,0.0,1.0,-1.0,0.0,63.2,-63.2
2480169,9,981206,MCR LIMA-HORTA BARCELONA,AWAY,2235190,E. Morales López,SF,1959765,J. Rueda Choni,SF,1968768,I. Subirats Teruel,SF,1886093,E. Escuder Gonzalez,SF,2042157,C. Ripoll Moya,SF,0.9,56.0,0.0,4.0,-4.0,0.0,171.4,-171.4
2480169,9,981206,MCR LIMA-HORTA BARCELONA,AWAY,2235190,E. Morales López,SF,1959765,J. Rueda Choni,SF,1968768,I. Subirats Teruel,SF,1958425,L. Roig I Salrach,SF,1886093,E. Escuder Gonzalez,SF,1.9,116.0,3.0,6.0,-3.0,62.1,124.1,-62.1
2480169,9,981206,MCR LIMA-HORTA BARCELONA,AWAY,2828941,K. Clark,SF,1959765,J. Rueda Choni,SF,1886093,E. Escuder Gonzalez,SF,1912814,N. Barrientos Pereira,SF,2042157,C. Ripoll Moya,SF,3.5,211.0,14.0,6.0,8.0,159.2,68.2,91.0
2480169,9,981492,CELTA  FEMXA ZORKA,HOME,2049773,D. Bermejo Escribano,SF,2276545,M. Vizmanos Iglesis,SF,1855646,S. Vidal Acuña,SF,2121212,P. Salinas Mascuñana,SF,2814638,J. Kelliher,SF,1.1,62.0,3.0,3.0,0.0,116.1,116.1,0.0
2480169,9,981492,CELTA  FEMXA ZORKA,HOME,2049773,D. Bermejo Escribano,SF,2276545,M. Vizmanos Iglesis,SF,2815029,J. Thomas,SF,2121212,P. Salinas Mascuñana,SF,2814638,J. Kelliher,SF,2.9,169.0,4.0,2.0,2.0,56.8,28.4,28.4
2480169,9,981492,CELTA  FEMXA ZORKA,HOME,2049773,D. Bermejo Escribano,SF,2815029,J. Thomas,SF,1855646,S. Vidal Acuña,SF,2121212,P. Salinas Mascuñana,SF,2814638,J. Kelliher,SF,2.2,134.0,6.0,2.0,4.0,107.5,35.8,71.6
2480169,9,981492,CELTA  FEMXA ZORKA,HOME,2049773,D. Bermejo Escribano,SF,2815029,J. Thomas,SF,1875311,C. Menendez Torres,SF,2121212,P. Salinas Mascuñana,SF,2814638,J. Kelliher,SF,2.5,151.0,0.0,4.0,-4.0,0.0,63.6,-63.6
2480169,9,981492,CELTA  FEMXA ZORKA,HOME,2276545,M. Vizmanos Iglesis,SF,1875311,C. Menendez Torres,SF,2121212,P. Salinas Mascuñana,SF,2814638,J. Kelliher,SF,2651124,A. Boquete Manna,SF,2.4,146.0,8.0,2.0,6.0,131.5,32.9,98.6
2480169,9,981492,CELTA  FEMXA ZORKA,HOME,2276545,M. Vizmanos Iglesis,SF,2815029,J. Thomas,SF,1875311,C. Menendez Torres,SF,2121212,P. Salinas Mascuñana,SF,2814638,J. Kelliher,SF,7.5,448.0,11.0,15.0,-4.0,58.9,80.4,-21.4
2480169,9,981492,CELTA  FEMXA ZORKA,HOME,2743289,D. Cabrera Baccon,SF,2049773,D. Bermejo Escribano,SF,1855646,S. Vidal Acuña,SF,2121212,P. Salinas Mascuñana,SF,2814638,J. Kelliher,SF,1.4,83.0,4.0,1.0,3.0,115.7,28.9,86.7
2480169,9,981492,CELTA  FEMXA ZORKA,HOME,2743289,D. Cabrera Baccon,SF,2049773,D. Bermejo Escribano,SF,2179984,U. Rodríguez Silva,SF,1855646,S. Vidal Acuña,SF,2121212,P. Salinas Mascuñana,SF,4.3,258.0,10.0,14.0,-4.0,93.0,130.2,-37.2
2480169,9,981492,CELTA  FEMXA ZORKA,HOME,2743289,D. Cabrera Baccon,SF,2049773,D. Bermejo Escribano,SF,2179984,U. Rodríguez Silva,SF,2276545,M. Vizmanos Iglesis,SF,2121212,P. Salinas Mascuñana,SF,2.1,131.0,7.0,2.0,5.0,128.2,36.6,91.6
2480169,9,981492,CELTA  FEMXA ZORKA,HOME,2743289,D. Cabrera Baccon,SF,2049773,D. Bermejo Escribano,SF,2179984,U. Rodríguez Silva,SF,2815029,J. Thomas,SF,1855646,S. Vidal Acuña,SF,1.1,66.0,3.0,0.0,3.0,109.1,0.0,109.1
2480169,9,981492,CELTA  FEMXA ZORKA,HOME,2743289,D. Cabrera Baccon,SF,2049773,D. Bermejo Escribano,SF,2276545,M. Vizmanos Iglesis,SF,2121212,P. Salinas Mascuñana,SF,2651124,A. Boquete Manna,SF,1.5,91.0,4.0,3.0,1.0,105.5,79.1,26.4
2480169,9,981492,CELTA  FEMXA ZORKA,HOME,2743289,D. Cabrera Baccon,SF,2049773,D. Bermejo Escribano,SF,2276545,M. Vizmanos Iglesis,SF,2815029,J. Thomas,SF,2121212,P. Salinas Mascuñana,SF,0.6,35.0,3.0,0.0,3.0,205.7,0.0,205.7
2480169,9,981492,CELTA  FEMXA ZORKA,HOME,2743289,D. Cabrera Baccon,SF,2049773,D. Bermejo Escribano,SF,2815029,J. Thomas,SF,1855646,S. Vidal Acuña,SF,2121212,P. Salinas Mascuñana,SF,1.2,71.0,0.0,6.0,-6.0,0.0,202.8,-202.8
2480169,9,981492,CELTA  FEMXA ZORKA,HOME,2743289,D. Cabrera Baccon,SF,2179984,U. Rodríguez Silva,SF,1875311,C. Menendez Torres,SF,1855646,S. Vidal Acuña,SF,2121212,P. Salinas Mascuñana,SF,2.3,139.0,5.0,5.0,0.0,86.3,86.3,0.0
2480169,9,981492,CELTA  FEMXA ZORKA,HOME,2743289,D. Cabrera Baccon,SF,2179984,U. Rodríguez Silva,SF,1875311,C. Menendez Torres,SF,2814638,J. Kelliher,SF,2651124,A. Boquete Manna,SF,5.0,305.0,11.0,8.0,3.0,86.6,63.0,23.6
2480169,9,981492,CELTA  FEMXA ZORKA,HOME,2743289,D. Cabrera Baccon,SF,2815029,J. Thomas,SF,1875311,C. Menendez Torres,SF,1855646,S. Vidal Acuña,SF,2121212,P. Salinas Mascuñana,SF,1.9,111.0,6.0,3.0,3.0,129.7,64.9,64.9
2480170,9,979952,LA LAGUNA TOYOTA  ADAREVA,HOME,1128614,I. Arregui Mariezcurrena,SF,1379088,P. Soler Suarez,SF,1613926,M. Gomez Fernandez,SF,2341227,A. Montaño Muñoz,SF,2735173,M. Forsyth,SF,1.2,73.0,0.0,2.0,-2.0,0.0,65.8,-65.8
2480170,9,979952,LA LAGUNA TOYOTA  ADAREVA,HOME,1128614,I. Arregui Mariezcurrena,SF,1379088,P. Soler Suarez,SF,1884959,M. Luque Caballero,SF,2432295,B. Stevanovic,SF,2735173,M. Forsyth,SF,13.3,797.0,24.0,32.0,-8.0,72.3,96.4,-24.1
2480170,9,979952,LA LAGUNA TOYOTA  ADAREVA,HOME,1128614,I. Arregui Mariezcurrena,SF,1884959,M. Luque Caballero,SF,2432295,B. Stevanovic,SF,1613926,M. Gomez Fernandez,SF,2341227,A. Montaño Muñoz,SF,3.8,225.0,3.0,5.0,-2.0,32.0,53.3,-21.3
2480170,9,979952,LA LAGUNA TOYOTA  ADAREVA,HOME,1128614,I. Arregui Mariezcurrena,SF,2432295,B. Stevanovic,SF,1613926,M. Gomez Fernandez,SF,2341227,A. Montaño Muñoz,SF,2735173,M. Forsyth,SF,0.9,55.0,2.0,0.0,2.0,87.3,0.0,87.3
2480170,9,979952,LA LAGUNA TOYOTA  ADAREVA,HOME,1613926,M. Gomez Fernandez,SF,1128614,I. Arregui Mariezcurrena,SF,1379088,P. Soler Suarez,SF,1884959,M. Luque Caballero,SF,2735173,M. Forsyth,SF,1.8,105.0,5.0,0.0,5.0,114.3,0.0,114.3
2480170,9,979952,LA LAGUNA TOYOTA  ADAREVA,HOME,1613926,M. Gomez Fernandez,SF,1128614,I. Arregui Mariezcurrena,SF,1379088,P. Soler Suarez,SF,2432295,B. Stevanovic,SF,2735173,M. Forsyth,SF,2.3,139.0,2.0,2.0,0.0,34.5,34.5,0.0
2480170,9,979952,LA LAGUNA TOYOTA  ADAREVA,HOME,2639428,C. Parisi,SF,1128614,I. Arregui Mariezcurrena,SF,2432295,B. Stevanovic,SF,1613926,M. Gomez Fernandez,SF,2341227,A. Montaño Muñoz,SF,0.4,22.0,3.0,3.0,0.0,327.3,327.3,0.0
2480170,9,979952,LA LAGUNA TOYOTA  ADAREVA,HOME,2639428,C. Parisi,SF,1379088,P. Soler Suarez,SF,1613926,M. Gomez Fernandez,SF,2341227,A. Montaño Muñoz,SF,2735173,M. Forsyth,SF,0.6,37.0,0.0,2.0,-2.0,0.0,129.7,-129.7
2480170,9,979952,LA LAGUNA TOYOTA  ADAREVA,HOME,2639428,C. Parisi,SF,1379088,P. Soler Suarez,SF,1884959,M. Luque Caballero,SF,2432295,B. Stevanovic,SF,1613926,M. Gomez Fernandez,SF,4.0,244.0,9.0,6.0,3.0,88.5,59.0,29.5
2480170,9,979952,LA LAGUNA TOYOTA  ADAREVA,HOME,2639428,C. Parisi,SF,1379088,P. Soler Suarez,SF,1884959,M. Luque Caballero,SF,2432295,B. Stevanovic,SF,2735173,M. Forsyth,SF,3.0,177.0,6.0,3.0,3.0,81.4,40.7,40.7
2480170,9,979952,LA LAGUNA TOYOTA  ADAREVA,HOME,2639428,C. Parisi,SF,1613926,M. Gomez Fernandez,SF,1128614,I. Arregui Mariezcurrena,SF,1379088,P. Soler Suarez,SF,2735173,M. Forsyth,SF,2.6,158.0,3.0,2.0,1.0,45.6,30.4,15.2
2480170,9,979952,LA LAGUNA TOYOTA  ADAREVA,HOME,2639428,C. Parisi,SF,1613926,M. Gomez Fernandez,SF,1379088,P. Soler Suarez,SF,1884959,M. Luque Caballero,SF,2735173,M. Forsyth,SF,6.3,368.0,10.0,12.0,-2.0,65.2,78.3,-13.0
2480170,9,979971,OSES CONSTRUCCION,AWAY,1044456,M. Asurmendi Villaverde,SF,2432778,J. Mungo Lanzetti,SF,1824910,S. Castro Marrero,SF,2561102,M. Blanco Morcillo,SF,2432513,V. Llorente,SF,2.8,168.0,2.0,2.0,0.0,28.6,28.6,0.0
2480170,9,979971,OSES CONSTRUCCION,AWAY,1588922,L. Gutierrez Lancho,SF,1044456,M. Asurmendi Villaverde,SF,2432778,J. Mungo Lanzetti,SF,1824910,S. Castro Marrero,SF,2432513,V. Llorente,SF,5.7,340.0,10.0,11.0,-1.0,70.6,77.6,-7.1
2480170,9,979971,OSES CONSTRUCCION,AWAY,1588922,L. Gutierrez Lancho,SF,2364706,F. Parra,SF,1824910,S. Castro Marrero,SF,2432513,V. Llorente,SF,1820835,A. Wone Aranaz,SF,2.4,143.0,9.0,4.0,5.0,151.0,67.1,83.9
2480170,9,979971,OSES CONSTRUCCION,AWAY,1588922,L. Gutierrez Lancho,SF,2364706,F. Parra,SF,2432778,J. Mungo Lanzetti,SF,1824910,S. Castro Marrero,SF,1820835,A. Wone Aranaz,SF,3.5,209.0,11.0,4.0,7.0,126.3,45.9,80.4
2480170,9,979971,OSES CONSTRUCCION,AWAY,1588922,L. Gutierrez Lancho,SF,2364706,F. Parra,SF,2432778,J. Mungo Lanzetti,SF,1824910,S. Castro Marrero,SF,2432513,V. Llorente,SF,1.8,107.0,1.0,2.0,-1.0,22.4,44.9,-22.4
2480170,9,979971,OSES CONSTRUCCION,AWAY,1588922,L. Gutierrez Lancho,SF,2364706,F. Parra,SF,2432778,J. Mungo Lanzetti,SF,2432513,V. Llorente,SF,1820835,A. Wone Aranaz,SF,2.4,143.0,0.0,4.0,-4.0,0.0,67.1,-67.1
2480170,9,979971,OSES CONSTRUCCION,AWAY,1588922,L. Gutierrez Lancho,SF,2432778,J. Mungo Lanzetti,SF,1824910,S. Castro Marrero,SF,2432513,V. Llorente,SF,1820835,A. Wone Aranaz,SF,5.5,328.0,11.0,14.0,-3.0,80.5,102.4,-22.0
2480170,9,979971,OSES CONSTRUCCION,AWAY,1588922,L. Gutierrez Lancho,SF,2432778,J. Mungo Lanzetti,SF,1824910,S. Castro Marrero,SF,2561102,M. Blanco Morcillo,SF,2432513,V. Llorente,SF,0.4,23.0,0.0,1.0,-1.0,0.0,104.3,-104.3
2480170,9,979971,OSES CONSTRUCCION,AWAY,2364706,F. Parra,SF,1044456,M. Asurmendi Villaverde,SF,2432778,J. Mungo Lanzetti,SF,1824910,S. Castro Marrero,SF,2432513,V. Llorente,SF,1.6,93.0,0.0,2.0,-2.0,0.0,51.6,-51.6
2480170,9,979971,OSES CONSTRUCCION,AWAY,2364706,F. Parra,SF,2432778,J. Mungo Lanzetti,SF,1824910,S. Castro Marrero,SF,2561102,M. Blanco Morcillo,SF,1820835,A. Wone Aranaz,SF,2.0,119.0,6.0,3.0,3.0,121.0,60.5,60.5
2480170,9,979971,OSES CONSTRUCCION,AWAY,2364706,F. Parra,SF,2432778,J. Mungo Lanzetti,SF,1824910,S. Castro Marrero,SF,2561102,M. Blanco Morcillo,SF,2432513,V. Llorente,SF,7.5,446.0,11.0,11.0,0.0,59.2,59.2,0.0
2480170,9,979971,OSES CONSTRUCCION,AWAY,2364706,F. Parra,SF,2561097,A. Diez Pastor,SF,2432778,J. Mungo Lanzetti,SF,2561102,M. Blanco Morcillo,SF,2432513,V. Llorente,SF,0.9,56.0,2.0,3.0,-1.0,85.7,128.6,-42.9
2480170,9,979971,OSES CONSTRUCCION,AWAY,2364706,F. Parra,SF,2561097,A. Diez Pastor,SF,2561102,M. Blanco Morcillo,SF,2432513,V. Llorente,SF,1820835,A. Wone Aranaz,SF,3.7,225.0,6.0,6.0,0.0,64.0,64.0,0.0
2480171,9,979988,FUSTECMA NBF CASTELLÓ,AWAY,1680760,S. Carli Del Pino,SF,2131367,S. Basaez Narvaez,SF,1460562,C. Perez Relancio,SF,2815082,M. Agyei,SF,2102573,A. Ferri Montagud,SF,0.2,15.0,2.0,0.0,2.0,320.0,0.0,320.0
2480171,9,979988,FUSTECMA NBF CASTELLÓ,AWAY,1680760,S. Carli Del Pino,SF,2131367,S. Basaez Narvaez,SF,1460562,C. Perez Relancio,SF,2815082,M. Agyei,SF,2144678,L. Jovena Meseguer,SF,2.2,130.0,2.0,5.0,-3.0,36.9,92.3,-55.4
2480171,9,979988,FUSTECMA NBF CASTELLÓ,AWAY,1680760,S. Carli Del Pino,SF,2131367,S. Basaez Narvaez,SF,2274867,L. De Giacomo,SF,1494221,L. Soler Madariaga,SF,2102573,A. Ferri Montagud,SF,2.5,149.0,7.0,4.0,3.0,112.8,64.4,48.3
2480171,9,979988,FUSTECMA NBF CASTELLÓ,AWAY,1680760,S. Carli Del Pino,SF,2131367,S. Basaez Narvaez,SF,2274867,L. De Giacomo,SF,2815082,M. Agyei,SF,1460562,C. Perez Relancio,SF,4.0,238.0,8.0,6.0,2.0,80.7,60.5,20.2
2480171,9,979988,FUSTECMA NBF CASTELLÓ,AWAY,1680760,S. Carli Del Pino,SF,2131367,S. Basaez Narvaez,SF,2274867,L. De Giacomo,SF,2815082,M. Agyei,SF,1494221,L. Soler Madariaga,SF,5.3,323.0,7.0,7.0,0.0,52.0,52.0,0.0
2480171,9,979988,FUSTECMA NBF CASTELLÓ,AWAY,1680760,S. Carli Del Pino,SF,2274867,L. De Giacomo,SF,2087212,L. Ruiz De La Hermosa Arce,SF,2815082,M. Agyei,SF,1494221,L. Soler Madariaga,SF,1.8,107.0,4.0,3.0,1.0,89.7,67.3,22.4
2480171,9,979988,FUSTECMA NBF CASTELLÓ,AWAY,1680760,S. Carli Del Pino,SF,2274867,L. De Giacomo,SF,2087212,L. Ruiz De La Hermosa Arce,SF,2815082,M. Agyei,SF,2102573,A. Ferri Montagud,SF,0.3,20.0,0.0,0.0,0.0,0.0,0.0,0.0
2480171,9,979988,FUSTECMA NBF CASTELLÓ,AWAY,1680760,S. Carli Del Pino,SF,2274867,L. De Giacomo,SF,2815082,M. Agyei,SF,1494221,L. Soler Madariaga,SF,2102573,A. Ferri Montagud,SF,2.2,128.0,8.0,4.0,4.0,150.0,75.0,75.0
2480171,9,979988,FUSTECMA NBF CASTELLÓ,AWAY,1680760,S. Carli Del Pino,SF,2829993,G. Aiello,SF,2131367,S. Basaez Narvaez,SF,1460562,C. Perez Relancio,SF,2815082,M. Agyei,SF,0.6,36.0,2.0,2.0,0.0,133.3,133.3,0.0
2480171,9,979988,FUSTECMA NBF CASTELLÓ,AWAY,1680760,S. Carli Del Pino,SF,2829993,G. Aiello,SF,2131367,S. Basaez Narvaez,SF,1494221,L. Soler Madariaga,SF,2102573,A. Ferri Montagud,SF,1.9,113.0,5.0,2.0,3.0,106.2,42.5,63.7
2480171,9,979988,FUSTECMA NBF CASTELLÓ,AWAY,1680760,S. Carli Del Pino,SF,2829993,G. Aiello,SF,2131367,S. Basaez Narvaez,SF,2087212,L. Ruiz De La Hermosa Arce,SF,1460562,C. Perez Relancio,SF,0.5,31.0,0.0,3.0,-3.0,0.0,232.3,-232.3
2480171,9,979988,FUSTECMA NBF CASTELLÓ,AWAY,1680760,S. Carli Del Pino,SF,2829993,G. Aiello,SF,2131367,S. Basaez Narvaez,SF,2815082,M. Agyei,SF,1460562,C. Perez Relancio,SF,5.7,335.0,7.0,7.0,0.0,50.1,50.1,0.0
2480171,9,979988,FUSTECMA NBF CASTELLÓ,AWAY,1680760,S. Carli Del Pino,SF,2829993,G. Aiello,SF,2131367,S. Basaez Narvaez,SF,2815082,M. Agyei,SF,1494221,L. Soler Madariaga,SF,4.0,242.0,6.0,0.0,6.0,59.5,0.0,59.5
2480171,9,979988,FUSTECMA NBF CASTELLÓ,AWAY,1680760,S. Carli Del Pino,SF,2829993,G. Aiello,SF,2274867,L. De Giacomo,SF,2087212,L. Ruiz De La Hermosa Arce,SF,2102573,A. Ferri Montagud,SF,1.0,59.0,3.0,5.0,-2.0,122.0,203.4,-81.4
2480171,9,979988,FUSTECMA NBF CASTELLÓ,AWAY,1680760,S. Carli Del Pino,SF,2829993,G. Aiello,SF,2274867,L. De Giacomo,SF,2087212,L. Ruiz De La Hermosa Arce,SF,2815082,M. Agyei,SF,1.3,75.0,2.0,0.0,2.0,64.0,0.0,64.0
2480171,9,979988,FUSTECMA NBF CASTELLÓ,AWAY,2829993,G. Aiello,SF,2131367,S. Basaez Narvaez,SF,1460562,C. Perez Relancio,SF,2102573,A. Ferri Montagud,SF,1618451,L. Campos De Bengoa,SF,1.0,58.0,2.0,0.0,2.0,82.8,0.0,82.8
2480171,9,979988,FUSTECMA NBF CASTELLÓ,AWAY,2829993,G. Aiello,SF,2131367,S. Basaez Narvaez,SF,1460562,C. Perez Relancio,SF,2815082,M. Agyei,SF,1618451,L. Campos De Bengoa,SF,0.9,53.0,2.0,0.0,2.0,90.6,0.0,90.6
2480171,9,979988,FUSTECMA NBF CASTELLÓ,AWAY,2829993,G. Aiello,SF,2274867,L. De Giacomo,SF,2087212,L. Ruiz De La Hermosa Arce,SF,2102573,A. Ferri Montagud,SF,1618451,L. Campos De Bengoa,SF,4.8,288.0,5.0,5.0,0.0,41.7,41.7,0.0
2480171,9,981346,LA CORDÁ DE PATERNA NB,HOME,2653963,A. Traore,SF,1632609,C. Che Tortola,SF,1687305,L. Segura Moreno,SF,2031045,M. Galiana Miralles,SF,2071471,P. Saravia Logroño,SF,1.1,63.0,0.0,3.0,-3.0,0.0,114.3,-114.3
2480171,9,981346,LA CORDÁ DE PATERNA NB,HOME,2653963,A. Traore,SF,1632609,C. Che Tortola,SF,1687305,L. Segura Moreno,SF,2230288,S. Davila Diaz De Ilarraza,SF,2071471,P. Saravia Logroño,SF,1.6,97.0,5.0,2.0,3.0,123.7,49.5,74.2
2480171,9,981346,LA CORDÁ DE PATERNA NB,HOME,2653963,A. Traore,SF,1632609,C. Che Tortola,SF,2173687,M. Llompart Perello,SF,1687305,L. Segura Moreno,SF,2031045,M. Galiana Miralles,SF,0.3,20.0,0.0,0.0,0.0,0.0,0.0,0.0
2480171,9,981346,LA CORDÁ DE PATERNA NB,HOME,2653963,A. Traore,SF,1632609,C. Che Tortola,SF,2173687,M. Llompart Perello,SF,1687305,L. Segura Moreno,SF,2071471,P. Saravia Logroño,SF,5.7,341.0,4.0,4.0,0.0,28.2,28.2,0.0
2480171,9,981346,LA CORDÁ DE PATERNA NB,HOME,2653963,A. Traore,SF,1632609,C. Che Tortola,SF,2173687,M. Llompart Perello,SF,1687305,L. Segura Moreno,SF,2230288,S. Davila Diaz De Ilarraza,SF,3.5,214.0,4.0,8.0,-4.0,44.9,89.7,-44.9
2480171,9,981346,LA CORDÁ DE PATERNA NB,HOME,2653963,A. Traore,SF,1632609,C. Che Tortola,SF,2173687,M. Llompart Perello,SF,2230288,S. Davila Diaz De Ilarraza,SF,2071471,P. Saravia Logroño,SF,1.7,100.0,3.0,3.0,0.0,72.0,72.0,0.0
2480171,9,981346,LA CORDÁ DE PATERNA NB,HOME,2653963,A. Traore,SF,2163606,C. Sancho Mauri,SF,1632609,C. Che Tortola,SF,1687305,L. Segura Moreno,SF,2230288,S. Davila Diaz De Ilarraza,SF,0.9,53.0,0.0,2.0,-2.0,0.0,90.6,-90.6
2480171,9,981346,LA CORDÁ DE PATERNA NB,HOME,2653963,A. Traore,SF,2163606,C. Sancho Mauri,SF,1632609,C. Che Tortola,SF,2173687,M. Llompart Perello,SF,1687305,L. Segura Moreno,SF,0.6,36.0,1.0,2.0,-1.0,66.7,133.3,-66.7
2480171,9,981346,LA CORDÁ DE PATERNA NB,HOME,2653963,A. Traore,SF,2163606,C. Sancho Mauri,SF,1632609,C. Che Tortola,SF,2173687,M. Llompart Perello,SF,2230288,S. Davila Diaz De Ilarraza,SF,0.6,36.0,2.0,2.0,0.0,133.3,133.3,0.0
2480171,9,981346,LA CORDÁ DE PATERNA NB,HOME,2653963,A. Traore,SF,2173687,M. Llompart Perello,SF,1687305,L. Segura Moreno,SF,2230288,S. Davila Diaz De Ilarraza,SF,2071471,P. Saravia Logroño,SF,3.3,196.0,5.0,4.0,1.0,61.2,49.0,12.2
2480171,9,981346,LA CORDÁ DE PATERNA NB,HOME,2796302,P. Gabriel,SF,1632609,C. Che Tortola,SF,1687305,L. Segura Moreno,SF,2230288,S. Davila Diaz De Ilarraza,SF,2071471,P. Saravia Logroño,SF,1.4,79.0,0.0,2.0,-2.0,0.0,60.8,-60.8
2480171,9,981346,LA CORDÁ DE PATERNA NB,HOME,2796302,P. Gabriel,SF,1632609,C. Che Tortola,SF,2173687,M. Llompart Perello,SF,1687305,L. Segura Moreno,SF,2071471,P. Saravia Logroño,SF,3.1,191.0,2.0,8.0,-6.0,25.1,100.5,-75.4
2480171,9,981346,LA CORDÁ DE PATERNA NB,HOME,2796302,P. Gabriel,SF,1632609,C. Che Tortola,SF,2173687,M. Llompart Perello,SF,1687305,L. Segura Moreno,SF,2230288,S. Davila Diaz De Ilarraza,SF,6.1,360.0,14.0,10.0,4.0,93.3,66.7,26.7
2480171,9,981346,LA CORDÁ DE PATERNA NB,HOME,2796302,P. Gabriel,SF,2163606,C. Sancho Mauri,SF,1632609,C. Che Tortola,SF,1687305,L. Segura Moreno,SF,2230288,S. Davila Diaz De Ilarraza,SF,2.6,154.0,2.0,10.0,-8.0,31.2,155.8,-124.7
2480171,9,981346,LA CORDÁ DE PATERNA NB,HOME,2796302,P. Gabriel,SF,2173687,M. Llompart Perello,SF,1687305,L. Segura Moreno,SF,2230288,S. Davila Diaz De Ilarraza,SF,2071471,P. Saravia Logroño,SF,7.7,460.0,11.0,12.0,-1.0,57.4,62.6,-5.2
2480172,9,979912,DOMUSA TEKNIK ISB,HOME,1826917,J. Azcue Jauregui,SF,2145033,A. Lizundia Arozena,SF,2818813,E. Lalotte,SF,1721468,C. Villamor Aparicio,SF,2137901,M. Otaegi Albizu,SF,0.7,42.0,0.0,1.0,-1.0,0.0,57.1,-57.1
2480172,9,979912,DOMUSA TEKNIK ISB,HOME,1894119,S. Iparraguirre Alustiza,SF,1826917,J. Azcue Jauregui,SF,2021400,M. Gutierrez Ibañez,SF,2818813,E. Lalotte,SF,2818816,I. Araújo Gouveia Vieira,SF,4.0,239.0,3.0,6.0,-3.0,30.1,60.3,-30.1
2480172,9,979912,DOMUSA TEKNIK ISB,HOME,1894119,S. Iparraguirre Alustiza,SF,2145033,A. Lizundia Arozena,SF,2818813,E. Lalotte,SF,2021400,M. Gutierrez Ibañez,SF,2818816,I. Araújo Gouveia Vieira,SF,0.8,47.0,5.0,0.0,5.0,255.3,0.0,255.3
2480172,9,979912,DOMUSA TEKNIK ISB,HOME,1894119,S. Iparraguirre Alustiza,SF,2364470,G. Leaupepe,SF,1826917,J. Azcue Jauregui,SF,2818813,E. Lalotte,SF,1721468,C. Villamor Aparicio,SF,1.2,72.0,0.0,0.0,0.0,0.0,0.0,0.0
2480172,9,979912,DOMUSA TEKNIK ISB,HOME,1894119,S. Iparraguirre Alustiza,SF,2364470,G. Leaupepe,SF,1826917,J. Azcue Jauregui,SF,2818813,E. Lalotte,SF,2818816,I. Araújo Gouveia Vieira,SF,0.5,28.0,0.0,0.0,0.0,0.0,0.0,0.0
2480172,9,979912,DOMUSA TEKNIK ISB,HOME,1894119,S. Iparraguirre Alustiza,SF,2364470,G. Leaupepe,SF,2145033,A. Lizundia Arozena,SF,2021400,M. Gutierrez Ibañez,SF,2818813,E. Lalotte,SF,1.1,68.0,4.0,0.0,4.0,141.2,0.0,141.2
2480172,9,979912,DOMUSA TEKNIK ISB,HOME,1894119,S. Iparraguirre Alustiza,SF,2735761,B. Tomancova,SF,2364470,G. Leaupepe,SF,1826917,J. Azcue Jauregui,SF,1721468,C. Villamor Aparicio,SF,2.2,133.0,4.0,5.0,-1.0,72.2,90.2,-18.0
2480172,9,979912,DOMUSA TEKNIK ISB,HOME,2364470,G. Leaupepe,SF,1826917,J. Azcue Jauregui,SF,2021400,M. Gutierrez Ibañez,SF,2818813,E. Lalotte,SF,2818816,I. Araújo Gouveia Vieira,SF,5.7,339.0,12.0,0.0,12.0,85.0,0.0,85.0
2480172,9,979912,DOMUSA TEKNIK ISB,HOME,2735761,B. Tomancova,SF,1826917,J. Azcue Jauregui,SF,2145033,A. Lizundia Arozena,SF,1721468,C. Villamor Aparicio,SF,2137901,M. Otaegi Albizu,SF,1.5,90.0,0.0,5.0,-5.0,0.0,133.3,-133.3
2480172,9,979912,DOMUSA TEKNIK ISB,HOME,2735761,B. Tomancova,SF,2364470,G. Leaupepe,SF,1826917,J. Azcue Jauregui,SF,2021400,M. Gutierrez Ibañez,SF,1721468,C. Villamor Aparicio,SF,2.6,155.0,2.0,6.0,-4.0,31.0,92.9,-61.9
2480172,9,979912,DOMUSA TEKNIK ISB,HOME,2818717,S. Van,SF,1894119,S. Iparraguirre Alustiza,SF,1826917,J. Azcue Jauregui,SF,2818813,E. Lalotte,SF,2818816,I. Araújo Gouveia Vieira,SF,1.3,78.0,5.0,0.0,5.0,153.8,0.0,153.8
2480172,9,979912,DOMUSA TEKNIK ISB,HOME,2818717,S. Van,SF,1894119,S. Iparraguirre Alustiza,SF,2021400,M. Gutierrez Ibañez,SF,2818813,E. Lalotte,SF,1721468,C. Villamor Aparicio,SF,0.6,37.0,0.0,0.0,0.0,0.0,0.0,0.0
2480172,9,979912,DOMUSA TEKNIK ISB,HOME,2818717,S. Van,SF,1894119,S. Iparraguirre Alustiza,SF,2145033,A. Lizundia Arozena,SF,2818813,E. Lalotte,SF,2818816,I. Araújo Gouveia Vieira,SF,6.7,404.0,12.0,2.0,10.0,71.3,11.9,59.4
2480172,9,979912,DOMUSA TEKNIK ISB,HOME,2818717,S. Van,SF,1894119,S. Iparraguirre Alustiza,SF,2364470,G. Leaupepe,SF,2021400,M. Gutierrez Ibañez,SF,2818813,E. Lalotte,SF,1.3,79.0,2.0,0.0,2.0,60.8,0.0,60.8
2480172,9,979912,DOMUSA TEKNIK ISB,HOME,2818717,S. Van,SF,2145033,A. Lizundia Arozena,SF,2818813,E. Lalotte,SF,1721468,C. Villamor Aparicio,SF,2137901,M. Otaegi Albizu,SF,2.1,129.0,4.0,0.0,4.0,74.4,0.0,74.4
2480172,9,979912,DOMUSA TEKNIK ISB,HOME,2818717,S. Van,SF,2735761,B. Tomancova,SF,1894119,S. Iparraguirre Alustiza,SF,2145033,A. Lizundia Arozena,SF,2818816,I. Araújo Gouveia Vieira,SF,0.5,32.0,2.0,0.0,2.0,150.0,0.0,150.0
2480172,9,979912,DOMUSA TEKNIK ISB,HOME,2818717,S. Van,SF,2735761,B. Tomancova,SF,2145033,A. Lizundia Arozena,SF,1721468,C. Villamor Aparicio,SF,2137901,M. Otaegi Albizu,SF,6.3,384.0,2.0,14.0,-12.0,12.5,87.5,-75.0
2480172,9,979912,DOMUSA TEKNIK ISB,HOME,2818717,S. Van,SF,2735761,B. Tomancova,SF,2145033,A. Lizundia Arozena,SF,2137901,M. Otaegi Albizu,SF,2818816,I. Araújo Gouveia Vieira,SF,0.7,44.0,0.0,2.0,-2.0,0.0,109.1,-109.1
2480172,9,981288,SERNOVA RENOVABLES REAL CANOE,AWAY,2021397,A. Esnal Aguirre,SF,1787143,C. Mato De Prada,SF,1242234,C. Rodriguez Nuñez,SF,2432516,C. De Sousa,SF,1745108,M. Torres Municio,SF,0.8,47.0,0.0,5.0,-5.0,0.0,255.3,-255.3
2480172,9,981288,SERNOVA RENOVABLES REAL CANOE,AWAY,2021397,A. Esnal Aguirre,SF,1787143,C. Mato De Prada,SF,2432516,C. De Sousa,SF,2818945,O. Santana Moldavsky,SF,1745108,M. Torres Municio,SF,5.3,320.0,2.0,9.0,-7.0,15.0,67.5,-52.5
2480172,9,981288,SERNOVA RENOVABLES REAL CANOE,AWAY,2097038,P. De Mier Espina,SF,1787143,C. Mato De Prada,SF,1242234,C. Rodriguez Nuñez,SF,1859345,L. Fleta Robles,SF,1745108,M. Torres Municio,SF,1.9,116.0,0.0,2.0,-2.0,0.0,41.4,-41.4
2480172,9,981288,SERNOVA RENOVABLES REAL CANOE,AWAY,2097038,P. De Mier Espina,SF,1927626,C. Flores Garcia,SF,1242234,C. Rodriguez Nuñez,SF,1859345,L. Fleta Robles,SF,1745108,M. Torres Municio,SF,6.9,416.0,12.0,6.0,6.0,69.2,34.6,34.6
2480172,9,981288,SERNOVA RENOVABLES REAL CANOE,AWAY,2097038,P. De Mier Espina,SF,2021397,A. Esnal Aguirre,SF,1242234,C. Rodriguez Nuñez,SF,2432516,C. De Sousa,SF,1859345,L. Fleta Robles,SF,8.9,533.0,5.0,16.0,-11.0,22.5,72.0,-49.5
2480172,9,981288,SERNOVA RENOVABLES REAL CANOE,AWAY,2097038,P. De Mier Espina,SF,2021397,A. Esnal Aguirre,SF,1787143,C. Mato De Prada,SF,1242234,C. Rodriguez Nuñez,SF,1859345,L. Fleta Robles,SF,0.8,51.0,0.0,0.0,0.0,0.0,0.0,0.0
2480172,9,981288,SERNOVA RENOVABLES REAL CANOE,AWAY,2097038,P. De Mier Espina,SF,2021397,A. Esnal Aguirre,SF,1787143,C. Mato De Prada,SF,1242234,C. Rodriguez Nuñez,SF,2432516,C. De Sousa,SF,0.3,17.0,0.0,4.0,-4.0,0.0,564.7,-564.7
2480172,9,981288,SERNOVA RENOVABLES REAL CANOE,AWAY,2097038,P. De Mier Espina,SF,2021397,A. Esnal Aguirre,SF,1787143,C. Mato De Prada,SF,1242234,C. Rodriguez Nuñez,SF,2818945,O. Santana Moldavsky,SF,3.9,239.0,4.0,4.0,0.0,40.2,40.2,0.0
2480172,9,981288,SERNOVA RENOVABLES REAL CANOE,AWAY,2097038,P. De Mier Espina,SF,2021397,A. Esnal Aguirre,SF,1787143,C. Mato De Prada,SF,2432516,C. De Sousa,SF,1859345,L. Fleta Robles,SF,5.5,331.0,11.0,3.0,8.0,79.8,21.8,58.0
2480172,9,981288,SERNOVA RENOVABLES REAL CANOE,AWAY,2097038,P. De Mier Espina,SF,2021397,A. Esnal Aguirre,SF,1787143,C. Mato De Prada,SF,2432516,C. De Sousa,SF,2818945,O. Santana Moldavsky,SF,2.1,129.0,7.0,0.0,7.0,130.2,0.0,130.2
2480172,9,981288,SERNOVA RENOVABLES REAL CANOE,AWAY,2097038,P. De Mier Espina,SF,2021397,A. Esnal Aguirre,SF,1927626,C. Flores Garcia,SF,1242234,C. Rodriguez Nuñez,SF,2818945,O. Santana Moldavsky,SF,3.4,201.0,0.0,8.0,-8.0,0.0,95.5,-95.5
2480173,9,979770,MELILLA CIUDAD DEL DEPORTE LA SALLE,AWAY,1713801,C. Torrubia Cano,SF,1946976,L. Moya Blanch,SF,1454479,A. Senosiain Vergarachea,SF,1829640,A. Sanchez Davila,SF,1715165,M. Torreblanca Ginel,SF,0.4,25.0,0.0,0.0,0.0,0.0,0.0,0.0
2480173,9,979770,MELILLA CIUDAD DEL DEPORTE LA SALLE,AWAY,1756623,A. Hernangomez Geuer,SF,1713801,C. Torrubia Cano,SF,1946976,L. Moya Blanch,SF,1454479,A. Senosiain Vergarachea,SF,1829640,A. Sanchez Davila,SF,2.2,130.0,2.0,6.0,-4.0,36.9,110.8,-73.8
2480173,9,979770,MELILLA CIUDAD DEL DEPORTE LA SALLE,AWAY,1756623,A. Hernangomez Geuer,SF,2104399,C. Garcia Muñoz,SF,1454479,A. Senosiain Vergarachea,SF,2814864,R. Monteiro Da Silva,SF,1587316,C. Caceres Ayala,SF,5.0,299.0,6.0,3.0,3.0,48.2,24.1,24.1
2480173,9,979770,MELILLA CIUDAD DEL DEPORTE LA SALLE,AWAY,2104399,C. Garcia Muñoz,SF,1713801,C. Torrubia Cano,SF,1454479,A. Senosiain Vergarachea,SF,2814864,R. Monteiro Da Silva,SF,1587316,C. Caceres Ayala,SF,0.8,49.0,0.0,2.0,-2.0,0.0,98.0,-98.0
2480173,9,979770,MELILLA CIUDAD DEL DEPORTE LA SALLE,AWAY,2104399,C. Garcia Muñoz,SF,1713801,C. Torrubia Cano,SF,1454479,A. Senosiain Vergarachea,SF,2814864,R. Monteiro Da Silva,SF,1715165,M. Torreblanca Ginel,SF,2.1,125.0,7.0,4.0,3.0,134.4,76.8,57.6
2480173,9,979770,MELILLA CIUDAD DEL DEPORTE LA SALLE,AWAY,2104399,C. Garcia Muñoz,SF,1756623,A. Hernangomez Geuer,SF,1454479,A. Senosiain Vergarachea,SF,2814864,R. Monteiro Da Silva,SF,1587316,C. Caceres Ayala,SF,4.8,288.0,10.0,5.0,5.0,83.3,41.7,41.7
2480173,9,979770,MELILLA CIUDAD DEL DEPORTE LA SALLE,AWAY,2104399,C. Garcia Muñoz,SF,1946976,L. Moya Blanch,SF,1454479,A. Senosiain Vergarachea,SF,2814864,R. Monteiro Da Silva,SF,1587316,C. Caceres Ayala,SF,0.4,25.0,0.0,2.0,-2.0,0.0,192.0,-192.0
2480173,9,979770,MELILLA CIUDAD DEL DEPORTE LA SALLE,AWAY,2104399,C. Garcia Muñoz,SF,1946976,L. Moya Blanch,SF,1454479,A. Senosiain Vergarachea,SF,2814864,R. Monteiro Da Silva,SF,1715165,M. Torreblanca Ginel,SF,0.5,30.0,0.0,1.0,-1.0,0.0,80.0,-80.0
2480173,9,979770,MELILLA CIUDAD DEL DEPORTE LA SALLE,AWAY,2432929,M. Davydova,SF,1713801,C. Torrubia Cano,SF,1454479,A. Senosiain Vergarachea,SF,1829640,A. Sanchez Davila,SF,1715165,M. Torreblanca Ginel,SF,3.0,182.0,7.0,6.0,1.0,92.3,79.1,13.2
2480173,9,979770,MELILLA CIUDAD DEL DEPORTE LA SALLE,AWAY,2432929,M. Davydova,SF,1713801,C. Torrubia Cano,SF,1454479,A. Senosiain Vergarachea,SF,2814864,R. Monteiro Da Silva,SF,1715165,M. Torreblanca Ginel,SF,1.4,85.0,3.0,3.0,0.0,84.7,84.7,0.0
2480173,9,979770,MELILLA CIUDAD DEL DEPORTE LA SALLE,AWAY,2432929,M. Davydova,SF,1756623,A. Hernangomez Geuer,SF,1454479,A. Senosiain Vergarachea,SF,1587316,C. Caceres Ayala,SF,1715165,M. Torreblanca Ginel,SF,1.5,90.0,5.0,0.0,5.0,133.3,0.0,133.3
2480173,9,979770,MELILLA CIUDAD DEL DEPORTE LA SALLE,AWAY,2432929,M. Davydova,SF,1756623,A. Hernangomez Geuer,SF,1454479,A. Senosiain Vergarachea,SF,2814864,R. Monteiro Da Silva,SF,1587316,C. Caceres Ayala,SF,5.0,302.0,2.0,6.0,-4.0,15.9,47.7,-31.8
2480173,9,979770,MELILLA CIUDAD DEL DEPORTE LA SALLE,AWAY,2432929,M. Davydova,SF,1756623,A. Hernangomez Geuer,SF,1454479,A. Senosiain Vergarachea,SF,2814864,R. Monteiro Da Silva,SF,2648563,M. D'Urso Vallina,SF,0.1,7.0,0.0,0.0,0.0,0.0,0.0,0.0
2480173,9,979770,MELILLA CIUDAD DEL DEPORTE LA SALLE,AWAY,2432929,M. Davydova,SF,1756623,A. Hernangomez Geuer,SF,2104399,C. Garcia Muñoz,SF,1454479,A. Senosiain Vergarachea,SF,2814864,R. Monteiro Da Silva,SF,0.3,17.0,2.0,2.0,0.0,282.4,282.4,0.0
2480173,9,979770,MELILLA CIUDAD DEL DEPORTE LA SALLE,AWAY,2432929,M. Davydova,SF,1946976,L. Moya Blanch,SF,1454479,A. Senosiain Vergarachea,SF,1587316,C. Caceres Ayala,SF,1715165,M. Torreblanca Ginel,SF,0.5,30.0,0.0,0.0,0.0,0.0,0.0,0.0
2480173,9,979770,MELILLA CIUDAD DEL DEPORTE LA SALLE,AWAY,2432929,M. Davydova,SF,1946976,L. Moya Blanch,SF,1454479,A. Senosiain Vergarachea,SF,1829640,A. Sanchez Davila,SF,1715165,M. Torreblanca Ginel,SF,6.7,406.0,16.0,5.0,11.0,94.6,29.6,65.0
2480173,9,979770,MELILLA CIUDAD DEL DEPORTE LA SALLE,AWAY,2432929,M. Davydova,SF,1946976,L. Moya Blanch,SF,1454479,A. Senosiain Vergarachea,SF,1829640,A. Sanchez Davila,SF,2648563,M. D'Urso Vallina,SF,5.2,310.0,17.0,8.0,9.0,131.6,61.9,69.7
2480173,9,981242,C.B. SANTFELIUENC,HOME,2050086,M. Muñoz Moyano,SF,2748944,A. Meite,SF,2155489,X. Salzmann Romeu,SF,2073654,C. Gil Abad,SF,2816051,E. Tenbrock,SF,2.0,123.0,0.0,2.0,-2.0,0.0,39.0,-39.0
2480173,9,981242,C.B. SANTFELIUENC,HOME,2056237,L. Salmeron Segu,SF,2151715,J. Nogués Martí,SF,2748944,A. Meite,SF,2155489,X. Salzmann Romeu,SF,2073654,C. Gil Abad,SF,2.1,125.0,4.0,7.0,-3.0,76.8,134.4,-57.6
2480173,9,981242,C.B. SANTFELIUENC,HOME,2056237,L. Salmeron Segu,SF,2151715,J. Nogués Martí,SF,2748944,A. Meite,SF,2155489,X. Salzmann Romeu,SF,2816051,E. Tenbrock,SF,2.4,143.0,2.0,7.0,-5.0,33.6,117.5,-83.9
2480173,9,981242,C.B. SANTFELIUENC,HOME,2056237,L. Salmeron Segu,SF,2151715,J. Nogués Martí,SF,2816766,A. Coulibaly,SF,2816669,A. Marotte,SF,1752455,I. Conde Duran,SF,3.3,195.0,6.0,5.0,1.0,73.8,61.5,12.3
2480173,9,981242,C.B. SANTFELIUENC,HOME,2056237,L. Salmeron Segu,SF,2748944,A. Meite,SF,2155489,X. Salzmann Romeu,SF,2816669,A. Marotte,SF,2073654,C. Gil Abad,SF,1.4,85.0,3.0,3.0,0.0,84.7,84.7,0.0
2480173,9,981242,C.B. SANTFELIUENC,HOME,2056237,L. Salmeron Segu,SF,2816053,A. Tibe,SF,2190844,S. Pares Vilaseca,SF,2816669,A. Marotte,SF,1752455,I. Conde Duran,SF,3.0,180.0,7.0,4.0,3.0,93.3,53.3,40.0
2480173,9,981242,C.B. SANTFELIUENC,HOME,2056237,L. Salmeron Segu,SF,2816053,A. Tibe,SF,2816669,A. Marotte,SF,1752455,I. Conde Duran,SF,2073654,C. Gil Abad,SF,2.3,141.0,1.0,2.0,-1.0,17.0,34.0,-17.0
2480173,9,981242,C.B. SANTFELIUENC,HOME,2056237,L. Salmeron Segu,SF,2816669,A. Marotte,SF,1752455,I. Conde Duran,SF,2073654,C. Gil Abad,SF,2816051,E. Tenbrock,SF,1.9,117.0,2.0,7.0,-5.0,41.0,143.6,-102.6
2480173,9,981242,C.B. SANTFELIUENC,HOME,2056237,L. Salmeron Segu,SF,2816766,A. Coulibaly,SF,2155489,X. Salzmann Romeu,SF,2816669,A. Marotte,SF,2073654,C. Gil Abad,SF,2.2,133.0,3.0,4.0,-1.0,54.1,72.2,-18.0
2480173,9,981242,C.B. SANTFELIUENC,HOME,2056237,L. Salmeron Segu,SF,2816766,A. Coulibaly,SF,2190844,S. Pares Vilaseca,SF,2816669,A. Marotte,SF,1752455,I. Conde Duran,SF,1.2,75.0,2.0,2.0,0.0,64.0,64.0,0.0
2480173,9,981242,C.B. SANTFELIUENC,HOME,2151715,J. Nogués Martí,SF,2050086,M. Muñoz Moyano,SF,2816766,A. Coulibaly,SF,2155489,X. Salzmann Romeu,SF,2816051,E. Tenbrock,SF,1.4,84.0,0.0,4.0,-4.0,0.0,114.3,-114.3
2480173,9,981242,C.B. SANTFELIUENC,HOME,2151715,J. Nogués Martí,SF,2050086,M. Muñoz Moyano,SF,2816766,A. Coulibaly,SF,2816669,A. Marotte,SF,2816051,E. Tenbrock,SF,0.6,33.0,0.0,0.0,0.0,0.0,0.0,0.0
2480173,9,981242,C.B. SANTFELIUENC,HOME,2151715,J. Nogués Martí,SF,2056237,L. Salmeron Segu,SF,2816766,A. Coulibaly,SF,2816669,A. Marotte,SF,1752455,I. Conde Duran,SF,5.2,310.0,8.0,17.0,-9.0,61.9,131.6,-69.7
2480173,9,981242,C.B. SANTFELIUENC,HOME,2151715,J. Nogués Martí,SF,2155489,X. Salzmann Romeu,SF,2190844,S. Pares Vilaseca,SF,1752455,I. Conde Duran,SF,2816051,E. Tenbrock,SF,1.6,97.0,2.0,0.0,2.0,49.5,0.0,49.5
2480173,9,981242,C.B. SANTFELIUENC,HOME,2151715,J. Nogués Martí,SF,2190844,S. Pares Vilaseca,SF,2816669,A. Marotte,SF,1752455,I. Conde Duran,SF,2816051,E. Tenbrock,SF,0.8,48.0,0.0,2.0,-2.0,0.0,100.0,-100.0
2480173,9,981242,C.B. SANTFELIUENC,HOME,2151715,J. Nogués Martí,SF,2748944,A. Meite,SF,2155489,X. Salzmann Romeu,SF,2190844,S. Pares Vilaseca,SF,2816051,E. Tenbrock,SF,2.1,125.0,5.0,3.0,2.0,96.0,57.6,38.4
2480173,9,981242,C.B. SANTFELIUENC,HOME,2155489,X. Salzmann Romeu,SF,2190844,S. Pares Vilaseca,SF,2816669,A. Marotte,SF,1752455,I. Conde Duran,SF,2073654,C. Gil Abad,SF,1.4,83.0,6.0,2.0,4.0,173.5,57.8,115.7
2480173,9,981242,C.B. SANTFELIUENC,HOME,2190844,S. Pares Vilaseca,SF,2816669,A. Marotte,SF,1752455,I. Conde Duran,SF,2073654,C. Gil Abad,SF,2816051,E. Tenbrock,SF,1.3,80.0,0.0,3.0,-3.0,0.0,90.0,-90.0
2480173,9,981242,C.B. SANTFELIUENC,HOME,2748944,A. Meite,SF,2190844,S. Pares Vilaseca,SF,2816669,A. Marotte,SF,1752455,I. Conde Duran,SF,2073654,C. Gil Abad,SF,1.1,65.0,2.0,2.0,0.0,73.8,73.8,0.0
2480173,9,981242,C.B. SANTFELIUENC,HOME,2816766,A. Coulibaly,SF,2155489,X. Salzmann Romeu,SF,2190844,S. Pares Vilaseca,SF,2816669,A. Marotte,SF,2073654,C. Gil Abad,SF,0.5,31.0,0.0,0.0,0.0,0.0,0.0,0.0
2480173,9,981242,C.B. SANTFELIUENC,HOME,2816766,A. Coulibaly,SF,2190844,S. Pares Vilaseca,SF,2816669,A. Marotte,SF,1752455,I. Conde Duran,SF,2073654,C. Gil Abad,SF,2.1,127.0,0.0,1.0,-1.0,0.0,18.9,-18.9
2480174,9,981208,ALTER ENERSUN AL-QÁZERES EXTREMADURA,AWAY,1112483,L. Mendez Lamas,SF,2432389,J. De Barros Filipe,SF,1902336,N. Liste Alfonsin,SF,2815234,I. Tavares Ramos,SF,2044012,C. Suárez Fernández,SF,1.1,66.0,0.0,4.0,-4.0,0.0,145.5,-145.5
2480174,9,981208,ALTER ENERSUN AL-QÁZERES EXTREMADURA,AWAY,1860325,L. Fontela Cabaleiro,SF,1112483,L. Mendez Lamas,SF,1902336,N. Liste Alfonsin,SF,2815234,I. Tavares Ramos,SF,1889214,C. Prieto Pereda,SF,2.4,149.0,8.0,2.0,6.0,128.9,32.2,96.6
2480174,9,981208,ALTER ENERSUN AL-QÁZERES EXTREMADURA,AWAY,1860325,L. Fontela Cabaleiro,SF,1112483,L. Mendez Lamas,SF,2432389,J. De Barros Filipe,SF,1902336,N. Liste Alfonsin,SF,1889214,C. Prieto Pereda,SF,2.6,157.0,1.0,7.0,-6.0,15.3,107.0,-91.7
2480174,9,981208,ALTER ENERSUN AL-QÁZERES EXTREMADURA,AWAY,1860325,L. Fontela Cabaleiro,SF,1112483,L. Mendez Lamas,SF,2432389,J. De Barros Filipe,SF,1902336,N. Liste Alfonsin,SF,2815234,I. Tavares Ramos,SF,2.0,121.0,5.0,0.0,5.0,99.2,0.0,99.2
2480174,9,981208,ALTER ENERSUN AL-QÁZERES EXTREMADURA,AWAY,1860325,L. Fontela Cabaleiro,SF,2815153,V. Gauna,SF,1112483,L. Mendez Lamas,SF,1902336,N. Liste Alfonsin,SF,2432389,J. De Barros Filipe,SF,1.3,77.0,0.0,0.0,0.0,0.0,0.0,0.0
2480174,9,981208,ALTER ENERSUN AL-QÁZERES EXTREMADURA,AWAY,1860325,L. Fontela Cabaleiro,SF,2815153,V. Gauna,SF,1112483,L. Mendez Lamas,SF,1902336,N. Liste Alfonsin,SF,2815234,I. Tavares Ramos,SF,5.7,342.0,8.0,8.0,0.0,56.1,56.1,0.0
2480174,9,981208,ALTER ENERSUN AL-QÁZERES EXTREMADURA,AWAY,1860325,L. Fontela Cabaleiro,SF,2815153,V. Gauna,SF,1112483,L. Mendez Lamas,SF,2432389,J. De Barros Filipe,SF,1902336,N. Liste Alfonsin,SF,1.1,64.0,6.0,2.0,4.0,225.0,75.0,150.0
2480174,9,981208,ALTER ENERSUN AL-QÁZERES EXTREMADURA,AWAY,1860325,L. Fontela Cabaleiro,SF,2815153,V. Gauna,SF,1902336,N. Liste Alfonsin,SF,2432389,J. De Barros Filipe,SF,1889214,C. Prieto Pereda,SF,3.4,196.0,2.0,2.0,0.0,24.5,24.5,0.0
2480174,9,981208,ALTER ENERSUN AL-QÁZERES EXTREMADURA,AWAY,1860325,L. Fontela Cabaleiro,SF,2815153,V. Gauna,SF,1902336,N. Liste Alfonsin,SF,2432389,J. De Barros Filipe,SF,2815234,I. Tavares Ramos,SF,1.8,104.0,0.0,6.0,-6.0,0.0,138.5,-138.5
2480174,9,981208,ALTER ENERSUN AL-QÁZERES EXTREMADURA,AWAY,1860325,L. Fontela Cabaleiro,SF,2815153,V. Gauna,SF,1902336,N. Liste Alfonsin,SF,2815234,I. Tavares Ramos,SF,2044012,C. Suárez Fernández,SF,1.0,57.0,0.0,0.0,0.0,0.0,0.0,0.0
2480174,9,981208,ALTER ENERSUN AL-QÁZERES EXTREMADURA,AWAY,1902336,N. Liste Alfonsin,SF,2432389,J. De Barros Filipe,SF,1112483,L. Mendez Lamas,SF,2815234,I. Tavares Ramos,SF,2234863,E. Alonso Guerra,SF,0.5,32.0,4.0,2.0,2.0,300.0,150.0,150.0
2480174,9,981208,ALTER ENERSUN AL-QÁZERES EXTREMADURA,AWAY,2815153,V. Gauna,SF,1902336,N. Liste Alfonsin,SF,2432389,J. De Barros Filipe,SF,2815234,I. Tavares Ramos,SF,1889214,C. Prieto Pereda,SF,3.2,191.0,9.0,6.0,3.0,113.1,75.4,37.7
2480174,9,981208,ALTER ENERSUN AL-QÁZERES EXTREMADURA,AWAY,2815153,V. Gauna,SF,2432389,J. De Barros Filipe,SF,1902336,N. Liste Alfonsin,SF,2815234,I. Tavares Ramos,SF,2044012,C. Suárez Fernández,SF,13.6,820.0,20.0,11.0,9.0,58.5,32.2,26.3
2480174,9,981208,ALTER ENERSUN AL-QÁZERES EXTREMADURA,AWAY,2815153,V. Gauna,SF,2432389,J. De Barros Filipe,SF,1902336,N. Liste Alfonsin,SF,2815234,I. Tavares Ramos,SF,2234863,E. Alonso Guerra,SF,0.4,24.0,0.0,0.0,0.0,0.0,0.0,0.0
2480174,9,981356,BOSONIT UNIBASKET,HOME,1626810,C. Aldecoa Rodriguez,SF,2151019,N. Padrosa Mons,SF,1778980,I. Losada Gonzalez-Babe,SF,2735759,L. Van Schaik,SF,1834784,E. Florez Pascual,SF,0.4,24.0,2.0,3.0,-1.0,200.0,300.0,-100.0
2480174,9,981356,BOSONIT UNIBASKET,HOME,1626810,C. Aldecoa Rodriguez,SF,2819119,T. Sedláková,SF,1678734,M. Llorente Ruiz,SF,1778980,I. Losada Gonzalez-Babe,SF,2151019,N. Padrosa Mons,SF,2.2,129.0,3.0,2.0,1.0,55.8,37.2,18.6
2480174,9,981356,BOSONIT UNIBASKET,HOME,1626810,C. Aldecoa Rodriguez,SF,2819119,T. Sedláková,SF,1678734,M. Llorente Ruiz,SF,1821692,M. Alonso Guadaño,SF,1834784,E. Florez Pascual,SF,2.8,170.0,6.0,6.0,0.0,84.7,84.7,0.0
2480174,9,981356,BOSONIT UNIBASKET,HOME,1626810,C. Aldecoa Rodriguez,SF,2819119,T. Sedláková,SF,1678734,M. Llorente Ruiz,SF,2151019,N. Padrosa Mons,SF,1834784,E. Florez Pascual,SF,0.2,13.0,0.0,0.0,0.0,0.0,0.0,0.0
2480174,9,981356,BOSONIT UNIBASKET,HOME,1626810,C. Aldecoa Rodriguez,SF,2819119,T. Sedláková,SF,1778980,I. Losada Gonzalez-Babe,SF,2151019,N. Padrosa Mons,SF,1821692,M. Alonso Guadaño,SF,0.2,14.0,0.0,0.0,0.0,0.0,0.0,0.0
2480174,9,981356,BOSONIT UNIBASKET,HOME,1626810,C. Aldecoa Rodriguez,SF,2819119,T. Sedláková,SF,1821692,M. Alonso Guadaño,SF,1778980,I. Losada Gonzalez-Babe,SF,2735759,L. Van Schaik,SF,2.0,117.0,0.0,4.0,-4.0,0.0,82.1,-82.1
2480174,9,981356,BOSONIT UNIBASKET,HOME,1626810,C. Aldecoa Rodriguez,SF,2819119,T. Sedláková,SF,2151019,N. Padrosa Mons,SF,1778980,I. Losada Gonzalez-Babe,SF,2735759,L. Van Schaik,SF,3.1,179.0,8.0,2.0,6.0,107.3,26.8,80.4
2480174,9,981356,BOSONIT UNIBASKET,HOME,1626810,C. Aldecoa Rodriguez,SF,2819119,T. Sedláková,SF,2151019,N. Padrosa Mons,SF,1821692,M. Alonso Guadaño,SF,1834784,E. Florez Pascual,SF,1.8,106.0,5.0,6.0,-1.0,113.2,135.8,-22.6
2480174,9,981356,BOSONIT UNIBASKET,HOME,1626810,C. Aldecoa Rodriguez,SF,2819119,T. Sedláková,SF,2735759,L. Van Schaik,SF,1821692,M. Alonso Guadaño,SF,1834784,E. Florez Pascual,SF,0.4,25.0,0.0,2.0,-2.0,0.0,192.0,-192.0
2480174,9,981356,BOSONIT UNIBASKET,HOME,1626810,C. Aldecoa Rodriguez,SF,2819121,H. Forster,SF,1778980,I. Losada Gonzalez-Babe,SF,2151019,N. Padrosa Mons,SF,1821692,M. Alonso Guadaño,SF,5.0,299.0,6.0,10.0,-4.0,48.2,80.3,-32.1
2480174,9,981356,BOSONIT UNIBASKET,HOME,1626810,C. Aldecoa Rodriguez,SF,2819121,H. Forster,SF,2151019,N. Padrosa Mons,SF,1821692,M. Alonso Guadaño,SF,1834784,E. Florez Pascual,SF,1.4,80.0,4.0,4.0,0.0,120.0,120.0,0.0
2480174,9,981356,BOSONIT UNIBASKET,HOME,1626810,C. Aldecoa Rodriguez,SF,2819121,H. Forster,SF,2735759,L. Van Schaik,SF,1821692,M. Alonso Guadaño,SF,1834784,E. Florez Pascual,SF,1.2,75.0,0.0,0.0,0.0,0.0,0.0,0.0
2480174,9,981356,BOSONIT UNIBASKET,HOME,1834784,E. Florez Pascual,SF,2819119,T. Sedláková,SF,1678734,M. Llorente Ruiz,SF,2561556,C. Sañudo Trillo,SF,1821692,M. Alonso Guadaño,SF,0.3,19.0,0.0,1.0,-1.0,0.0,126.3,-126.3
2480174,9,981356,BOSONIT UNIBASKET,HOME,1834784,E. Florez Pascual,SF,2819119,T. Sedláková,SF,1678734,M. Llorente Ruiz,SF,2561556,C. Sañudo Trillo,SF,2151019,N. Padrosa Mons,SF,4.9,291.0,8.0,2.0,6.0,66.0,16.5,49.5
2480174,9,981356,BOSONIT UNIBASKET,HOME,1834784,E. Florez Pascual,SF,2819121,H. Forster,SF,1678734,M. Llorente Ruiz,SF,2735759,L. Van Schaik,SF,1821692,M. Alonso Guadaño,SF,0.5,32.0,0.0,0.0,0.0,0.0,0.0,0.0
2480174,9,981356,BOSONIT UNIBASKET,HOME,2819119,T. Sedláková,SF,1626810,C. Aldecoa Rodriguez,SF,1678734,M. Llorente Ruiz,SF,1821692,M. Alonso Guadaño,SF,1834784,E. Florez Pascual,SF,2.1,127.0,0.0,4.0,-4.0,0.0,75.6,-75.6
2480174,9,981356,BOSONIT UNIBASKET,HOME,2819119,T. Sedláková,SF,1626810,C. Aldecoa Rodriguez,SF,1678734,M. Llorente Ruiz,SF,2151019,N. Padrosa Mons,SF,1834784,E. Florez Pascual,SF,1.4,84.0,0.0,2.0,-2.0,0.0,57.1,-57.1
2480174,9,981356,BOSONIT UNIBASKET,HOME,2819119,T. Sedláková,SF,1626810,C. Aldecoa Rodriguez,SF,1778980,I. Losada Gonzalez-Babe,SF,2735759,L. Van Schaik,SF,2151019,N. Padrosa Mons,SF,1.9,115.0,0.0,2.0,-2.0,0.0,41.7,-41.7
2480174,9,981356,BOSONIT UNIBASKET,HOME,2819119,T. Sedláková,SF,1678734,M. Llorente Ruiz,SF,2735759,L. Van Schaik,SF,1821692,M. Alonso Guadaño,SF,1834784,E. Florez Pascual,SF,1.0,62.0,0.0,0.0,0.0,0.0,0.0,0.0
2480174,9,981356,BOSONIT UNIBASKET,HOME,2819119,T. Sedláková,SF,1678734,M. Llorente Ruiz,SF,2735759,L. Van Schaik,SF,2151019,N. Padrosa Mons,SF,1834784,E. Florez Pascual,SF,1.1,67.0,0.0,0.0,0.0,0.0,0.0,0.0
2480174,9,981356,BOSONIT UNIBASKET,HOME,2819121,H. Forster,SF,1678734,M. Llorente Ruiz,SF,1778980,I. Losada Gonzalez-Babe,SF,2735759,L. Van Schaik,SF,1821692,M. Alonso Guadaño,SF,1.6,98.0,2.0,7.0,-5.0,49.0,171.4,-122.4
2480174,9,981356,BOSONIT UNIBASKET,HOME,2819121,H. Forster,SF,1678734,M. Llorente Ruiz,SF,2735759,L. Van Schaik,SF,1821692,M. Alonso Guadaño,SF,1834784,E. Florez Pascual,SF,1.1,66.0,4.0,0.0,4.0,145.5,0.0,145.5
2480174,9,981356,BOSONIT UNIBASKET,HOME,2819121,H. Forster,SF,1678734,M. Llorente Ruiz,SF,2735759,L. Van Schaik,SF,2151019,N. Padrosa Mons,SF,1834784,E. Florez Pascual,SF,0.8,47.0,2.0,0.0,2.0,102.1,0.0,102.1
2480174,9,981356,BOSONIT UNIBASKET,HOME,2819121,H. Forster,SF,2735759,L. Van Schaik,SF,2151019,N. Padrosa Mons,SF,1821692,M. Alonso Guadaño,SF,1834784,E. Florez Pascual,SF,2.7,161.0,0.0,6.0,-6.0,0.0,89.4,-89.4
2480175,9,979919,RECOLETAS ZAMORA,AWAY,1599354,A. Tainta Lizalde,SF,1942017,A. Martin Tejedor,SF,2734310,E. Resende Carregosa,SF,2110765,A. Perez Relancio,SF,2561100,F. Pouye,SF,0.8,49.0,0.0,2.0,-2.0,0.0,98.0,-98.0
2480175,9,979919,RECOLETAS ZAMORA,AWAY,1599354,A. Tainta Lizalde,SF,1942017,A. Martin Tejedor,SF,2734310,E. Resende Carregosa,SF,2561100,F. Pouye,SF,1259670,B. Sanchez Marrufo,SF,5.3,318.0,8.0,9.0,-1.0,60.4,67.9,-7.5
2480175,9,979919,RECOLETAS ZAMORA,AWAY,1599354,A. Tainta Lizalde,SF,2239381,D. Angel Villen,SF,2734310,E. Resende Carregosa,SF,2561100,F. Pouye,SF,1259670,B. Sanchez Marrufo,SF,1.7,103.0,4.0,3.0,1.0,93.2,69.9,23.3
2480175,9,979919,RECOLETAS ZAMORA,AWAY,1599354,A. Tainta Lizalde,SF,2432306,F. Niski Castelao,SF,1942017,A. Martin Tejedor,SF,2561100,F. Pouye,SF,1259670,B. Sanchez Marrufo,SF,1.7,101.0,2.0,2.0,0.0,47.5,47.5,0.0
2480175,9,979919,RECOLETAS ZAMORA,AWAY,1599354,A. Tainta Lizalde,SF,2432306,F. Niski Castelao,SF,1942017,A. Martin Tejedor,SF,2734310,E. Resende Carregosa,SF,2110765,A. Perez Relancio,SF,3.5,209.0,8.0,7.0,1.0,91.9,80.4,11.5
2480175,9,979919,RECOLETAS ZAMORA,AWAY,1599354,A. Tainta Lizalde,SF,2432306,F. Niski Castelao,SF,1942017,A. Martin Tejedor,SF,2734310,E. Resende Carregosa,SF,2561100,F. Pouye,SF,3.8,232.0,6.0,6.0,0.0,62.1,62.1,0.0
2480175,9,979919,RECOLETAS ZAMORA,AWAY,1599354,A. Tainta Lizalde,SF,2432306,F. Niski Castelao,SF,2239381,D. Angel Villen,SF,1942017,A. Martin Tejedor,SF,2110765,A. Perez Relancio,SF,0.7,42.0,0.0,2.0,-2.0,0.0,114.3,-114.3
2480175,9,979919,RECOLETAS ZAMORA,AWAY,1599354,A. Tainta Lizalde,SF,2432306,F. Niski Castelao,SF,2239381,D. Angel Villen,SF,1942017,A. Martin Tejedor,SF,2561100,F. Pouye,SF,6.1,371.0,5.0,11.0,-6.0,32.3,71.2,-38.8
2480175,9,979919,RECOLETAS ZAMORA,AWAY,1599354,A. Tainta Lizalde,SF,2432306,F. Niski Castelao,SF,2734310,E. Resende Carregosa,SF,2561100,F. Pouye,SF,1259670,B. Sanchez Marrufo,SF,2.5,150.0,6.0,2.0,4.0,96.0,32.0,64.0
2480175,9,979919,RECOLETAS ZAMORA,AWAY,1599354,A. Tainta Lizalde,SF,2817152,F. Filor,SF,1942017,A. Martin Tejedor,SF,2734310,E. Resende Carregosa,SF,2110765,A. Perez Relancio,SF,2.0,122.0,5.0,3.0,2.0,98.4,59.0,39.3
2480175,9,979919,RECOLETAS ZAMORA,AWAY,1599354,A. Tainta Lizalde,SF,2817152,F. Filor,SF,1942017,A. Martin Tejedor,SF,2734310,E. Resende Carregosa,SF,2561100,F. Pouye,SF,2.1,126.0,0.0,3.0,-3.0,0.0,57.1,-57.1
2480175,9,979919,RECOLETAS ZAMORA,AWAY,1599354,A. Tainta Lizalde,SF,2817152,F. Filor,SF,2432306,F. Niski Castelao,SF,1942017,A. Martin Tejedor,SF,2561100,F. Pouye,SF,0.8,47.0,1.0,3.0,-2.0,51.1,153.2,-102.1
2480175,9,979919,RECOLETAS ZAMORA,AWAY,1599354,A. Tainta Lizalde,SF,2817152,F. Filor,SF,2432306,F. Niski Castelao,SF,1942017,A. Martin Tejedor,SF,2734310,E. Resende Carregosa,SF,7.8,463.0,14.0,9.0,5.0,72.6,46.7,25.9
2480175,9,979919,RECOLETAS ZAMORA,AWAY,1599354,A. Tainta Lizalde,SF,2817152,F. Filor,SF,2432306,F. Niski Castelao,SF,2239381,D. Angel Villen,SF,1942017,A. Martin Tejedor,SF,1.2,70.0,2.0,3.0,-1.0,68.6,102.9,-34.3
2480175,9,979919,RECOLETAS ZAMORA,AWAY,1599354,A. Tainta Lizalde,SF,2817152,F. Filor,SF,2432306,F. Niski Castelao,SF,2734310,E. Resende Carregosa,SF,2110765,A. Perez Relancio,SF,5.0,297.0,7.0,11.0,-4.0,56.6,88.9,-32.3
2480175,9,981334,UNICAJA MIJAS,HOME,1317227,C. Garcia Paunero,SF,1884837,M. Roters Dubinina,SF,1723860,S. Galeron Alvarez,SF,2012623,S. Lo Sylla,SF,1954737,E. Puiggros Rovira,SF,1.2,70.0,3.0,2.0,1.0,102.9,68.6,34.3
2480175,9,981334,UNICAJA MIJAS,HOME,1317227,C. Garcia Paunero,SF,1884837,M. Roters Dubinina,SF,2814756,C. Zimmerman,SF,2012623,S. Lo Sylla,SF,2643500,C. Capellan Santana,SF,0.3,16.0,0.0,0.0,0.0,0.0,0.0,0.0
2480175,9,981334,UNICAJA MIJAS,HOME,1317227,C. Garcia Paunero,SF,1884837,M. Roters Dubinina,SF,2814756,C. Zimmerman,SF,2643500,C. Capellan Santana,SF,1954737,E. Puiggros Rovira,SF,0.7,37.0,2.0,0.0,2.0,129.7,0.0,129.7
2480175,9,981334,UNICAJA MIJAS,HOME,1317227,C. Garcia Paunero,SF,1884837,M. Roters Dubinina,SF,2814756,C. Zimmerman,SF,2643500,C. Capellan Santana,SF,1994192,E. Moreno Fernandez,SF,0.9,55.0,1.0,0.0,1.0,43.6,0.0,43.6
2480175,9,981334,UNICAJA MIJAS,HOME,1884837,M. Roters Dubinina,SF,1723860,S. Galeron Alvarez,SF,2012623,S. Lo Sylla,SF,1949233,A. Orois Aznarez,SF,1994192,E. Moreno Fernandez,SF,1.1,68.0,2.0,0.0,2.0,70.6,0.0,70.6
2480175,9,981334,UNICAJA MIJAS,HOME,1884837,M. Roters Dubinina,SF,1723860,S. Galeron Alvarez,SF,2012623,S. Lo Sylla,SF,1949233,A. Orois Aznarez,SF,2643500,C. Capellan Santana,SF,0.7,44.0,1.0,2.0,-1.0,54.5,109.1,-54.5
2480175,9,981334,UNICAJA MIJAS,HOME,1884837,M. Roters Dubinina,SF,1723860,S. Galeron Alvarez,SF,2012623,S. Lo Sylla,SF,1954737,E. Puiggros Rovira,SF,1994192,E. Moreno Fernandez,SF,1.1,64.0,2.0,0.0,2.0,75.0,0.0,75.0
2480175,9,981334,UNICAJA MIJAS,HOME,2096249,T. Eke Benitez,SF,1317227,C. Garcia Paunero,SF,1884837,M. Roters Dubinina,SF,1723860,S. Galeron Alvarez,SF,1949233,A. Orois Aznarez,SF,2.3,139.0,5.0,4.0,1.0,86.3,69.1,17.3
2480175,9,981334,UNICAJA MIJAS,HOME,2096249,T. Eke Benitez,SF,1317227,C. Garcia Paunero,SF,1884837,M. Roters Dubinina,SF,2814756,C. Zimmerman,SF,1954737,E. Puiggros Rovira,SF,3.7,224.0,7.0,3.0,4.0,75.0,32.1,42.9
2480175,9,981334,UNICAJA MIJAS,HOME,2096249,T. Eke Benitez,SF,1317227,C. Garcia Paunero,SF,1884837,M. Roters Dubinina,SF,2814756,C. Zimmerman,SF,2643500,C. Capellan Santana,SF,2.2,132.0,4.0,4.0,0.0,72.7,72.7,0.0
2480175,9,981334,UNICAJA MIJAS,HOME,2096249,T. Eke Benitez,SF,1884837,M. Roters Dubinina,SF,1723860,S. Galeron Alvarez,SF,1949233,A. Orois Aznarez,SF,1994192,E. Moreno Fernandez,SF,0.5,29.0,3.0,0.0,3.0,248.3,0.0,248.3
2480175,9,981334,UNICAJA MIJAS,HOME,2096249,T. Eke Benitez,SF,1884837,M. Roters Dubinina,SF,1723860,S. Galeron Alvarez,SF,1949233,A. Orois Aznarez,SF,2643500,C. Capellan Santana,SF,3.6,222.0,4.0,6.0,-2.0,43.2,64.9,-21.6
2480175,9,981334,UNICAJA MIJAS,HOME,2096249,T. Eke Benitez,SF,1884837,M. Roters Dubinina,SF,1723860,S. Galeron Alvarez,SF,1954737,E. Puiggros Rovira,SF,1994192,E. Moreno Fernandez,SF,0.5,27.0,0.0,1.0,-1.0,0.0,88.9,-88.9
2480175,9,981334,UNICAJA MIJAS,HOME,2096249,T. Eke Benitez,SF,1884837,M. Roters Dubinina,SF,1723860,S. Galeron Alvarez,SF,2643500,C. Capellan Santana,SF,1954737,E. Puiggros Rovira,SF,0.1,7.0,2.0,0.0,2.0,685.7,0.0,685.7
2480175,9,981334,UNICAJA MIJAS,HOME,2096249,T. Eke Benitez,SF,1884837,M. Roters Dubinina,SF,2814756,C. Zimmerman,SF,1954737,E. Puiggros Rovira,SF,1994192,E. Moreno Fernandez,SF,0.1,7.0,0.0,0.0,0.0,0.0,0.0,0.0
2480175,9,981334,UNICAJA MIJAS,HOME,2096249,T. Eke Benitez,SF,1884837,M. Roters Dubinina,SF,2814756,C. Zimmerman,SF,2109425,M. Peña Luque,SF,1954737,E. Puiggros Rovira,SF,0.3,17.0,0.0,2.0,-2.0,0.0,282.4,-282.4
2480175,9,981334,UNICAJA MIJAS,HOME,2096249,T. Eke Benitez,SF,1884837,M. Roters Dubinina,SF,2814756,C. Zimmerman,SF,2643500,C. Capellan Santana,SF,1954737,E. Puiggros Rovira,SF,3.1,186.0,7.0,5.0,2.0,90.3,64.5,25.8
2480175,9,981334,UNICAJA MIJAS,HOME,2096249,T. Eke Benitez,SF,1884837,M. Roters Dubinina,SF,2814756,C. Zimmerman,SF,2643500,C. Capellan Santana,SF,1994192,E. Moreno Fernandez,SF,1.7,106.0,3.0,0.0,3.0,67.9,0.0,67.9
2480175,9,981334,UNICAJA MIJAS,HOME,2096249,T. Eke Benitez,SF,2814756,C. Zimmerman,SF,1317227,C. Garcia Paunero,SF,1884837,M. Roters Dubinina,SF,1949233,A. Orois Aznarez,SF,4.1,244.0,7.0,12.0,-5.0,68.9,118.0,-49.2
2480175,9,981334,UNICAJA MIJAS,HOME,2096249,T. Eke Benitez,SF,2814756,C. Zimmerman,SF,1317227,C. Garcia Paunero,SF,1884837,M. Roters Dubinina,SF,1954737,E. Puiggros Rovira,SF,1.4,85.0,3.0,3.0,0.0,84.7,84.7,0.0
2480175,9,981334,UNICAJA MIJAS,HOME,2096249,T. Eke Benitez,SF,2814756,C. Zimmerman,SF,1884837,M. Roters Dubinina,SF,1317227,C. Garcia Paunero,SF,1949233,A. Orois Aznarez,SF,0.9,53.0,0.0,0.0,0.0,0.0,0.0,0.0
2480175,9,981334,UNICAJA MIJAS,HOME,2096249,T. Eke Benitez,SF,2814756,C. Zimmerman,SF,1884837,M. Roters Dubinina,SF,1317227,C. Garcia Paunero,SF,1954737,E. Puiggros Rovira,SF,3.0,180.0,7.0,6.0,1.0,93.3,80.0,13.3
2480175,9,981334,UNICAJA MIJAS,HOME,2643500,C. Capellan Santana,SF,1884837,M. Roters Dubinina,SF,1723860,S. Galeron Alvarez,SF,2012623,S. Lo Sylla,SF,1994192,E. Moreno Fernandez,SF,4.9,299.0,7.0,7.0,0.0,56.2,56.2,0.0
2480175,9,981334,UNICAJA MIJAS,HOME,2814756,C. Zimmerman,SF,1317227,C. Garcia Paunero,SF,1884837,M. Roters Dubinina,SF,2012623,S. Lo Sylla,SF,1949233,A. Orois Aznarez,SF,1.1,63.0,0.0,2.0,-2.0,0.0,76.2,-76.2
2480175,9,981334,UNICAJA MIJAS,HOME,2814756,C. Zimmerman,SF,1317227,C. Garcia Paunero,SF,1884837,M. Roters Dubinina,SF,2012623,S. Lo Sylla,SF,1954737,E. Puiggros Rovira,SF,2.9,172.0,6.0,5.0,1.0,83.7,69.8,14.0
2480175,9,981334,UNICAJA MIJAS,HOME,2814756,C. Zimmerman,SF,1884837,M. Roters Dubinina,SF,1317227,C. Garcia Paunero,SF,2012623,S. Lo Sylla,SF,1949233,A. Orois Aznarez,SF,2.6,154.0,0.0,4.0,-4.0,0.0,62.3,-62.3
2480176,9,981213,AZULMARINO MALLORCA PALMA,AWAY,2791252,A. Bulgak,SF,1083354,M. España Almendro,SF,1865395,M. Garcia Mateo,SF,1434977,C. Grande Pardo,SF,1527601,I. Junio Mbulito,SF,5.5,328.0,13.0,12.0,1.0,95.1,87.8,7.3
2480176,9,981213,AZULMARINO MALLORCA PALMA,AWAY,2791252,A. Bulgak,SF,2793759,J. Asinde,SF,2815892,A. Siciliano,SF,1083354,M. España Almendro,SF,1865395,M. Garcia Mateo,SF,34.0,2044.0,67.0,48.0,19.0,78.7,56.4,22.3
2480176,9,981213,AZULMARINO MALLORCA PALMA,AWAY,2791252,A. Bulgak,SF,2815892,A. Siciliano,SF,1083354,M. España Almendro,SF,1865395,M. Garcia Mateo,SF,1434977,C. Grande Pardo,SF,0.5,28.0,2.0,0.0,2.0,171.4,0.0,171.4
2480176,9,981306,CAJASOL BALONCESTO SEVILLA FEMENINO,HOME,1679391,M. Martinez Carranza,SF,1999405,N. Anitua Garcia,SF,2053354,F. Gassama Dansoko,SF,1522827,M. Recio Gonzalez,SF,1723585,A. Morales Sancho,SF,3.5,210.0,8.0,2.0,6.0,91.4,22.9,68.6
2480176,9,981306,CAJASOL BALONCESTO SEVILLA FEMENINO,HOME,1679391,M. Martinez Carranza,SF,1999405,N. Anitua Garcia,SF,2053354,F. Gassama Dansoko,SF,1522827,M. Recio Gonzalez,SF,2848574,E. Elliott,SF,1.9,111.0,2.0,8.0,-6.0,43.2,173.0,-129.7
2480176,9,981306,CAJASOL BALONCESTO SEVILLA FEMENINO,HOME,1679391,M. Martinez Carranza,SF,2004240,N. Sanchez Robayo,SF,1993036,I. Rios Rus,SF,1999405,N. Anitua Garcia,SF,1811227,C. Arfinengo Del Carpio,SF,30.3,1820.0,43.0,63.0,-20.0,56.7,83.1,-26.4
2480176,9,981306,CAJASOL BALONCESTO SEVILLA FEMENINO,HOME,1679391,M. Martinez Carranza,SF,2004240,N. Sanchez Robayo,SF,1999405,N. Anitua Garcia,SF,1811227,C. Arfinengo Del Carpio,SF,2053354,F. Gassama Dansoko,SF,4.3,259.0,7.0,9.0,-2.0,64.9,83.4,-18.5
2480177,10,981206,MCR LIMA-HORTA BARCELONA,AWAY,1908281,M. Aguado Tortella,SF,2828941,K. Clark,SF,1886093,E. Escuder Gonzalez,SF,1958425,L. Roig I Salrach,SF,2042157,C. Ripoll Moya,SF,1.8,105.0,4.0,3.0,1.0,91.4,68.6,22.9
2480177,10,981206,MCR LIMA-HORTA BARCELONA,AWAY,1908281,M. Aguado Tortella,SF,2828941,K. Clark,SF,1886093,E. Escuder Gonzalez,SF,1959765,J. Rueda Choni,SF,2042157,C. Ripoll Moya,SF,3.2,187.0,10.0,11.0,-1.0,128.3,141.2,-12.8
2480177,10,981206,MCR LIMA-HORTA BARCELONA,AWAY,1908281,M. Aguado Tortella,SF,2828941,K. Clark,SF,1958425,L. Roig I Salrach,SF,1968768,I. Subirats Teruel,SF,2042157,C. Ripoll Moya,SF,0.4,26.0,0.0,2.0,-2.0,0.0,184.6,-184.6
2480177,10,981206,MCR LIMA-HORTA BARCELONA,AWAY,1908281,M. Aguado Tortella,SF,2828941,K. Clark,SF,1959765,J. Rueda Choni,SF,1886093,E. Escuder Gonzalez,SF,1958425,L. Roig I Salrach,SF,3.2,194.0,4.0,10.0,-6.0,49.5,123.7,-74.2
2480177,10,981206,MCR LIMA-HORTA BARCELONA,AWAY,1908281,M. Aguado Tortella,SF,2828941,K. Clark,SF,1959765,J. Rueda Choni,SF,1968768,I. Subirats Teruel,SF,2042157,C. Ripoll Moya,SF,1.5,92.0,2.0,6.0,-4.0,52.2,156.5,-104.3
2480177,10,981206,MCR LIMA-HORTA BARCELONA,AWAY,2235190,E. Morales López,SF,1886093,E. Escuder Gonzalez,SF,1968768,I. Subirats Teruel,SF,1959765,J. Rueda Choni,SF,2042157,C. Ripoll Moya,SF,1.6,99.0,1.0,6.0,-5.0,24.2,145.5,-121.2
2480177,10,981206,MCR LIMA-HORTA BARCELONA,AWAY,2235190,E. Morales López,SF,1908281,M. Aguado Tortella,SF,1958425,L. Roig I Salrach,SF,1959765,J. Rueda Choni,SF,1886093,E. Escuder Gonzalez,SF,4.5,268.0,13.0,7.0,6.0,116.4,62.7,53.7
2480177,10,981206,MCR LIMA-HORTA BARCELONA,AWAY,2235190,E. Morales López,SF,1908281,M. Aguado Tortella,SF,1958425,L. Roig I Salrach,SF,1959765,J. Rueda Choni,SF,1968768,I. Subirats Teruel,SF,0.4,23.0,0.0,0.0,0.0,0.0,0.0,0.0
2480177,10,981206,MCR LIMA-HORTA BARCELONA,AWAY,2235190,E. Morales López,SF,1908281,M. Aguado Tortella,SF,1959765,J. Rueda Choni,SF,1886093,E. Escuder Gonzalez,SF,1958425,L. Roig I Salrach,SF,0.1,8.0,3.0,0.0,3.0,900.0,0.0,900.0
2480177,10,981206,MCR LIMA-HORTA BARCELONA,AWAY,2235190,E. Morales López,SF,1908281,M. Aguado Tortella,SF,1959765,J. Rueda Choni,SF,1886093,E. Escuder Gonzalez,SF,1968768,I. Subirats Teruel,SF,1.4,83.0,2.0,0.0,2.0,57.8,0.0,57.8
2480177,10,981206,MCR LIMA-HORTA BARCELONA,AWAY,2235190,E. Morales López,SF,1908281,M. Aguado Tortella,SF,1959765,J. Rueda Choni,SF,1886093,E. Escuder Gonzalez,SF,2042157,C. Ripoll Moya,SF,2.1,124.0,3.0,2.0,1.0,58.1,38.7,19.4
2480177,10,981206,MCR LIMA-HORTA BARCELONA,AWAY,2235190,E. Morales López,SF,1908281,M. Aguado Tortella,SF,1959765,J. Rueda Choni,SF,1958425,L. Roig I Salrach,SF,2042157,C. Ripoll Moya,SF,2.8,163.0,7.0,8.0,-1.0,103.1,117.8,-14.7
2480177,10,981206,MCR LIMA-HORTA BARCELONA,AWAY,2235190,E. Morales López,SF,1908281,M. Aguado Tortella,SF,1959765,J. Rueda Choni,SF,1968768,I. Subirats Teruel,SF,2042157,C. Ripoll Moya,SF,3.8,225.0,4.0,12.0,-8.0,42.7,128.0,-85.3
2480177,10,981206,MCR LIMA-HORTA BARCELONA,AWAY,2235190,E. Morales López,SF,1958425,L. Roig I Salrach,SF,1886093,E. Escuder Gonzalez,SF,1968768,I. Subirats Teruel,SF,1959765,J. Rueda Choni,SF,0.5,27.0,0.0,0.0,0.0,0.0,0.0,0.0
2480177,10,981206,MCR LIMA-HORTA BARCELONA,AWAY,2235190,E. Morales López,SF,1958425,L. Roig I Salrach,SF,1959765,J. Rueda Choni,SF,1886093,E. Escuder Gonzalez,SF,1968768,I. Subirats Teruel,SF,2.3,140.0,8.0,5.0,3.0,137.1,85.7,51.4
2480177,10,981206,MCR LIMA-HORTA BARCELONA,AWAY,2235190,E. Morales López,SF,1958425,L. Roig I Salrach,SF,1959765,J. Rueda Choni,SF,1968768,I. Subirats Teruel,SF,2042157,C. Ripoll Moya,SF,1.3,77.0,0.0,7.0,-7.0,0.0,218.2,-218.2
2480177,10,981206,MCR LIMA-HORTA BARCELONA,AWAY,2235190,E. Morales López,SF,1958425,L. Roig I Salrach,SF,1968768,I. Subirats Teruel,SF,1959765,J. Rueda Choni,SF,2042157,C. Ripoll Moya,SF,4.1,246.0,4.0,7.0,-3.0,39.0,68.3,-29.3
2480177,10,981206,MCR LIMA-HORTA BARCELONA,AWAY,2235190,E. Morales López,SF,1959765,J. Rueda Choni,SF,1968768,I. Subirats Teruel,SF,1958425,L. Roig I Salrach,SF,2042157,C. Ripoll Moya,SF,2.2,130.0,2.0,5.0,-3.0,36.9,92.3,-55.4
2480177,10,981206,MCR LIMA-HORTA BARCELONA,AWAY,2828941,K. Clark,SF,1886093,E. Escuder Gonzalez,SF,1968768,I. Subirats Teruel,SF,1959765,J. Rueda Choni,SF,2042157,C. Ripoll Moya,SF,3.1,183.0,2.0,9.0,-7.0,26.2,118.0,-91.8
2480177,10,981213,AZULMARINO MALLORCA PALMA,HOME,2791252,A. Bulgak,SF,1083354,M. España Almendro,SF,1865395,M. Garcia Mateo,SF,1434977,C. Grande Pardo,SF,1527601,I. Junio Mbulito,SF,3.9,230.0,13.0,5.0,8.0,135.7,52.2,83.5
2480177,10,981213,AZULMARINO MALLORCA PALMA,HOME,2791252,A. Bulgak,SF,2793759,J. Asinde,SF,2815892,A. Siciliano,SF,1083354,M. España Almendro,SF,1865395,M. Garcia Mateo,SF,34.2,2038.0,81.0,55.0,26.0,95.4,64.8,30.6
2480177,10,981213,AZULMARINO MALLORCA PALMA,HOME,2791252,A. Bulgak,SF,2815892,A. Siciliano,SF,1083354,M. España Almendro,SF,1865395,M. Garcia Mateo,SF,1434977,C. Grande Pardo,SF,2.2,132.0,6.0,9.0,-3.0,109.1,163.6,-54.5
2480178,10,979919,RECOLETAS ZAMORA,HOME,1599354,A. Tainta Lizalde,SF,1942017,A. Martin Tejedor,SF,2239381,D. Angel Villen,SF,2734310,E. Resende Carregosa,SF,2110765,A. Perez Relancio,SF,0.8,51.0,6.0,0.0,6.0,282.4,0.0,282.4
2480178,10,979919,RECOLETAS ZAMORA,HOME,1599354,A. Tainta Lizalde,SF,1942017,A. Martin Tejedor,SF,2239381,D. Angel Villen,SF,2734310,E. Resende Carregosa,SF,2561100,F. Pouye,SF,1.2,75.0,0.0,2.0,-2.0,0.0,64.0,-64.0
2480178,10,979919,RECOLETAS ZAMORA,HOME,1599354,A. Tainta Lizalde,SF,1942017,A. Martin Tejedor,SF,2561100,F. Pouye,SF,2239381,D. Angel Villen,SF,1259670,B. Sanchez Marrufo,SF,3.3,199.0,9.0,7.0,2.0,108.5,84.4,24.1
2480178,10,979919,RECOLETAS ZAMORA,HOME,1599354,A. Tainta Lizalde,SF,1942017,A. Martin Tejedor,SF,2561100,F. Pouye,SF,2239381,D. Angel Villen,SF,2734310,E. Resende Carregosa,SF,4.0,240.0,11.0,2.0,9.0,110.0,20.0,90.0
2480178,10,979919,RECOLETAS ZAMORA,HOME,1599354,A. Tainta Lizalde,SF,1942017,A. Martin Tejedor,SF,2734310,E. Resende Carregosa,SF,2110765,A. Perez Relancio,SF,1259670,B. Sanchez Marrufo,SF,1.9,112.0,12.0,2.0,10.0,257.1,42.9,214.3
2480178,10,979919,RECOLETAS ZAMORA,HOME,1599354,A. Tainta Lizalde,SF,1942017,A. Martin Tejedor,SF,2734310,E. Resende Carregosa,SF,2561100,F. Pouye,SF,1259670,B. Sanchez Marrufo,SF,1.3,79.0,0.0,2.0,-2.0,0.0,60.8,-60.8
2480178,10,979919,RECOLETAS ZAMORA,HOME,1599354,A. Tainta Lizalde,SF,2432306,F. Niski Castelao,SF,1942017,A. Martin Tejedor,SF,2239381,D. Angel Villen,SF,2561100,F. Pouye,SF,3.7,222.0,7.0,4.0,3.0,75.7,43.2,32.4
2480178,10,979919,RECOLETAS ZAMORA,HOME,1599354,A. Tainta Lizalde,SF,2432306,F. Niski Castelao,SF,1942017,A. Martin Tejedor,SF,2561100,F. Pouye,SF,1259670,B. Sanchez Marrufo,SF,0.4,26.0,0.0,3.0,-3.0,0.0,276.9,-276.9
2480178,10,979919,RECOLETAS ZAMORA,HOME,1599354,A. Tainta Lizalde,SF,2432306,F. Niski Castelao,SF,1942017,A. Martin Tejedor,SF,2561100,F. Pouye,SF,2734310,E. Resende Carregosa,SF,1.8,105.0,8.0,5.0,3.0,182.9,114.3,68.6
2480178,10,979919,RECOLETAS ZAMORA,HOME,1599354,A. Tainta Lizalde,SF,2432306,F. Niski Castelao,SF,1942017,A. Martin Tejedor,SF,2734310,E. Resende Carregosa,SF,2110765,A. Perez Relancio,SF,3.6,213.0,9.0,5.0,4.0,101.4,56.3,45.1
2480178,10,979919,RECOLETAS ZAMORA,HOME,1599354,A. Tainta Lizalde,SF,2432306,F. Niski Castelao,SF,1942017,A. Martin Tejedor,SF,2734310,E. Resende Carregosa,SF,2561100,F. Pouye,SF,1.2,74.0,1.0,2.0,-1.0,32.4,64.9,-32.4
2480178,10,979919,RECOLETAS ZAMORA,HOME,1599354,A. Tainta Lizalde,SF,2432306,F. Niski Castelao,SF,2734310,E. Resende Carregosa,SF,2110765,A. Perez Relancio,SF,1259670,B. Sanchez Marrufo,SF,2.2,135.0,7.0,3.0,4.0,124.4,53.3,71.1
2480178,10,979919,RECOLETAS ZAMORA,HOME,1599354,A. Tainta Lizalde,SF,2817152,F. Filor,SF,1942017,A. Martin Tejedor,SF,2110765,A. Perez Relancio,SF,2185038,V. Alonso Escobar,SF,1.1,65.0,2.0,6.0,-4.0,73.8,221.5,-147.7
2480178,10,979919,RECOLETAS ZAMORA,HOME,1599354,A. Tainta Lizalde,SF,2817152,F. Filor,SF,1942017,A. Martin Tejedor,SF,2239381,D. Angel Villen,SF,1259670,B. Sanchez Marrufo,SF,0.1,7.0,1.0,0.0,1.0,342.9,0.0,342.9
2480178,10,979919,RECOLETAS ZAMORA,HOME,1599354,A. Tainta Lizalde,SF,2817152,F. Filor,SF,1942017,A. Martin Tejedor,SF,2239381,D. Angel Villen,SF,2110765,A. Perez Relancio,SF,0.4,25.0,2.0,2.0,0.0,192.0,192.0,0.0
2480178,10,979919,RECOLETAS ZAMORA,HOME,1599354,A. Tainta Lizalde,SF,2817152,F. Filor,SF,1942017,A. Martin Tejedor,SF,2239381,D. Angel Villen,SF,2734310,E. Resende Carregosa,SF,1.7,103.0,3.0,0.0,3.0,69.9,0.0,69.9
2480178,10,979919,RECOLETAS ZAMORA,HOME,1599354,A. Tainta Lizalde,SF,2817152,F. Filor,SF,1942017,A. Martin Tejedor,SF,2561100,F. Pouye,SF,2239381,D. Angel Villen,SF,3.4,206.0,0.0,5.0,-5.0,0.0,58.3,-58.3
2480178,10,979919,RECOLETAS ZAMORA,HOME,1599354,A. Tainta Lizalde,SF,2817152,F. Filor,SF,1942017,A. Martin Tejedor,SF,2734310,E. Resende Carregosa,SF,2110765,A. Perez Relancio,SF,3.0,177.0,6.0,6.0,0.0,81.4,81.4,0.0
2480178,10,979919,RECOLETAS ZAMORA,HOME,1599354,A. Tainta Lizalde,SF,2817152,F. Filor,SF,2432306,F. Niski Castelao,SF,1942017,A. Martin Tejedor,SF,2734310,E. Resende Carregosa,SF,0.2,15.0,0.0,0.0,0.0,0.0,0.0,0.0
2480178,10,979919,RECOLETAS ZAMORA,HOME,1599354,A. Tainta Lizalde,SF,2817152,F. Filor,SF,2432306,F. Niski Castelao,SF,2734310,E. Resende Carregosa,SF,2110765,A. Perez Relancio,SF,4.5,271.0,11.0,6.0,5.0,97.4,53.1,44.3
2480178,10,981306,CAJASOL BALONCESTO SEVILLA FEMENINO,AWAY,1679391,M. Martinez Carranza,SF,1758184,C. Sanchez Fernandez-Satorre,SF,1993036,I. Rios Rus,SF,1999405,N. Anitua Garcia,SF,2053354,F. Gassama Dansoko,SF,1.0,60.0,3.0,5.0,-2.0,120.0,200.0,-80.0
2480178,10,981306,CAJASOL BALONCESTO SEVILLA FEMENINO,AWAY,1679391,M. Martinez Carranza,SF,1758184,C. Sanchez Fernandez-Satorre,SF,2004240,N. Sanchez Robayo,SF,1993036,I. Rios Rus,SF,1999405,N. Anitua Garcia,SF,34.6,2085.0,53.0,79.0,-26.0,61.0,90.9,-29.9
2480178,10,981306,CAJASOL BALONCESTO SEVILLA FEMENINO,AWAY,1679391,M. Martinez Carranza,SF,1993036,I. Rios Rus,SF,1999405,N. Anitua Garcia,SF,2053354,F. Gassama Dansoko,SF,1522827,M. Recio Gonzalez,SF,1.3,79.0,2.0,2.0,0.0,60.8,60.8,0.0
2480178,10,981306,CAJASOL BALONCESTO SEVILLA FEMENINO,AWAY,1993036,I. Rios Rus,SF,1999405,N. Anitua Garcia,SF,2053354,F. Gassama Dansoko,SF,1522827,M. Recio Gonzalez,SF,1723585,A. Morales Sancho,SF,2.9,176.0,4.0,9.0,-5.0,54.5,122.7,-68.2
2480179,10,981208,ALTER ENERSUN AL-QÁZERES EXTREMADURA,HOME,1860325,L. Fontela Cabaleiro,SF,1112483,L. Mendez Lamas,SF,1902336,N. Liste Alfonsin,SF,2432389,J. De Barros Filipe,SF,1889214,C. Prieto Pereda,SF,1.6,99.0,3.0,3.0,0.0,72.7,72.7,0.0
2480179,10,981208,ALTER ENERSUN AL-QÁZERES EXTREMADURA,HOME,1860325,L. Fontela Cabaleiro,SF,1112483,L. Mendez Lamas,SF,1902336,N. Liste Alfonsin,SF,2432389,J. De Barros Filipe,SF,2815234,I. Tavares Ramos,SF,2.0,122.0,5.0,2.0,3.0,98.4,39.3,59.0
2480179,10,981208,ALTER ENERSUN AL-QÁZERES EXTREMADURA,HOME,1860325,L. Fontela Cabaleiro,SF,1902336,N. Liste Alfonsin,SF,2432389,J. De Barros Filipe,SF,1112483,L. Mendez Lamas,SF,1889214,C. Prieto Pereda,SF,2.2,131.0,3.0,6.0,-3.0,55.0,109.9,-55.0
2480179,10,981208,ALTER ENERSUN AL-QÁZERES EXTREMADURA,HOME,1860325,L. Fontela Cabaleiro,SF,1902336,N. Liste Alfonsin,SF,2815234,I. Tavares Ramos,SF,1112483,L. Mendez Lamas,SF,1889214,C. Prieto Pereda,SF,0.5,31.0,0.0,0.0,0.0,0.0,0.0,0.0
2480179,10,981208,ALTER ENERSUN AL-QÁZERES EXTREMADURA,HOME,1860325,L. Fontela Cabaleiro,SF,1902336,N. Liste Alfonsin,SF,2815234,I. Tavares Ramos,SF,2432389,J. De Barros Filipe,SF,1112483,L. Mendez Lamas,SF,1.7,104.0,0.0,4.0,-4.0,0.0,92.3,-92.3
2480179,10,981208,ALTER ENERSUN AL-QÁZERES EXTREMADURA,HOME,1860325,L. Fontela Cabaleiro,SF,2432389,J. De Barros Filipe,SF,1112483,L. Mendez Lamas,SF,1902336,N. Liste Alfonsin,SF,1889214,C. Prieto Pereda,SF,1.6,94.0,6.0,2.0,4.0,153.2,51.1,102.1
2480179,10,981208,ALTER ENERSUN AL-QÁZERES EXTREMADURA,HOME,1860325,L. Fontela Cabaleiro,SF,2432389,J. De Barros Filipe,SF,1112483,L. Mendez Lamas,SF,1902336,N. Liste Alfonsin,SF,2815234,I. Tavares Ramos,SF,3.2,190.0,10.0,5.0,5.0,126.3,63.2,63.2
2480179,10,981208,ALTER ENERSUN AL-QÁZERES EXTREMADURA,HOME,1860325,L. Fontela Cabaleiro,SF,2815153,V. Gauna,SF,1902336,N. Liste Alfonsin,SF,2432389,J. De Barros Filipe,SF,1889214,C. Prieto Pereda,SF,1.8,109.0,6.0,2.0,4.0,132.1,44.0,88.1
2480179,10,981208,ALTER ENERSUN AL-QÁZERES EXTREMADURA,HOME,1860325,L. Fontela Cabaleiro,SF,2815153,V. Gauna,SF,1902336,N. Liste Alfonsin,SF,2432389,J. De Barros Filipe,SF,2815234,I. Tavares Ramos,SF,4.4,262.0,8.0,3.0,5.0,73.3,27.5,45.8
2480179,10,981208,ALTER ENERSUN AL-QÁZERES EXTREMADURA,HOME,1860325,L. Fontela Cabaleiro,SF,2815153,V. Gauna,SF,1902336,N. Liste Alfonsin,SF,2815234,I. Tavares Ramos,SF,1112483,L. Mendez Lamas,SF,2.6,155.0,3.0,4.0,-1.0,46.5,61.9,-15.5
2480179,10,981208,ALTER ENERSUN AL-QÁZERES EXTREMADURA,HOME,1860325,L. Fontela Cabaleiro,SF,2815153,V. Gauna,SF,1902336,N. Liste Alfonsin,SF,2815234,I. Tavares Ramos,SF,1889214,C. Prieto Pereda,SF,0.3,21.0,0.0,0.0,0.0,0.0,0.0,0.0
2480179,10,981208,ALTER ENERSUN AL-QÁZERES EXTREMADURA,HOME,1860325,L. Fontela Cabaleiro,SF,2815153,V. Gauna,SF,1902336,N. Liste Alfonsin,SF,2815234,I. Tavares Ramos,SF,2044012,C. Suárez Fernández,SF,3.3,196.0,5.0,9.0,-4.0,61.2,110.2,-49.0
2480179,10,981208,ALTER ENERSUN AL-QÁZERES EXTREMADURA,HOME,1860325,L. Fontela Cabaleiro,SF,2815153,V. Gauna,SF,1902336,N. Liste Alfonsin,SF,2815234,I. Tavares Ramos,SF,2432389,J. De Barros Filipe,SF,5.1,303.0,2.0,7.0,-5.0,15.8,55.4,-39.6
2480179,10,981208,ALTER ENERSUN AL-QÁZERES EXTREMADURA,HOME,1860325,L. Fontela Cabaleiro,SF,2815153,V. Gauna,SF,2432389,J. De Barros Filipe,SF,1112483,L. Mendez Lamas,SF,1902336,N. Liste Alfonsin,SF,1.3,79.0,2.0,0.0,2.0,60.8,0.0,60.8
2480179,10,981208,ALTER ENERSUN AL-QÁZERES EXTREMADURA,HOME,1860325,L. Fontela Cabaleiro,SF,2815153,V. Gauna,SF,2432389,J. De Barros Filipe,SF,1902336,N. Liste Alfonsin,SF,2815234,I. Tavares Ramos,SF,2.3,135.0,2.0,6.0,-4.0,35.6,106.7,-71.1
2480179,10,981208,ALTER ENERSUN AL-QÁZERES EXTREMADURA,HOME,1902336,N. Liste Alfonsin,SF,2815234,I. Tavares Ramos,SF,2432389,J. De Barros Filipe,SF,1112483,L. Mendez Lamas,SF,1889214,C. Prieto Pereda,SF,1.5,95.0,0.0,0.0,0.0,0.0,0.0,0.0
2480179,10,981208,ALTER ENERSUN AL-QÁZERES EXTREMADURA,HOME,2178748,B. Gonzalez Rosco,SF,2815153,V. Gauna,SF,1902336,N. Liste Alfonsin,SF,2044012,C. Suárez Fernández,SF,1889214,C. Prieto Pereda,SF,0.7,43.0,0.0,3.0,-3.0,0.0,167.4,-167.4
2480179,10,981208,ALTER ENERSUN AL-QÁZERES EXTREMADURA,HOME,2815153,V. Gauna,SF,2432389,J. De Barros Filipe,SF,1112483,L. Mendez Lamas,SF,1902336,N. Liste Alfonsin,SF,2815234,I. Tavares Ramos,SF,0.8,50.0,0.0,2.0,-2.0,0.0,96.0,-96.0
2480179,10,981208,ALTER ENERSUN AL-QÁZERES EXTREMADURA,HOME,2815153,V. Gauna,SF,2432389,J. De Barros Filipe,SF,1902336,N. Liste Alfonsin,SF,2815234,I. Tavares Ramos,SF,2044012,C. Suárez Fernández,SF,3.0,181.0,2.0,11.0,-9.0,26.5,145.9,-119.3
2480179,10,981334,UNICAJA MIJAS,AWAY,1317227,C. Garcia Paunero,SF,1884837,M. Roters Dubinina,SF,1723860,S. Galeron Alvarez,SF,2012623,S. Lo Sylla,SF,1949233,A. Orois Aznarez,SF,2.0,119.0,3.0,7.0,-4.0,60.5,141.2,-80.7
2480179,10,981334,UNICAJA MIJAS,AWAY,1317227,C. Garcia Paunero,SF,1884837,M. Roters Dubinina,SF,2814756,C. Zimmerman,SF,2413042,C. Guillen Uriguen,SF,1949233,A. Orois Aznarez,SF,1.0,62.0,2.0,2.0,0.0,77.4,77.4,0.0
2480179,10,981334,UNICAJA MIJAS,AWAY,1884837,M. Roters Dubinina,SF,1723860,S. Galeron Alvarez,SF,2012623,S. Lo Sylla,SF,1949233,A. Orois Aznarez,SF,1994192,E. Moreno Fernandez,SF,7.9,475.0,12.0,9.0,3.0,60.6,45.5,15.2
2480179,10,981334,UNICAJA MIJAS,AWAY,1884837,M. Roters Dubinina,SF,2413042,C. Guillen Uriguen,SF,1723860,S. Galeron Alvarez,SF,1949233,A. Orois Aznarez,SF,1994192,E. Moreno Fernandez,SF,0.1,5.0,0.0,2.0,-2.0,0.0,960.0,-960.0
2480179,10,981334,UNICAJA MIJAS,AWAY,1884837,M. Roters Dubinina,SF,2814756,C. Zimmerman,SF,2012623,S. Lo Sylla,SF,1954737,E. Puiggros Rovira,SF,1994192,E. Moreno Fernandez,SF,0.3,21.0,0.0,0.0,0.0,0.0,0.0,0.0
2480179,10,981334,UNICAJA MIJAS,AWAY,2096249,T. Eke Benitez,SF,1317227,C. Garcia Paunero,SF,1884837,M. Roters Dubinina,SF,2814756,C. Zimmerman,SF,1949233,A. Orois Aznarez,SF,3.5,213.0,3.0,10.0,-7.0,33.8,112.7,-78.9
2480179,10,981334,UNICAJA MIJAS,AWAY,2096249,T. Eke Benitez,SF,1317227,C. Garcia Paunero,SF,1884837,M. Roters Dubinina,SF,2814756,C. Zimmerman,SF,1954737,E. Puiggros Rovira,SF,8.5,508.0,14.0,13.0,1.0,66.1,61.4,4.7
2480179,10,981334,UNICAJA MIJAS,AWAY,2096249,T. Eke Benitez,SF,1884837,M. Roters Dubinina,SF,1317227,C. Garcia Paunero,SF,1723860,S. Galeron Alvarez,SF,1949233,A. Orois Aznarez,SF,2.4,141.0,2.0,0.0,2.0,34.0,0.0,34.0
2480179,10,981334,UNICAJA MIJAS,AWAY,2096249,T. Eke Benitez,SF,1884837,M. Roters Dubinina,SF,1317227,C. Garcia Paunero,SF,2814756,C. Zimmerman,SF,1954737,E. Puiggros Rovira,SF,4.3,260.0,10.0,4.0,6.0,92.3,36.9,55.4
2480179,10,981334,UNICAJA MIJAS,AWAY,2096249,T. Eke Benitez,SF,1884837,M. Roters Dubinina,SF,1723860,S. Galeron Alvarez,SF,1949233,A. Orois Aznarez,SF,1994192,E. Moreno Fernandez,SF,4.6,280.0,6.0,6.0,0.0,51.4,51.4,0.0
2480179,10,981334,UNICAJA MIJAS,AWAY,2096249,T. Eke Benitez,SF,2814756,C. Zimmerman,SF,1317227,C. Garcia Paunero,SF,1884837,M. Roters Dubinina,SF,1954737,E. Puiggros Rovira,SF,4.5,269.0,12.0,4.0,8.0,107.1,35.7,71.4
2480179,10,981334,UNICAJA MIJAS,AWAY,2814756,C. Zimmerman,SF,1317227,C. Garcia Paunero,SF,1884837,M. Roters Dubinina,SF,2012623,S. Lo Sylla,SF,1954737,E. Puiggros Rovira,SF,0.8,47.0,5.0,0.0,5.0,255.3,0.0,255.3
2480180,10,979770,MELILLA CIUDAD DEL DEPORTE LA SALLE,HOME,1713801,C. Torrubia Cano,SF,1946976,L. Moya Blanch,SF,1454479,A. Senosiain Vergarachea,SF,1829640,A. Sanchez Davila,SF,1587316,C. Caceres Ayala,SF,1.0,62.0,2.0,0.0,2.0,77.4,0.0,77.4
2480180,10,979770,MELILLA CIUDAD DEL DEPORTE LA SALLE,HOME,1713801,C. Torrubia Cano,SF,1946976,L. Moya Blanch,SF,1454479,A. Senosiain Vergarachea,SF,2814864,R. Monteiro Da Silva,SF,1587316,C. Caceres Ayala,SF,1.6,92.0,4.0,2.0,2.0,104.3,52.2,52.2
2480180,10,979770,MELILLA CIUDAD DEL DEPORTE LA SALLE,HOME,1713801,C. Torrubia Cano,SF,1946976,L. Moya Blanch,SF,1454479,A. Senosiain Vergarachea,SF,2814864,R. Monteiro Da Silva,SF,1715165,M. Torreblanca Ginel,SF,2.0,115.0,5.0,2.0,3.0,104.3,41.7,62.6
2480180,10,979770,MELILLA CIUDAD DEL DEPORTE LA SALLE,HOME,1756623,A. Hernangomez Geuer,SF,1946976,L. Moya Blanch,SF,1454479,A. Senosiain Vergarachea,SF,1587316,C. Caceres Ayala,SF,1715165,M. Torreblanca Ginel,SF,6.0,359.0,8.0,7.0,1.0,53.5,46.8,6.7
2480180,10,979770,MELILLA CIUDAD DEL DEPORTE LA SALLE,HOME,1756623,A. Hernangomez Geuer,SF,1946976,L. Moya Blanch,SF,1454479,A. Senosiain Vergarachea,SF,1715165,M. Torreblanca Ginel,SF,2648563,M. D'Urso Vallina,SF,0.5,32.0,0.0,2.0,-2.0,0.0,150.0,-150.0
2480180,10,979770,MELILLA CIUDAD DEL DEPORTE LA SALLE,HOME,1756623,A. Hernangomez Geuer,SF,1946976,L. Moya Blanch,SF,1454479,A. Senosiain Vergarachea,SF,1829640,A. Sanchez Davila,SF,1587316,C. Caceres Ayala,SF,0.7,40.0,3.0,3.0,0.0,180.0,180.0,0.0
2480180,10,979770,MELILLA CIUDAD DEL DEPORTE LA SALLE,HOME,1756623,A. Hernangomez Geuer,SF,1946976,L. Moya Blanch,SF,1454479,A. Senosiain Vergarachea,SF,1829640,A. Sanchez Davila,SF,2814864,R. Monteiro Da Silva,SF,0.2,10.0,0.0,0.0,0.0,0.0,0.0,0.0
2480180,10,979770,MELILLA CIUDAD DEL DEPORTE LA SALLE,HOME,1756623,A. Hernangomez Geuer,SF,1946976,L. Moya Blanch,SF,1454479,A. Senosiain Vergarachea,SF,2814864,R. Monteiro Da Silva,SF,1587316,C. Caceres Ayala,SF,1.0,59.0,0.0,0.0,0.0,0.0,0.0,0.0
2480180,10,979770,MELILLA CIUDAD DEL DEPORTE LA SALLE,HOME,1756623,A. Hernangomez Geuer,SF,1946976,L. Moya Blanch,SF,1454479,A. Senosiain Vergarachea,SF,2814864,R. Monteiro Da Silva,SF,1715165,M. Torreblanca Ginel,SF,3.6,213.0,4.0,4.0,0.0,45.1,45.1,0.0
2480180,10,979770,MELILLA CIUDAD DEL DEPORTE LA SALLE,HOME,1756623,A. Hernangomez Geuer,SF,2104399,C. Garcia Muñoz,SF,1454479,A. Senosiain Vergarachea,SF,1829640,A. Sanchez Davila,SF,1587316,C. Caceres Ayala,SF,6.3,374.0,15.0,7.0,8.0,96.3,44.9,51.3
2480180,10,979770,MELILLA CIUDAD DEL DEPORTE LA SALLE,HOME,2104399,C. Garcia Muñoz,SF,1946976,L. Moya Blanch,SF,1454479,A. Senosiain Vergarachea,SF,1829640,A. Sanchez Davila,SF,1587316,C. Caceres Ayala,SF,5.9,357.0,14.0,9.0,5.0,94.1,60.5,33.6
2480180,10,979770,MELILLA CIUDAD DEL DEPORTE LA SALLE,HOME,2432929,M. Davydova,SF,1756623,A. Hernangomez Geuer,SF,1454479,A. Senosiain Vergarachea,SF,1829640,A. Sanchez Davila,SF,1587316,C. Caceres Ayala,SF,1.1,67.0,2.0,0.0,2.0,71.6,0.0,71.6
2480180,10,979770,MELILLA CIUDAD DEL DEPORTE LA SALLE,HOME,2432929,M. Davydova,SF,1756623,A. Hernangomez Geuer,SF,1454479,A. Senosiain Vergarachea,SF,2814864,R. Monteiro Da Silva,SF,1587316,C. Caceres Ayala,SF,2.1,125.0,4.0,6.0,-2.0,76.8,115.2,-38.4
2480180,10,979770,MELILLA CIUDAD DEL DEPORTE LA SALLE,HOME,2432929,M. Davydova,SF,1756623,A. Hernangomez Geuer,SF,1454479,A. Senosiain Vergarachea,SF,2814864,R. Monteiro Da Silva,SF,1715165,M. Torreblanca Ginel,SF,4.6,277.0,5.0,10.0,-5.0,43.3,86.6,-43.3
2480180,10,979770,MELILLA CIUDAD DEL DEPORTE LA SALLE,HOME,2432929,M. Davydova,SF,1946976,L. Moya Blanch,SF,1454479,A. Senosiain Vergarachea,SF,2814864,R. Monteiro Da Silva,SF,2648563,M. D'Urso Vallina,SF,3.6,218.0,2.0,13.0,-11.0,22.0,143.1,-121.1
2480180,10,981356,BOSONIT UNIBASKET,AWAY,1626810,C. Aldecoa Rodriguez,SF,1678734,M. Llorente Ruiz,SF,1778980,I. Losada Gonzalez-Babe,SF,1821692,M. Alonso Guadaño,SF,1834784,E. Florez Pascual,SF,1.9,114.0,2.0,2.0,0.0,42.1,42.1,0.0
2480180,10,981356,BOSONIT UNIBASKET,AWAY,1626810,C. Aldecoa Rodriguez,SF,2819119,T. Sedláková,SF,1678734,M. Llorente Ruiz,SF,1778980,I. Losada Gonzalez-Babe,SF,2151019,N. Padrosa Mons,SF,1.4,87.0,3.0,5.0,-2.0,82.8,137.9,-55.2
2480180,10,981356,BOSONIT UNIBASKET,AWAY,1626810,C. Aldecoa Rodriguez,SF,2819119,T. Sedláková,SF,1678734,M. Llorente Ruiz,SF,2151019,N. Padrosa Mons,SF,1834784,E. Florez Pascual,SF,1.9,110.0,4.0,3.0,1.0,87.3,65.5,21.8
2480180,10,981356,BOSONIT UNIBASKET,AWAY,1626810,C. Aldecoa Rodriguez,SF,2819119,T. Sedláková,SF,1678734,M. Llorente Ruiz,SF,2735759,L. Van Schaik,SF,1834784,E. Florez Pascual,SF,1.8,108.0,1.0,2.0,-1.0,22.2,44.4,-22.2
2480180,10,981356,BOSONIT UNIBASKET,AWAY,1626810,C. Aldecoa Rodriguez,SF,2819119,T. Sedláková,SF,1778980,I. Losada Gonzalez-Babe,SF,2735759,L. Van Schaik,SF,1821692,M. Alonso Guadaño,SF,3.9,231.0,2.0,9.0,-7.0,20.8,93.5,-72.7
2480180,10,981356,BOSONIT UNIBASKET,AWAY,1626810,C. Aldecoa Rodriguez,SF,2819119,T. Sedláková,SF,1778980,I. Losada Gonzalez-Babe,SF,2735759,L. Van Schaik,SF,2151019,N. Padrosa Mons,SF,1.0,58.0,0.0,2.0,-2.0,0.0,82.8,-82.8
2480180,10,981356,BOSONIT UNIBASKET,AWAY,1626810,C. Aldecoa Rodriguez,SF,2819119,T. Sedláková,SF,1821692,M. Alonso Guadaño,SF,1778980,I. Losada Gonzalez-Babe,SF,2151019,N. Padrosa Mons,SF,4.5,270.0,6.0,9.0,-3.0,53.3,80.0,-26.7
2480180,10,981356,BOSONIT UNIBASKET,AWAY,1626810,C. Aldecoa Rodriguez,SF,2819119,T. Sedláková,SF,1821692,M. Alonso Guadaño,SF,2735759,L. Van Schaik,SF,1834784,E. Florez Pascual,SF,2.1,128.0,2.0,3.0,-1.0,37.5,56.2,-18.8
2480180,10,981356,BOSONIT UNIBASKET,AWAY,1626810,C. Aldecoa Rodriguez,SF,2819119,T. Sedláková,SF,2561556,C. Sañudo Trillo,SF,1678734,M. Llorente Ruiz,SF,1778980,I. Losada Gonzalez-Babe,SF,0.5,28.0,3.0,3.0,0.0,257.1,257.1,0.0
2480180,10,981356,BOSONIT UNIBASKET,AWAY,1626810,C. Aldecoa Rodriguez,SF,2819119,T. Sedláková,SF,2561556,C. Sañudo Trillo,SF,1678734,M. Llorente Ruiz,SF,1834784,E. Florez Pascual,SF,3.4,200.0,5.0,2.0,3.0,60.0,24.0,36.0
2480180,10,981356,BOSONIT UNIBASKET,AWAY,1626810,C. Aldecoa Rodriguez,SF,2819119,T. Sedláková,SF,2561556,C. Sañudo Trillo,SF,1821692,M. Alonso Guadaño,SF,1834784,E. Florez Pascual,SF,0.9,55.0,3.0,3.0,0.0,130.9,130.9,0.0
2480180,10,981356,BOSONIT UNIBASKET,AWAY,1626810,C. Aldecoa Rodriguez,SF,2819119,T. Sedláková,SF,2735759,L. Van Schaik,SF,2151019,N. Padrosa Mons,SF,1834784,E. Florez Pascual,SF,0.7,43.0,2.0,0.0,2.0,111.6,0.0,111.6
2480180,10,981356,BOSONIT UNIBASKET,AWAY,1626810,C. Aldecoa Rodriguez,SF,2819121,H. Forster,SF,1678734,M. Llorente Ruiz,SF,1821692,M. Alonso Guadaño,SF,1834784,E. Florez Pascual,SF,2.7,164.0,0.0,11.0,-11.0,0.0,161.0,-161.0
2480180,10,981356,BOSONIT UNIBASKET,AWAY,1626810,C. Aldecoa Rodriguez,SF,2819121,H. Forster,SF,1678734,M. Llorente Ruiz,SF,2151019,N. Padrosa Mons,SF,1834784,E. Florez Pascual,SF,2.6,155.0,7.0,5.0,2.0,108.4,77.4,31.0
2480180,10,981356,BOSONIT UNIBASKET,AWAY,1626810,C. Aldecoa Rodriguez,SF,2819121,H. Forster,SF,2561556,C. Sañudo Trillo,SF,1821692,M. Alonso Guadaño,SF,1834784,E. Florez Pascual,SF,0.5,31.0,0.0,0.0,0.0,0.0,0.0,0.0
2480180,10,981356,BOSONIT UNIBASKET,AWAY,1626810,C. Aldecoa Rodriguez,SF,2819121,H. Forster,SF,2735759,L. Van Schaik,SF,1821692,M. Alonso Guadaño,SF,1834784,E. Florez Pascual,SF,0.1,5.0,1.0,0.0,1.0,480.0,0.0,480.0
2480180,10,981356,BOSONIT UNIBASKET,AWAY,2819119,T. Sedláková,SF,1678734,M. Llorente Ruiz,SF,1821692,M. Alonso Guadaño,SF,2735759,L. Van Schaik,SF,1834784,E. Florez Pascual,SF,1.4,83.0,0.0,2.0,-2.0,0.0,57.8,-57.8
2480180,10,981356,BOSONIT UNIBASKET,AWAY,2819119,T. Sedláková,SF,1678734,M. Llorente Ruiz,SF,2735759,L. Van Schaik,SF,1821692,M. Alonso Guadaño,SF,1834784,E. Florez Pascual,SF,4.5,273.0,16.0,4.0,12.0,140.7,35.2,105.5
2480180,10,981356,BOSONIT UNIBASKET,AWAY,2819119,T. Sedláková,SF,1821692,M. Alonso Guadaño,SF,1778980,I. Losada Gonzalez-Babe,SF,2735759,L. Van Schaik,SF,2151019,N. Padrosa Mons,SF,0.6,36.0,0.0,0.0,0.0,0.0,0.0,0.0
2480180,10,981356,BOSONIT UNIBASKET,AWAY,2819121,H. Forster,SF,1678734,M. Llorente Ruiz,SF,1821692,M. Alonso Guadaño,SF,2735759,L. Van Schaik,SF,1834784,E. Florez Pascual,SF,0.2,11.0,0.0,0.0,0.0,0.0,0.0,0.0
2480180,10,981356,BOSONIT UNIBASKET,AWAY,2819121,H. Forster,SF,1678734,M. Llorente Ruiz,SF,2735759,L. Van Schaik,SF,2151019,N. Padrosa Mons,SF,1834784,E. Florez Pascual,SF,0.8,47.0,3.0,0.0,3.0,153.2,0.0,153.2
2480180,10,981356,BOSONIT UNIBASKET,AWAY,2819121,H. Forster,SF,1821692,M. Alonso Guadaño,SF,2735759,L. Van Schaik,SF,2151019,N. Padrosa Mons,SF,1834784,E. Florez Pascual,SF,1.1,63.0,0.0,3.0,-3.0,0.0,114.3,-114.3
2480180,10,981356,BOSONIT UNIBASKET,AWAY,2819121,H. Forster,SF,2561556,C. Sañudo Trillo,SF,2735759,L. Van Schaik,SF,1821692,M. Alonso Guadaño,SF,1834784,E. Florez Pascual,SF,1.7,100.0,5.0,0.0,5.0,120.0,0.0,120.0
2480181,10,981242,C.B. SANTFELIUENC,AWAY,2050086,M. Muñoz Moyano,SF,2816766,A. Coulibaly,SF,2155489,X. Salzmann Romeu,SF,2190844,S. Pares Vilaseca,SF,2073654,C. Gil Abad,SF,0.8,51.0,0.0,0.0,0.0,0.0,0.0,0.0
2480181,10,981242,C.B. SANTFELIUENC,AWAY,2056237,L. Salmeron Segu,SF,2050086,M. Muñoz Moyano,SF,2816766,A. Coulibaly,SF,2073654,C. Gil Abad,SF,2155489,X. Salzmann Romeu,SF,1.2,71.0,2.0,2.0,0.0,67.6,67.6,0.0
2480181,10,981242,C.B. SANTFELIUENC,AWAY,2056237,L. Salmeron Segu,SF,2073654,C. Gil Abad,SF,2816669,A. Marotte,SF,1752455,I. Conde Duran,SF,2816051,E. Tenbrock,SF,0.9,55.0,0.0,0.0,0.0,0.0,0.0,0.0
2480181,10,981242,C.B. SANTFELIUENC,AWAY,2056237,L. Salmeron Segu,SF,2151715,J. Nogués Martí,SF,2050086,M. Muñoz Moyano,SF,2155489,X. Salzmann Romeu,SF,1752455,I. Conde Duran,SF,3.6,214.0,7.0,4.0,3.0,78.5,44.9,33.6
2480181,10,981242,C.B. SANTFELIUENC,AWAY,2056237,L. Salmeron Segu,SF,2151715,J. Nogués Martí,SF,2816053,A. Tibe,SF,2816669,A. Marotte,SF,1752455,I. Conde Duran,SF,3.3,195.0,7.0,2.0,5.0,86.2,24.6,61.5
2480181,10,981242,C.B. SANTFELIUENC,AWAY,2056237,L. Salmeron Segu,SF,2816053,A. Tibe,SF,1752455,I. Conde Duran,SF,2816669,A. Marotte,SF,2073654,C. Gil Abad,SF,1.0,60.0,2.0,0.0,2.0,80.0,0.0,80.0
2480181,10,981242,C.B. SANTFELIUENC,AWAY,2056237,L. Salmeron Segu,SF,2816053,A. Tibe,SF,2190844,S. Pares Vilaseca,SF,2816669,A. Marotte,SF,1752455,I. Conde Duran,SF,1.9,116.0,4.0,2.0,2.0,82.8,41.4,41.4
2480181,10,981242,C.B. SANTFELIUENC,AWAY,2056237,L. Salmeron Segu,SF,2816053,A. Tibe,SF,2816669,A. Marotte,SF,2073654,C. Gil Abad,SF,2816051,E. Tenbrock,SF,1.0,64.0,0.0,7.0,-7.0,0.0,262.5,-262.5
2480181,10,981242,C.B. SANTFELIUENC,AWAY,2056237,L. Salmeron Segu,SF,2816766,A. Coulibaly,SF,2073654,C. Gil Abad,SF,2155489,X. Salzmann Romeu,SF,2816051,E. Tenbrock,SF,0.4,26.0,0.0,2.0,-2.0,0.0,184.6,-184.6
2480181,10,981242,C.B. SANTFELIUENC,AWAY,2151715,J. Nogués Martí,SF,2056237,L. Salmeron Segu,SF,2050086,M. Muñoz Moyano,SF,2816766,A. Coulibaly,SF,2155489,X. Salzmann Romeu,SF,1.7,103.0,5.0,4.0,1.0,116.5,93.2,23.3
2480181,10,981242,C.B. SANTFELIUENC,AWAY,2151715,J. Nogués Martí,SF,2056237,L. Salmeron Segu,SF,2816053,A. Tibe,SF,1752455,I. Conde Duran,SF,2816669,A. Marotte,SF,2.7,159.0,5.0,6.0,-1.0,75.5,90.6,-15.1
2480181,10,981242,C.B. SANTFELIUENC,AWAY,2151715,J. Nogués Martí,SF,2056237,L. Salmeron Segu,SF,2816053,A. Tibe,SF,2155489,X. Salzmann Romeu,SF,2190844,S. Pares Vilaseca,SF,1.6,96.0,0.0,2.0,-2.0,0.0,50.0,-50.0
2480181,10,981242,C.B. SANTFELIUENC,AWAY,2151715,J. Nogués Martí,SF,2056237,L. Salmeron Segu,SF,2816053,A. Tibe,SF,2816669,A. Marotte,SF,1752455,I. Conde Duran,SF,4.5,269.0,7.0,6.0,1.0,62.5,53.5,8.9
2480181,10,981242,C.B. SANTFELIUENC,AWAY,2151715,J. Nogués Martí,SF,2056237,L. Salmeron Segu,SF,2816766,A. Coulibaly,SF,1752455,I. Conde Duran,SF,2190844,S. Pares Vilaseca,SF,0.6,37.0,0.0,0.0,0.0,0.0,0.0,0.0
2480181,10,981242,C.B. SANTFELIUENC,AWAY,2151715,J. Nogués Martí,SF,2056237,L. Salmeron Segu,SF,2816766,A. Coulibaly,SF,1752455,I. Conde Duran,SF,2816669,A. Marotte,SF,2.5,151.0,3.0,6.0,-3.0,47.7,95.4,-47.7
2480181,10,981242,C.B. SANTFELIUENC,AWAY,2151715,J. Nogués Martí,SF,2056237,L. Salmeron Segu,SF,2816766,A. Coulibaly,SF,2816053,A. Tibe,SF,2816669,A. Marotte,SF,0.5,31.0,0.0,2.0,-2.0,0.0,154.8,-154.8
2480181,10,981242,C.B. SANTFELIUENC,AWAY,2151715,J. Nogués Martí,SF,2816053,A. Tibe,SF,2190844,S. Pares Vilaseca,SF,2816669,A. Marotte,SF,1752455,I. Conde Duran,SF,2.8,170.0,2.0,5.0,-3.0,28.2,70.6,-42.4
2480181,10,981242,C.B. SANTFELIUENC,AWAY,2151715,J. Nogués Martí,SF,2816766,A. Coulibaly,SF,2816053,A. Tibe,SF,2816669,A. Marotte,SF,2073654,C. Gil Abad,SF,2.3,133.0,2.0,3.0,-1.0,36.1,54.1,-18.0
2480181,10,981242,C.B. SANTFELIUENC,AWAY,2151715,J. Nogués Martí,SF,2816766,A. Coulibaly,SF,2816669,A. Marotte,SF,2073654,C. Gil Abad,SF,2816051,E. Tenbrock,SF,0.8,51.0,0.0,0.0,0.0,0.0,0.0,0.0
2480181,10,981242,C.B. SANTFELIUENC,AWAY,2816053,A. Tibe,SF,2190844,S. Pares Vilaseca,SF,2816669,A. Marotte,SF,2073654,C. Gil Abad,SF,2816051,E. Tenbrock,SF,2.1,124.0,2.0,4.0,-2.0,38.7,77.4,-38.7
2480181,10,981242,C.B. SANTFELIUENC,AWAY,2816766,A. Coulibaly,SF,2155489,X. Salzmann Romeu,SF,2190844,S. Pares Vilaseca,SF,2073654,C. Gil Abad,SF,2816051,E. Tenbrock,SF,1.0,58.0,0.0,2.0,-2.0,0.0,82.8,-82.8
2480181,10,981242,C.B. SANTFELIUENC,AWAY,2816766,A. Coulibaly,SF,2190844,S. Pares Vilaseca,SF,2816669,A. Marotte,SF,2073654,C. Gil Abad,SF,2816051,E. Tenbrock,SF,2.5,147.0,3.0,8.0,-5.0,49.0,130.6,-81.6
2480181,10,981242,C.B. SANTFELIUENC,AWAY,2816766,A. Coulibaly,SF,2816053,A. Tibe,SF,2190844,S. Pares Vilaseca,SF,2816669,A. Marotte,SF,2073654,C. Gil Abad,SF,0.3,19.0,0.0,0.0,0.0,0.0,0.0,0.0
2480181,10,981288,SERNOVA RENOVABLES REAL CANOE,HOME,2097038,P. De Mier Espina,SF,1787143,C. Mato De Prada,SF,1242234,C. Rodriguez Nuñez,SF,2432516,C. De Sousa,SF,1859345,L. Fleta Robles,SF,0.8,46.0,0.0,2.0,-2.0,0.0,104.3,-104.3
2480181,10,981288,SERNOVA RENOVABLES REAL CANOE,HOME,2097038,P. De Mier Espina,SF,1787143,C. Mato De Prada,SF,1927626,C. Flores Garcia,SF,1242234,C. Rodriguez Nuñez,SF,2432516,C. De Sousa,SF,0.5,32.0,3.0,0.0,3.0,225.0,0.0,225.0
2480181,10,981288,SERNOVA RENOVABLES REAL CANOE,HOME,2097038,P. De Mier Espina,SF,1787143,C. Mato De Prada,SF,2432516,C. De Sousa,SF,1859345,L. Fleta Robles,SF,1745108,M. Torres Municio,SF,3.6,214.0,4.0,7.0,-3.0,44.9,78.5,-33.6
2480181,10,981288,SERNOVA RENOVABLES REAL CANOE,HOME,2097038,P. De Mier Espina,SF,1927626,C. Flores Garcia,SF,1787143,C. Mato De Prada,SF,1242234,C. Rodriguez Nuñez,SF,2037982,M. Nagore Sanchez,SF,2.1,129.0,4.0,5.0,-1.0,74.4,93.0,-18.6
2480181,10,981288,SERNOVA RENOVABLES REAL CANOE,HOME,2097038,P. De Mier Espina,SF,1927626,C. Flores Garcia,SF,1787143,C. Mato De Prada,SF,2432516,C. De Sousa,SF,2037982,M. Nagore Sanchez,SF,1.0,59.0,4.0,3.0,1.0,162.7,122.0,40.7
2480181,10,981288,SERNOVA RENOVABLES REAL CANOE,HOME,2097038,P. De Mier Espina,SF,1927626,C. Flores Garcia,SF,2021397,A. Esnal Aguirre,SF,1242234,C. Rodriguez Nuñez,SF,1859345,L. Fleta Robles,SF,1.2,71.0,4.0,2.0,2.0,135.2,67.6,67.6
2480181,10,981288,SERNOVA RENOVABLES REAL CANOE,HOME,2097038,P. De Mier Espina,SF,2021397,A. Esnal Aguirre,SF,1242234,C. Rodriguez Nuñez,SF,2432516,C. De Sousa,SF,1745108,M. Torres Municio,SF,7.9,477.0,13.0,9.0,4.0,65.4,45.3,20.1
2480181,10,981288,SERNOVA RENOVABLES REAL CANOE,HOME,2097038,P. De Mier Espina,SF,2021397,A. Esnal Aguirre,SF,1242234,C. Rodriguez Nuñez,SF,2432516,C. De Sousa,SF,1859345,L. Fleta Robles,SF,2.5,149.0,2.0,5.0,-3.0,32.2,80.5,-48.3
2480181,10,981288,SERNOVA RENOVABLES REAL CANOE,HOME,2097038,P. De Mier Espina,SF,2021397,A. Esnal Aguirre,SF,1787143,C. Mato De Prada,SF,1242234,C. Rodriguez Nuñez,SF,1745108,M. Torres Municio,SF,1.2,75.0,0.0,0.0,0.0,0.0,0.0,0.0
2480181,10,981288,SERNOVA RENOVABLES REAL CANOE,HOME,2097038,P. De Mier Espina,SF,2021397,A. Esnal Aguirre,SF,1787143,C. Mato De Prada,SF,1242234,C. Rodriguez Nuñez,SF,2432516,C. De Sousa,SF,9.6,572.0,19.0,4.0,15.0,79.7,16.8,62.9
2480181,10,981288,SERNOVA RENOVABLES REAL CANOE,HOME,2097038,P. De Mier Espina,SF,2021397,A. Esnal Aguirre,SF,1787143,C. Mato De Prada,SF,2432516,C. De Sousa,SF,1859345,L. Fleta Robles,SF,0.8,51.0,0.0,0.0,0.0,0.0,0.0,0.0
2480181,10,981288,SERNOVA RENOVABLES REAL CANOE,HOME,2097038,P. De Mier Espina,SF,2021397,A. Esnal Aguirre,SF,1927626,C. Flores Garcia,SF,1242234,C. Rodriguez Nuñez,SF,1745108,M. Torres Municio,SF,5.3,316.0,9.0,7.0,2.0,68.4,53.2,15.2
2480181,10,981288,SERNOVA RENOVABLES REAL CANOE,HOME,2097038,P. De Mier Espina,SF,2021397,A. Esnal Aguirre,SF,1927626,C. Flores Garcia,SF,1242234,C. Rodriguez Nuñez,SF,2432516,C. De Sousa,SF,2.7,159.0,5.0,5.0,0.0,75.5,75.5,0.0
2480181,10,981288,SERNOVA RENOVABLES REAL CANOE,HOME,2097038,P. De Mier Espina,SF,2021397,A. Esnal Aguirre,SF,1927626,C. Flores Garcia,SF,1787143,C. Mato De Prada,SF,2432516,C. De Sousa,SF,0.8,50.0,0.0,2.0,-2.0,0.0,96.0,-96.0
2480182,10,979912,DOMUSA TEKNIK ISB,AWAY,2364470,G. Leaupepe,SF,2021400,M. Gutierrez Ibañez,SF,1826917,J. Azcue Jauregui,SF,1721468,C. Villamor Aparicio,SF,2818816,I. Araújo Gouveia Vieira,SF,0.1,3.0,0.0,0.0,0.0,0.0,0.0,0.0
2480182,10,979912,DOMUSA TEKNIK ISB,AWAY,2364470,G. Leaupepe,SF,2021400,M. Gutierrez Ibañez,SF,1826917,J. Azcue Jauregui,SF,2818813,E. Lalotte,SF,1721468,C. Villamor Aparicio,SF,0.7,38.0,0.0,2.0,-2.0,0.0,126.3,-126.3
2480182,10,979912,DOMUSA TEKNIK ISB,AWAY,2364470,G. Leaupepe,SF,2021400,M. Gutierrez Ibañez,SF,2145033,A. Lizundia Arozena,SF,2818813,E. Lalotte,SF,2818816,I. Araújo Gouveia Vieira,SF,0.2,11.0,0.0,0.0,0.0,0.0,0.0,0.0
2480182,10,979912,DOMUSA TEKNIK ISB,AWAY,2735761,B. Tomancova,SF,1894119,S. Iparraguirre Alustiza,SF,2021400,M. Gutierrez Ibañez,SF,1826917,J. Azcue Jauregui,SF,1721468,C. Villamor Aparicio,SF,1.5,91.0,5.0,4.0,1.0,131.9,105.5,26.4
2480182,10,979912,DOMUSA TEKNIK ISB,AWAY,2735761,B. Tomancova,SF,2145033,A. Lizundia Arozena,SF,2021400,M. Gutierrez Ibañez,SF,1826917,J. Azcue Jauregui,SF,2818816,I. Araújo Gouveia Vieira,SF,3.0,181.0,4.0,2.0,2.0,53.0,26.5,26.5
2480182,10,979912,DOMUSA TEKNIK ISB,AWAY,2735761,B. Tomancova,SF,2364470,G. Leaupepe,SF,1826917,J. Azcue Jauregui,SF,2021400,M. Gutierrez Ibañez,SF,1721468,C. Villamor Aparicio,SF,2.4,147.0,0.0,12.0,-12.0,0.0,195.9,-195.9
2480182,10,979912,DOMUSA TEKNIK ISB,AWAY,2735761,B. Tomancova,SF,2364470,G. Leaupepe,SF,2021400,M. Gutierrez Ibañez,SF,1826917,J. Azcue Jauregui,SF,2818816,I. Araújo Gouveia Vieira,SF,4.7,281.0,10.0,6.0,4.0,85.4,51.2,34.2
2480182,10,979912,DOMUSA TEKNIK ISB,AWAY,2735761,B. Tomancova,SF,2364470,G. Leaupepe,SF,2021400,M. Gutierrez Ibañez,SF,2145033,A. Lizundia Arozena,SF,1721468,C. Villamor Aparicio,SF,2.0,123.0,3.0,5.0,-2.0,58.5,97.6,-39.0
2480182,10,979912,DOMUSA TEKNIK ISB,AWAY,2735761,B. Tomancova,SF,2364470,G. Leaupepe,SF,2145033,A. Lizundia Arozena,SF,2021400,M. Gutierrez Ibañez,SF,2818816,I. Araújo Gouveia Vieira,SF,2.7,161.0,6.0,3.0,3.0,89.4,44.7,44.7
2480182,10,979912,DOMUSA TEKNIK ISB,AWAY,2818717,S. Van,SF,1826917,J. Azcue Jauregui,SF,2818813,E. Lalotte,SF,1721468,C. Villamor Aparicio,SF,2818816,I. Araújo Gouveia Vieira,SF,0.2,12.0,0.0,2.0,-2.0,0.0,400.0,-400.0
2480182,10,979912,DOMUSA TEKNIK ISB,AWAY,2818717,S. Van,SF,1894119,S. Iparraguirre Alustiza,SF,1826917,J. Azcue Jauregui,SF,2818813,E. Lalotte,SF,2818816,I. Araújo Gouveia Vieira,SF,4.8,291.0,5.0,9.0,-4.0,41.2,74.2,-33.0
2480182,10,979912,DOMUSA TEKNIK ISB,AWAY,2818717,S. Van,SF,1894119,S. Iparraguirre Alustiza,SF,2021400,M. Gutierrez Ibañez,SF,2818813,E. Lalotte,SF,2818816,I. Araújo Gouveia Vieira,SF,0.7,42.0,0.0,3.0,-3.0,0.0,171.4,-171.4
2480182,10,979912,DOMUSA TEKNIK ISB,AWAY,2818717,S. Van,SF,1894119,S. Iparraguirre Alustiza,SF,2145033,A. Lizundia Arozena,SF,2818813,E. Lalotte,SF,1721468,C. Villamor Aparicio,SF,1.8,107.0,4.0,3.0,1.0,89.7,67.3,22.4
2480182,10,979912,DOMUSA TEKNIK ISB,AWAY,2818717,S. Van,SF,1894119,S. Iparraguirre Alustiza,SF,2145033,A. Lizundia Arozena,SF,2818813,E. Lalotte,SF,2818816,I. Araújo Gouveia Vieira,SF,6.3,374.0,7.0,9.0,-2.0,44.9,57.8,-12.8
2480182,10,979912,DOMUSA TEKNIK ISB,AWAY,2818717,S. Van,SF,1894119,S. Iparraguirre Alustiza,SF,2364470,G. Leaupepe,SF,2818813,E. Lalotte,SF,1721468,C. Villamor Aparicio,SF,3.4,205.0,2.0,2.0,0.0,23.4,23.4,0.0
2480182,10,979912,DOMUSA TEKNIK ISB,AWAY,2818717,S. Van,SF,1894119,S. Iparraguirre Alustiza,SF,2735761,B. Tomancova,SF,1826917,J. Azcue Jauregui,SF,2818816,I. Araújo Gouveia Vieira,SF,0.9,54.0,0.0,4.0,-4.0,0.0,177.8,-177.8
2480182,10,979912,DOMUSA TEKNIK ISB,AWAY,2818717,S. Van,SF,2364470,G. Leaupepe,SF,1826917,J. Azcue Jauregui,SF,2818813,E. Lalotte,SF,1721468,C. Villamor Aparicio,SF,1.0,59.0,3.0,0.0,3.0,122.0,0.0,122.0
2480182,10,979912,DOMUSA TEKNIK ISB,AWAY,2818717,S. Van,SF,2364470,G. Leaupepe,SF,2145033,A. Lizundia Arozena,SF,2818813,E. Lalotte,SF,1721468,C. Villamor Aparicio,SF,1.2,74.0,1.0,0.0,1.0,32.4,0.0,32.4
2480182,10,979912,DOMUSA TEKNIK ISB,AWAY,2818717,S. Van,SF,2735761,B. Tomancova,SF,1894119,S. Iparraguirre Alustiza,SF,1826917,J. Azcue Jauregui,SF,1721468,C. Villamor Aparicio,SF,0.3,20.0,2.0,0.0,2.0,240.0,0.0,240.0
2480182,10,979912,DOMUSA TEKNIK ISB,AWAY,2818717,S. Van,SF,2735761,B. Tomancova,SF,1894119,S. Iparraguirre Alustiza,SF,2364470,G. Leaupepe,SF,1826917,J. Azcue Jauregui,SF,0.3,17.0,0.0,2.0,-2.0,0.0,282.4,-282.4
2480182,10,979912,DOMUSA TEKNIK ISB,AWAY,2818717,S. Van,SF,2735761,B. Tomancova,SF,2364470,G. Leaupepe,SF,1826917,J. Azcue Jauregui,SF,1721468,C. Villamor Aparicio,SF,0.8,46.0,1.0,0.0,1.0,52.2,0.0,52.2
2480182,10,979912,DOMUSA TEKNIK ISB,AWAY,2818717,S. Van,SF,2735761,B. Tomancova,SF,2364470,G. Leaupepe,SF,2145033,A. Lizundia Arozena,SF,1721468,C. Villamor Aparicio,SF,1.1,63.0,0.0,2.0,-2.0,0.0,76.2,-76.2
2480182,10,979988,FUSTECMA NBF CASTELLÓ,HOME,1680760,S. Carli Del Pino,SF,2131367,S. Basaez Narvaez,SF,1460562,C. Perez Relancio,SF,2087212,L. Ruiz De La Hermosa Arce,SF,2144678,L. Jovena Meseguer,SF,4.4,270.0,17.0,3.0,14.0,151.1,26.7,124.4
2480182,10,979988,FUSTECMA NBF CASTELLÓ,HOME,1680760,S. Carli Del Pino,SF,2131367,S. Basaez Narvaez,SF,2087212,L. Ruiz De La Hermosa Arce,SF,1494221,L. Soler Madariaga,SF,2144678,L. Jovena Meseguer,SF,2.7,163.0,2.0,2.0,0.0,29.4,29.4,0.0
2480182,10,979988,FUSTECMA NBF CASTELLÓ,HOME,1680760,S. Carli Del Pino,SF,2131367,S. Basaez Narvaez,SF,2274867,L. De Giacomo,SF,1494221,L. Soler Madariaga,SF,2102573,A. Ferri Montagud,SF,1.2,74.0,0.0,1.0,-1.0,0.0,32.4,-32.4
2480182,10,979988,FUSTECMA NBF CASTELLÓ,HOME,1680760,S. Carli Del Pino,SF,2131367,S. Basaez Narvaez,SF,2274867,L. De Giacomo,SF,2087212,L. Ruiz De La Hermosa Arce,SF,1494221,L. Soler Madariaga,SF,1.8,107.0,3.0,4.0,-1.0,67.3,89.7,-22.4
2480182,10,979988,FUSTECMA NBF CASTELLÓ,HOME,1680760,S. Carli Del Pino,SF,2131367,S. Basaez Narvaez,SF,2274867,L. De Giacomo,SF,2087212,L. Ruiz De La Hermosa Arce,SF,2144678,L. Jovena Meseguer,SF,2.8,170.0,6.0,7.0,-1.0,84.7,98.8,-14.1
2480182,10,979988,FUSTECMA NBF CASTELLÓ,HOME,1680760,S. Carli Del Pino,SF,2131367,S. Basaez Narvaez,SF,2274867,L. De Giacomo,SF,2144678,L. Jovena Meseguer,SF,2102573,A. Ferri Montagud,SF,1.9,114.0,3.0,6.0,-3.0,63.2,126.3,-63.2
2480182,10,979988,FUSTECMA NBF CASTELLÓ,HOME,1680760,S. Carli Del Pino,SF,2131367,S. Basaez Narvaez,SF,2274867,L. De Giacomo,SF,2815082,M. Agyei,SF,1460562,C. Perez Relancio,SF,1.0,59.0,0.0,3.0,-3.0,0.0,122.0,-122.0
2480182,10,979988,FUSTECMA NBF CASTELLÓ,HOME,1680760,S. Carli Del Pino,SF,2131367,S. Basaez Narvaez,SF,2274867,L. De Giacomo,SF,2815082,M. Agyei,SF,1494221,L. Soler Madariaga,SF,0.8,49.0,4.0,0.0,4.0,195.9,0.0,195.9
2480182,10,979988,FUSTECMA NBF CASTELLÓ,HOME,1680760,S. Carli Del Pino,SF,2131367,S. Basaez Narvaez,SF,2383616,F. Asemota Augustine,SF,2144678,L. Jovena Meseguer,SF,2102573,A. Ferri Montagud,SF,1.5,89.0,0.0,3.0,-3.0,0.0,80.9,-80.9
2480182,10,979988,FUSTECMA NBF CASTELLÓ,HOME,1680760,S. Carli Del Pino,SF,2274867,L. De Giacomo,SF,2087212,L. Ruiz De La Hermosa Arce,SF,2144678,L. Jovena Meseguer,SF,2102573,A. Ferri Montagud,SF,2.3,139.0,2.0,1.0,1.0,34.5,17.3,17.3
2480182,10,979988,FUSTECMA NBF CASTELLÓ,HOME,1680760,S. Carli Del Pino,SF,2274867,L. De Giacomo,SF,2815082,M. Agyei,SF,1460562,C. Perez Relancio,SF,2102573,A. Ferri Montagud,SF,4.2,247.0,8.0,7.0,1.0,77.7,68.0,9.7
2480182,10,979988,FUSTECMA NBF CASTELLÓ,HOME,1680760,S. Carli Del Pino,SF,2274867,L. De Giacomo,SF,2815082,M. Agyei,SF,1494221,L. Soler Madariaga,SF,2102573,A. Ferri Montagud,SF,0.8,51.0,3.0,2.0,1.0,141.2,94.1,47.1
2480182,10,979988,FUSTECMA NBF CASTELLÓ,HOME,1680760,S. Carli Del Pino,SF,2274867,L. De Giacomo,SF,2815082,M. Agyei,SF,2087212,L. Ruiz De La Hermosa Arce,SF,1618451,L. Campos De Bengoa,SF,0.4,22.0,2.0,0.0,2.0,218.2,0.0,218.2
2480182,10,979988,FUSTECMA NBF CASTELLÓ,HOME,1680760,S. Carli Del Pino,SF,2815082,M. Agyei,SF,2087212,L. Ruiz De La Hermosa Arce,SF,2102573,A. Ferri Montagud,SF,1618451,L. Campos De Bengoa,SF,0.3,16.0,0.0,0.0,0.0,0.0,0.0,0.0
2480182,10,979988,FUSTECMA NBF CASTELLÓ,HOME,1680760,S. Carli Del Pino,SF,2829993,G. Aiello,SF,1494221,L. Soler Madariaga,SF,2102573,A. Ferri Montagud,SF,1618451,L. Campos De Bengoa,SF,0.5,30.0,2.0,0.0,2.0,160.0,0.0,160.0
2480182,10,979988,FUSTECMA NBF CASTELLÓ,HOME,1680760,S. Carli Del Pino,SF,2829993,G. Aiello,SF,2131367,S. Basaez Narvaez,SF,1494221,L. Soler Madariaga,SF,2102573,A. Ferri Montagud,SF,0.9,53.0,3.0,0.0,3.0,135.8,0.0,135.8
2480182,10,979988,FUSTECMA NBF CASTELLÓ,HOME,1680760,S. Carli Del Pino,SF,2829993,G. Aiello,SF,2274867,L. De Giacomo,SF,2815082,M. Agyei,SF,2102573,A. Ferri Montagud,SF,1.6,97.0,0.0,3.0,-3.0,0.0,74.2,-74.2
2480182,10,979988,FUSTECMA NBF CASTELLÓ,HOME,1680760,S. Carli Del Pino,SF,2829993,G. Aiello,SF,2815082,M. Agyei,SF,1494221,L. Soler Madariaga,SF,2102573,A. Ferri Montagud,SF,2.9,173.0,2.0,3.0,-1.0,27.7,41.6,-13.9
2480182,10,979988,FUSTECMA NBF CASTELLÓ,HOME,1680760,S. Carli Del Pino,SF,2829993,G. Aiello,SF,2815082,M. Agyei,SF,2087212,L. Ruiz De La Hermosa Arce,SF,2102573,A. Ferri Montagud,SF,0.1,3.0,0.0,0.0,0.0,0.0,0.0,0.0
2480182,10,979988,FUSTECMA NBF CASTELLÓ,HOME,2131367,S. Basaez Narvaez,SF,1460562,C. Perez Relancio,SF,2087212,L. Ruiz De La Hermosa Arce,SF,2144678,L. Jovena Meseguer,SF,2102573,A. Ferri Montagud,SF,1.7,100.0,4.0,1.0,3.0,96.0,24.0,72.0
2480182,10,979988,FUSTECMA NBF CASTELLÓ,HOME,2829993,G. Aiello,SF,2131367,S. Basaez Narvaez,SF,1460562,C. Perez Relancio,SF,2102573,A. Ferri Montagud,SF,1618451,L. Campos De Bengoa,SF,1.3,77.0,0.0,3.0,-3.0,0.0,93.5,-93.5
2480182,10,979988,FUSTECMA NBF CASTELLÓ,HOME,2829993,G. Aiello,SF,2274867,L. De Giacomo,SF,2815082,M. Agyei,SF,2102573,A. Ferri Montagud,SF,1618451,L. Campos De Bengoa,SF,5.0,297.0,9.0,4.0,5.0,72.7,32.3,40.4
2480183,10,979971,OSES CONSTRUCCION,HOME,1044456,M. Asurmendi Villaverde,SF,2561102,M. Blanco Morcillo,SF,2432513,V. Llorente,SF,1820835,A. Wone Aranaz,SF,1882395,A. Elso Aramendia,SF,3.6,217.0,4.0,5.0,-1.0,44.2,55.3,-11.1
2480183,10,979971,OSES CONSTRUCCION,HOME,1588922,L. Gutierrez Lancho,SF,2364706,F. Parra,SF,1044456,M. Asurmendi Villaverde,SF,2432513,V. Llorente,SF,1820835,A. Wone Aranaz,SF,1.7,101.0,3.0,2.0,1.0,71.3,47.5,23.8
2480183,10,979971,OSES CONSTRUCCION,HOME,1588922,L. Gutierrez Lancho,SF,2364706,F. Parra,SF,1044456,M. Asurmendi Villaverde,SF,2432778,J. Mungo Lanzetti,SF,1820835,A. Wone Aranaz,SF,1.4,83.0,2.0,0.0,2.0,57.8,0.0,57.8
2480183,10,979971,OSES CONSTRUCCION,HOME,1588922,L. Gutierrez Lancho,SF,2364706,F. Parra,SF,1044456,M. Asurmendi Villaverde,SF,2432778,J. Mungo Lanzetti,SF,2432513,V. Llorente,SF,1.9,115.0,2.0,2.0,0.0,41.7,41.7,0.0
2480183,10,979971,OSES CONSTRUCCION,HOME,1588922,L. Gutierrez Lancho,SF,2364706,F. Parra,SF,1044456,M. Asurmendi Villaverde,SF,2561097,A. Diez Pastor,SF,1820835,A. Wone Aranaz,SF,0.1,4.0,0.0,0.0,0.0,0.0,0.0,0.0
2480183,10,979971,OSES CONSTRUCCION,HOME,1588922,L. Gutierrez Lancho,SF,2364706,F. Parra,SF,2432778,J. Mungo Lanzetti,SF,2172007,J. Idoate Aguirre,SF,2432513,V. Llorente,SF,1.7,100.0,3.0,4.0,-1.0,72.0,96.0,-24.0
2480183,10,979971,OSES CONSTRUCCION,HOME,1588922,L. Gutierrez Lancho,SF,2364706,F. Parra,SF,2432778,J. Mungo Lanzetti,SF,2432513,V. Llorente,SF,1820835,A. Wone Aranaz,SF,8.6,515.0,16.0,8.0,8.0,74.6,37.3,37.3
2480183,10,979971,OSES CONSTRUCCION,HOME,1588922,L. Gutierrez Lancho,SF,2364706,F. Parra,SF,2561097,A. Diez Pastor,SF,2432778,J. Mungo Lanzetti,SF,1820835,A. Wone Aranaz,SF,5.6,339.0,13.0,9.0,4.0,92.0,63.7,28.3
2480183,10,979971,OSES CONSTRUCCION,HOME,1588922,L. Gutierrez Lancho,SF,2364706,F. Parra,SF,2561097,A. Diez Pastor,SF,2432778,J. Mungo Lanzetti,SF,2432513,V. Llorente,SF,2.8,165.0,4.0,2.0,2.0,58.2,29.1,29.1
2480183,10,979971,OSES CONSTRUCCION,HOME,1588922,L. Gutierrez Lancho,SF,2432778,J. Mungo Lanzetti,SF,2561102,M. Blanco Morcillo,SF,2432513,V. Llorente,SF,1820835,A. Wone Aranaz,SF,1.4,84.0,0.0,0.0,0.0,0.0,0.0,0.0
2480183,10,979971,OSES CONSTRUCCION,HOME,1588922,L. Gutierrez Lancho,SF,2561097,A. Diez Pastor,SF,2432778,J. Mungo Lanzetti,SF,2561102,M. Blanco Morcillo,SF,1882395,A. Elso Aramendia,SF,0.6,35.0,0.0,0.0,0.0,0.0,0.0,0.0
2480183,10,979971,OSES CONSTRUCCION,HOME,2364706,F. Parra,SF,1044456,M. Asurmendi Villaverde,SF,2432778,J. Mungo Lanzetti,SF,2561102,M. Blanco Morcillo,SF,1820835,A. Wone Aranaz,SF,1.0,60.0,2.0,4.0,-2.0,80.0,160.0,-80.0
2480183,10,979971,OSES CONSTRUCCION,HOME,2364706,F. Parra,SF,1044456,M. Asurmendi Villaverde,SF,2561102,M. Blanco Morcillo,SF,2432513,V. Llorente,SF,1820835,A. Wone Aranaz,SF,4.1,243.0,4.0,5.0,-1.0,39.5,49.4,-9.9
2480183,10,979971,OSES CONSTRUCCION,HOME,2561097,A. Diez Pastor,SF,2432778,J. Mungo Lanzetti,SF,2561102,M. Blanco Morcillo,SF,1820835,A. Wone Aranaz,SF,1882395,A. Elso Aramendia,SF,0.9,56.0,2.0,0.0,2.0,85.7,0.0,85.7
2480183,10,979971,OSES CONSTRUCCION,HOME,2561097,A. Diez Pastor,SF,2432778,J. Mungo Lanzetti,SF,2561102,M. Blanco Morcillo,SF,2432513,V. Llorente,SF,1882395,A. Elso Aramendia,SF,1.4,84.0,3.0,4.0,-1.0,85.7,114.3,-28.6
2480183,10,979971,OSES CONSTRUCCION,HOME,2561097,A. Diez Pastor,SF,2561102,M. Blanco Morcillo,SF,2432513,V. Llorente,SF,1820835,A. Wone Aranaz,SF,1882395,A. Elso Aramendia,SF,3.3,199.0,4.0,4.0,0.0,48.2,48.2,0.0
2480183,10,981346,LA CORDÁ DE PATERNA NB,AWAY,1508657,V. Saez Moreno,SF,1632609,C. Che Tortola,SF,2173687,M. Llompart Perello,SF,1687305,L. Segura Moreno,SF,2230288,S. Davila Diaz De Ilarraza,SF,0.8,48.0,0.0,0.0,0.0,0.0,0.0,0.0
2480183,10,981346,LA CORDÁ DE PATERNA NB,AWAY,2163606,C. Sancho Mauri,SF,1508657,V. Saez Moreno,SF,1632609,C. Che Tortola,SF,1687305,L. Segura Moreno,SF,2230288,S. Davila Diaz De Ilarraza,SF,2.3,135.0,4.0,3.0,1.0,71.1,53.3,17.8
2480183,10,981346,LA CORDÁ DE PATERNA NB,AWAY,2163606,C. Sancho Mauri,SF,2653963,A. Traore,SF,1508657,V. Saez Moreno,SF,1632609,C. Che Tortola,SF,2230288,S. Davila Diaz De Ilarraza,SF,2.0,121.0,3.0,1.0,2.0,59.5,19.8,39.7
2480183,10,981346,LA CORDÁ DE PATERNA NB,AWAY,2163606,C. Sancho Mauri,SF,2653963,A. Traore,SF,1508657,V. Saez Moreno,SF,2173687,M. Llompart Perello,SF,2031045,M. Galiana Miralles,SF,1.9,115.0,2.0,2.0,0.0,41.7,41.7,0.0
2480183,10,981346,LA CORDÁ DE PATERNA NB,AWAY,2653963,A. Traore,SF,1508657,V. Saez Moreno,SF,1632609,C. Che Tortola,SF,1687305,L. Segura Moreno,SF,2230288,S. Davila Diaz De Ilarraza,SF,2.0,119.0,5.0,4.0,1.0,100.8,80.7,20.2
2480183,10,981346,LA CORDÁ DE PATERNA NB,AWAY,2653963,A. Traore,SF,1508657,V. Saez Moreno,SF,1632609,C. Che Tortola,SF,2173687,M. Llompart Perello,SF,2230288,S. Davila Diaz De Ilarraza,SF,1.3,77.0,0.0,0.0,0.0,0.0,0.0,0.0
2480183,10,981346,LA CORDÁ DE PATERNA NB,AWAY,2653963,A. Traore,SF,1508657,V. Saez Moreno,SF,2173687,M. Llompart Perello,SF,1687305,L. Segura Moreno,SF,2230288,S. Davila Diaz De Ilarraza,SF,1.8,105.0,2.0,3.0,-1.0,45.7,68.6,-22.9
2480183,10,981346,LA CORDÁ DE PATERNA NB,AWAY,2653963,A. Traore,SF,1632609,C. Che Tortola,SF,2173687,M. Llompart Perello,SF,1687305,L. Segura Moreno,SF,2230288,S. Davila Diaz De Ilarraza,SF,1.3,78.0,3.0,4.0,-1.0,92.3,123.1,-30.8
2480183,10,981346,LA CORDÁ DE PATERNA NB,AWAY,2653963,A. Traore,SF,2163606,C. Sancho Mauri,SF,1508657,V. Saez Moreno,SF,1632609,C. Che Tortola,SF,2230288,S. Davila Diaz De Ilarraza,SF,3.2,191.0,10.0,5.0,5.0,125.7,62.8,62.8
2480183,10,981346,LA CORDÁ DE PATERNA NB,AWAY,2653963,A. Traore,SF,2163606,C. Sancho Mauri,SF,1508657,V. Saez Moreno,SF,2173687,M. Llompart Perello,SF,2230288,S. Davila Diaz De Ilarraza,SF,3.7,220.0,2.0,6.0,-4.0,21.8,65.5,-43.6
2480183,10,981346,LA CORDÁ DE PATERNA NB,AWAY,2653963,A. Traore,SF,2163606,C. Sancho Mauri,SF,1632609,C. Che Tortola,SF,2173687,M. Llompart Perello,SF,2230288,S. Davila Diaz De Ilarraza,SF,0.8,50.0,3.0,3.0,0.0,144.0,144.0,0.0
2480183,10,981346,LA CORDÁ DE PATERNA NB,AWAY,2796302,P. Gabriel,SF,1508657,V. Saez Moreno,SF,1632609,C. Che Tortola,SF,1687305,L. Segura Moreno,SF,2031045,M. Galiana Miralles,SF,0.5,27.0,0.0,1.0,-1.0,0.0,88.9,-88.9
2480183,10,981346,LA CORDÁ DE PATERNA NB,AWAY,2796302,P. Gabriel,SF,1508657,V. Saez Moreno,SF,2173687,M. Llompart Perello,SF,1687305,L. Segura Moreno,SF,2031045,M. Galiana Miralles,SF,1.7,107.0,0.0,2.0,-2.0,0.0,44.9,-44.9
2480183,10,981346,LA CORDÁ DE PATERNA NB,AWAY,2796302,P. Gabriel,SF,1508657,V. Saez Moreno,SF,2173687,M. Llompart Perello,SF,1687305,L. Segura Moreno,SF,2230288,S. Davila Diaz De Ilarraza,SF,1.6,98.0,0.0,0.0,0.0,0.0,0.0,0.0
2480183,10,981346,LA CORDÁ DE PATERNA NB,AWAY,2796302,P. Gabriel,SF,1632609,C. Che Tortola,SF,2173687,M. Llompart Perello,SF,1687305,L. Segura Moreno,SF,2031045,M. Galiana Miralles,SF,6.1,367.0,5.0,10.0,-5.0,32.7,65.4,-32.7
2480183,10,981346,LA CORDÁ DE PATERNA NB,AWAY,2796302,P. Gabriel,SF,1632609,C. Che Tortola,SF,2173687,M. Llompart Perello,SF,1687305,L. Segura Moreno,SF,2230288,S. Davila Diaz De Ilarraza,SF,4.8,288.0,7.0,12.0,-5.0,58.3,100.0,-41.7
2480183,10,981346,LA CORDÁ DE PATERNA NB,AWAY,2796302,P. Gabriel,SF,2163606,C. Sancho Mauri,SF,1508657,V. Saez Moreno,SF,1632609,C. Che Tortola,SF,2230288,S. Davila Diaz De Ilarraza,SF,2.6,158.0,0.0,4.0,-4.0,0.0,60.8,-60.8
2480183,10,981346,LA CORDÁ DE PATERNA NB,AWAY,2796302,P. Gabriel,SF,2163606,C. Sancho Mauri,SF,1508657,V. Saez Moreno,SF,2173687,M. Llompart Perello,SF,2230288,S. Davila Diaz De Ilarraza,SF,1.0,57.0,2.0,2.0,0.0,84.2,84.2,0.0
2480183,10,981346,LA CORDÁ DE PATERNA NB,AWAY,2796302,P. Gabriel,SF,2163606,C. Sancho Mauri,SF,1632609,C. Che Tortola,SF,2173687,M. Llompart Perello,SF,2031045,M. Galiana Miralles,SF,0.7,39.0,1.0,0.0,1.0,61.5,0.0,61.5
2480184,10,979952,LA LAGUNA TOYOTA  ADAREVA,AWAY,1128614,I. Arregui Mariezcurrena,SF,1379088,P. Soler Suarez,SF,1884959,M. Luque Caballero,SF,2432295,B. Stevanovic,SF,1613926,M. Gomez Fernandez,SF,8.2,488.0,10.0,16.0,-6.0,49.2,78.7,-29.5
2480184,10,979952,LA LAGUNA TOYOTA  ADAREVA,AWAY,1128614,I. Arregui Mariezcurrena,SF,1379088,P. Soler Suarez,SF,1884959,M. Luque Caballero,SF,2432295,B. Stevanovic,SF,2735173,M. Forsyth,SF,2.9,172.0,5.0,4.0,1.0,69.8,55.8,14.0
2480184,10,979952,LA LAGUNA TOYOTA  ADAREVA,AWAY,1128614,I. Arregui Mariezcurrena,SF,1884959,M. Luque Caballero,SF,1379088,P. Soler Suarez,SF,1613926,M. Gomez Fernandez,SF,2735173,M. Forsyth,SF,1.9,115.0,0.0,4.0,-4.0,0.0,83.5,-83.5
2480184,10,979952,LA LAGUNA TOYOTA  ADAREVA,AWAY,1128614,I. Arregui Mariezcurrena,SF,1884959,M. Luque Caballero,SF,1379088,P. Soler Suarez,SF,2341227,A. Montaño Muñoz,SF,2735173,M. Forsyth,SF,3.7,224.0,3.0,4.0,-1.0,32.1,42.9,-10.7
2480184,10,979952,LA LAGUNA TOYOTA  ADAREVA,AWAY,1128614,I. Arregui Mariezcurrena,SF,1884959,M. Luque Caballero,SF,1379088,P. Soler Suarez,SF,2432295,B. Stevanovic,SF,1613926,M. Gomez Fernandez,SF,2.8,170.0,6.0,6.0,0.0,84.7,84.7,0.0
2480184,10,979952,LA LAGUNA TOYOTA  ADAREVA,AWAY,1884959,M. Luque Caballero,SF,1379088,P. Soler Suarez,SF,2432295,B. Stevanovic,SF,1613926,M. Gomez Fernandez,SF,2735173,M. Forsyth,SF,6.2,370.0,5.0,9.0,-4.0,32.4,58.4,-25.9
2480184,10,979952,LA LAGUNA TOYOTA  ADAREVA,AWAY,2639428,C. Parisi,SF,1128614,I. Arregui Mariezcurrena,SF,1884959,M. Luque Caballero,SF,1379088,P. Soler Suarez,SF,1613926,M. Gomez Fernandez,SF,1.5,91.0,0.0,0.0,0.0,0.0,0.0,0.0
2480184,10,979952,LA LAGUNA TOYOTA  ADAREVA,AWAY,2639428,C. Parisi,SF,1128614,I. Arregui Mariezcurrena,SF,1884959,M. Luque Caballero,SF,1379088,P. Soler Suarez,SF,2341227,A. Montaño Muñoz,SF,2.6,155.0,5.0,0.0,5.0,77.4,0.0,77.4
2480184,10,979952,LA LAGUNA TOYOTA  ADAREVA,AWAY,2639428,C. Parisi,SF,1128614,I. Arregui Mariezcurrena,SF,1884959,M. Luque Caballero,SF,1379088,P. Soler Suarez,SF,2432295,B. Stevanovic,SF,1.2,75.0,0.0,0.0,0.0,0.0,0.0,0.0
2480184,10,979952,LA LAGUNA TOYOTA  ADAREVA,AWAY,2639428,C. Parisi,SF,1379088,P. Soler Suarez,SF,1613926,M. Gomez Fernandez,SF,2341227,A. Montaño Muñoz,SF,2735173,M. Forsyth,SF,1.9,112.0,2.0,5.0,-3.0,42.9,107.1,-64.3
2480184,10,979952,LA LAGUNA TOYOTA  ADAREVA,AWAY,2639428,C. Parisi,SF,1379088,P. Soler Suarez,SF,2432295,B. Stevanovic,SF,1613926,M. Gomez Fernandez,SF,2735173,M. Forsyth,SF,6.0,358.0,5.0,9.0,-4.0,33.5,60.3,-26.8
2480184,10,979952,LA LAGUNA TOYOTA  ADAREVA,AWAY,2639428,C. Parisi,SF,2432295,B. Stevanovic,SF,1613926,M. Gomez Fernandez,SF,2341227,A. Montaño Muñoz,SF,2735173,M. Forsyth,SF,1.2,70.0,0.0,4.0,-4.0,0.0,137.1,-137.1
2480184,10,981492,CELTA  FEMXA ZORKA,HOME,2049773,D. Bermejo Escribano,SF,2276545,M. Vizmanos Iglesis,SF,1855646,S. Vidal Acuña,SF,2121212,P. Salinas Mascuñana,SF,2814638,J. Kelliher,SF,2.5,148.0,4.0,2.0,2.0,64.9,32.4,32.4
2480184,10,981492,CELTA  FEMXA ZORKA,HOME,2049773,D. Bermejo Escribano,SF,2276545,M. Vizmanos Iglesis,SF,1875311,C. Menendez Torres,SF,2121212,P. Salinas Mascuñana,SF,2814638,J. Kelliher,SF,1.3,74.0,5.0,0.0,5.0,162.2,0.0,162.2
2480184,10,981492,CELTA  FEMXA ZORKA,HOME,2049773,D. Bermejo Escribano,SF,2276545,M. Vizmanos Iglesis,SF,2815029,J. Thomas,SF,1855646,S. Vidal Acuña,SF,2121212,P. Salinas Mascuñana,SF,2.9,172.0,4.0,5.0,-1.0,55.8,69.8,-14.0
2480184,10,981492,CELTA  FEMXA ZORKA,HOME,2049773,D. Bermejo Escribano,SF,2276545,M. Vizmanos Iglesis,SF,2815029,J. Thomas,SF,2121212,P. Salinas Mascuñana,SF,2814638,J. Kelliher,SF,3.5,209.0,6.0,0.0,6.0,68.9,0.0,68.9
2480184,10,981492,CELTA  FEMXA ZORKA,HOME,2179703,N. Martínez Quintana,SF,2049773,D. Bermejo Escribano,SF,1855646,S. Vidal Acuña,SF,2121212,P. Salinas Mascuñana,SF,2814638,J. Kelliher,SF,3.4,206.0,4.0,0.0,4.0,46.6,0.0,46.6
2480184,10,981492,CELTA  FEMXA ZORKA,HOME,2179703,N. Martínez Quintana,SF,2049773,D. Bermejo Escribano,SF,2179984,U. Rodríguez Silva,SF,1875311,C. Menendez Torres,SF,2121212,P. Salinas Mascuñana,SF,1.2,72.0,2.0,0.0,2.0,66.7,0.0,66.7
2480184,10,981492,CELTA  FEMXA ZORKA,HOME,2179703,N. Martínez Quintana,SF,2049773,D. Bermejo Escribano,SF,2815029,J. Thomas,SF,1855646,S. Vidal Acuña,SF,2121212,P. Salinas Mascuñana,SF,2.8,170.0,6.0,6.0,0.0,84.7,84.7,0.0
2480184,10,981492,CELTA  FEMXA ZORKA,HOME,2179703,N. Martínez Quintana,SF,2179984,U. Rodríguez Silva,SF,1875311,C. Menendez Torres,SF,2121212,P. Salinas Mascuñana,SF,2651124,A. Boquete Manna,SF,0.7,40.0,3.0,2.0,1.0,180.0,120.0,60.0
2480184,10,981492,CELTA  FEMXA ZORKA,HOME,2179703,N. Martínez Quintana,SF,2179984,U. Rodríguez Silva,SF,2815029,J. Thomas,SF,1875311,C. Menendez Torres,SF,1855646,S. Vidal Acuña,SF,1.6,95.0,2.0,0.0,2.0,50.5,0.0,50.5
2480184,10,981492,CELTA  FEMXA ZORKA,HOME,2743289,D. Cabrera Baccon,SF,2049773,D. Bermejo Escribano,SF,2276545,M. Vizmanos Iglesis,SF,2815029,J. Thomas,SF,2121212,P. Salinas Mascuñana,SF,0.3,16.0,0.0,0.0,0.0,0.0,0.0,0.0
2480184,10,981492,CELTA  FEMXA ZORKA,HOME,2743289,D. Cabrera Baccon,SF,2179703,N. Martínez Quintana,SF,2049773,D. Bermejo Escribano,SF,2276545,M. Vizmanos Iglesis,SF,2121212,P. Salinas Mascuñana,SF,0.1,7.0,0.0,0.0,0.0,0.0,0.0,0.0
2480184,10,981492,CELTA  FEMXA ZORKA,HOME,2743289,D. Cabrera Baccon,SF,2179703,N. Martínez Quintana,SF,2049773,D. Bermejo Escribano,SF,2276545,M. Vizmanos Iglesis,SF,2815029,J. Thomas,SF,2.6,155.0,0.0,5.0,-5.0,0.0,77.4,-77.4
2480184,10,981492,CELTA  FEMXA ZORKA,HOME,2743289,D. Cabrera Baccon,SF,2179703,N. Martínez Quintana,SF,2179984,U. Rodríguez Silva,SF,1875311,C. Menendez Torres,SF,2121212,P. Salinas Mascuñana,SF,6.2,370.0,9.0,5.0,4.0,58.4,32.4,25.9
2480184,10,981492,CELTA  FEMXA ZORKA,HOME,2743289,D. Cabrera Baccon,SF,2179703,N. Martínez Quintana,SF,2179984,U. Rodríguez Silva,SF,2276545,M. Vizmanos Iglesis,SF,2815029,J. Thomas,SF,0.9,56.0,0.0,3.0,-3.0,0.0,128.6,-128.6
2480184,10,981492,CELTA  FEMXA ZORKA,HOME,2743289,D. Cabrera Baccon,SF,2179703,N. Martínez Quintana,SF,2276545,M. Vizmanos Iglesis,SF,1875311,C. Menendez Torres,SF,2121212,P. Salinas Mascuñana,SF,1.1,68.0,0.0,0.0,0.0,0.0,0.0,0.0
2480184,10,981492,CELTA  FEMXA ZORKA,HOME,2743289,D. Cabrera Baccon,SF,2179703,N. Martínez Quintana,SF,2276545,M. Vizmanos Iglesis,SF,2815029,J. Thomas,SF,1875311,C. Menendez Torres,SF,1.2,73.0,2.0,0.0,2.0,65.8,0.0,65.8
2480184,10,981492,CELTA  FEMXA ZORKA,HOME,2743289,D. Cabrera Baccon,SF,2179984,U. Rodríguez Silva,SF,1875311,C. Menendez Torres,SF,2814638,J. Kelliher,SF,2651124,A. Boquete Manna,SF,5.7,340.0,12.0,8.0,4.0,84.7,56.5,28.2
2480184,10,981492,CELTA  FEMXA ZORKA,HOME,2743289,D. Cabrera Baccon,SF,2276545,M. Vizmanos Iglesis,SF,1875311,C. Menendez Torres,SF,2121212,P. Salinas Mascuñana,SF,2651124,A. Boquete Manna,SF,2.1,129.0,2.0,5.0,-3.0,37.2,93.0,-55.8
2480185,11,979952,LA LAGUNA TOYOTA  ADAREVA,AWAY,1128614,I. Arregui Mariezcurrena,SF,1379088,P. Soler Suarez,SF,1884959,M. Luque Caballero,SF,1613926,M. Gomez Fernandez,SF,2735173,M. Forsyth,SF,7.3,436.0,15.0,8.0,7.0,82.6,44.0,38.5
2480185,11,979952,LA LAGUNA TOYOTA  ADAREVA,AWAY,1128614,I. Arregui Mariezcurrena,SF,1379088,P. Soler Suarez,SF,1884959,M. Luque Caballero,SF,2432295,B. Stevanovic,SF,1613926,M. Gomez Fernandez,SF,4.7,278.0,11.0,10.0,1.0,95.0,86.3,8.6
2480185,11,979952,LA LAGUNA TOYOTA  ADAREVA,AWAY,1128614,I. Arregui Mariezcurrena,SF,1379088,P. Soler Suarez,SF,1884959,M. Luque Caballero,SF,2432295,B. Stevanovic,SF,2735173,M. Forsyth,SF,7.9,474.0,14.0,17.0,-3.0,70.9,86.1,-15.2
2480185,11,979952,LA LAGUNA TOYOTA  ADAREVA,AWAY,1128614,I. Arregui Mariezcurrena,SF,1379088,P. Soler Suarez,SF,2432295,B. Stevanovic,SF,1613926,M. Gomez Fernandez,SF,2735173,M. Forsyth,SF,3.1,179.0,3.0,8.0,-5.0,40.2,107.3,-67.0
2480185,11,979952,LA LAGUNA TOYOTA  ADAREVA,AWAY,1379088,P. Soler Suarez,SF,1884959,M. Luque Caballero,SF,2432295,B. Stevanovic,SF,1613926,M. Gomez Fernandez,SF,2735173,M. Forsyth,SF,10.6,630.0,15.0,10.0,5.0,57.1,38.1,19.0
2480185,11,979952,LA LAGUNA TOYOTA  ADAREVA,AWAY,2639428,C. Parisi,SF,1128614,I. Arregui Mariezcurrena,SF,1379088,P. Soler Suarez,SF,1613926,M. Gomez Fernandez,SF,2341227,A. Montaño Muñoz,SF,2.4,145.0,2.0,9.0,-7.0,33.1,149.0,-115.9
2480185,11,979952,LA LAGUNA TOYOTA  ADAREVA,AWAY,2639428,C. Parisi,SF,1128614,I. Arregui Mariezcurrena,SF,1379088,P. Soler Suarez,SF,2432295,B. Stevanovic,SF,1613926,M. Gomez Fernandez,SF,2.4,143.0,4.0,6.0,-2.0,67.1,100.7,-33.6
2480185,11,979952,LA LAGUNA TOYOTA  ADAREVA,AWAY,2639428,C. Parisi,SF,1379088,P. Soler Suarez,SF,2432295,B. Stevanovic,SF,1613926,M. Gomez Fernandez,SF,2735173,M. Forsyth,SF,1.9,115.0,6.0,5.0,1.0,125.2,104.3,20.9
2480185,11,981206,MCR LIMA-HORTA BARCELONA,HOME,1908281,M. Aguado Tortella,SF,2828941,K. Clark,SF,1959765,J. Rueda Choni,SF,1958425,L. Roig I Salrach,SF,2042157,C. Ripoll Moya,SF,0.7,39.0,0.0,0.0,0.0,0.0,0.0,0.0
2480185,11,981206,MCR LIMA-HORTA BARCELONA,HOME,1908281,M. Aguado Tortella,SF,2828941,K. Clark,SF,1959765,J. Rueda Choni,SF,1968768,I. Subirats Teruel,SF,1886093,E. Escuder Gonzalez,SF,3.7,221.0,4.0,5.0,-1.0,43.4,54.3,-10.9
2480185,11,981206,MCR LIMA-HORTA BARCELONA,HOME,1908281,M. Aguado Tortella,SF,2828941,K. Clark,SF,1959765,J. Rueda Choni,SF,1968768,I. Subirats Teruel,SF,1958425,L. Roig I Salrach,SF,1.0,61.0,5.0,1.0,4.0,196.7,39.3,157.4
2480185,11,981206,MCR LIMA-HORTA BARCELONA,HOME,1908281,M. Aguado Tortella,SF,2828941,K. Clark,SF,1959765,J. Rueda Choni,SF,1968768,I. Subirats Teruel,SF,2042157,C. Ripoll Moya,SF,1.9,115.0,5.0,6.0,-1.0,104.3,125.2,-20.9
2480185,11,981206,MCR LIMA-HORTA BARCELONA,HOME,1908281,M. Aguado Tortella,SF,2828941,K. Clark,SF,1968768,I. Subirats Teruel,SF,1958425,L. Roig I Salrach,SF,1886093,E. Escuder Gonzalez,SF,1.9,113.0,0.0,5.0,-5.0,0.0,106.2,-106.2
2480185,11,981206,MCR LIMA-HORTA BARCELONA,HOME,1908281,M. Aguado Tortella,SF,2828941,K. Clark,SF,1968768,I. Subirats Teruel,SF,1958425,L. Roig I Salrach,SF,2042157,C. Ripoll Moya,SF,0.6,36.0,1.0,0.0,1.0,66.7,0.0,66.7
2480185,11,981206,MCR LIMA-HORTA BARCELONA,HOME,2235190,E. Morales López,SF,1908281,M. Aguado Tortella,SF,1958425,L. Roig I Salrach,SF,1959765,J. Rueda Choni,SF,1968768,I. Subirats Teruel,SF,6.4,379.0,8.0,10.0,-2.0,50.7,63.3,-12.7
2480185,11,981206,MCR LIMA-HORTA BARCELONA,HOME,2235190,E. Morales López,SF,1908281,M. Aguado Tortella,SF,1959765,J. Rueda Choni,SF,1958425,L. Roig I Salrach,SF,1886093,E. Escuder Gonzalez,SF,2.6,153.0,5.0,4.0,1.0,78.4,62.7,15.7
2480185,11,981206,MCR LIMA-HORTA BARCELONA,HOME,2235190,E. Morales López,SF,1908281,M. Aguado Tortella,SF,1959765,J. Rueda Choni,SF,1958425,L. Roig I Salrach,SF,2042157,C. Ripoll Moya,SF,3.1,181.0,9.0,0.0,9.0,119.3,0.0,119.3
2480185,11,981206,MCR LIMA-HORTA BARCELONA,HOME,2235190,E. Morales López,SF,1908281,M. Aguado Tortella,SF,1959765,J. Rueda Choni,SF,1968768,I. Subirats Teruel,SF,1958425,L. Roig I Salrach,SF,3.5,210.0,7.0,6.0,1.0,80.0,68.6,11.4
2480185,11,981206,MCR LIMA-HORTA BARCELONA,HOME,2235190,E. Morales López,SF,1908281,M. Aguado Tortella,SF,1968768,I. Subirats Teruel,SF,1959765,J. Rueda Choni,SF,1958425,L. Roig I Salrach,SF,5.1,306.0,6.0,10.0,-4.0,47.1,78.4,-31.4
2480185,11,981206,MCR LIMA-HORTA BARCELONA,HOME,2235190,E. Morales López,SF,1959765,J. Rueda Choni,SF,1958425,L. Roig I Salrach,SF,1886093,E. Escuder Gonzalez,SF,1912814,N. Barrientos Pereira,SF,2.5,149.0,5.0,2.0,3.0,80.5,32.2,48.3
2480185,11,981206,MCR LIMA-HORTA BARCELONA,HOME,2235190,E. Morales López,SF,1959765,J. Rueda Choni,SF,1968768,I. Subirats Teruel,SF,1886093,E. Escuder Gonzalez,SF,2042157,C. Ripoll Moya,SF,1.9,111.0,4.0,9.0,-5.0,86.5,194.6,-108.1
2480185,11,981206,MCR LIMA-HORTA BARCELONA,HOME,2235190,E. Morales López,SF,1959765,J. Rueda Choni,SF,1968768,I. Subirats Teruel,SF,1958425,L. Roig I Salrach,SF,1886093,E. Escuder Gonzalez,SF,0.8,47.0,2.0,1.0,1.0,102.1,51.1,51.1
2480185,11,981206,MCR LIMA-HORTA BARCELONA,HOME,2235190,E. Morales López,SF,1959765,J. Rueda Choni,SF,1968768,I. Subirats Teruel,SF,1958425,L. Roig I Salrach,SF,1912814,N. Barrientos Pereira,SF,1.6,96.0,4.0,3.0,1.0,100.0,75.0,25.0
2480185,11,981206,MCR LIMA-HORTA BARCELONA,HOME,2828941,K. Clark,SF,1959765,J. Rueda Choni,SF,1968768,I. Subirats Teruel,SF,1886093,E. Escuder Gonzalez,SF,2042157,C. Ripoll Moya,SF,2.9,175.0,7.0,6.0,1.0,96.0,82.3,13.7
2480185,11,981206,MCR LIMA-HORTA BARCELONA,HOME,2828941,K. Clark,SF,1959765,J. Rueda Choni,SF,1968768,I. Subirats Teruel,SF,1912814,N. Barrientos Pereira,SF,2042157,C. Ripoll Moya,SF,0.1,8.0,1.0,2.0,-1.0,300.0,600.0,-300.0
2480186,11,981346,LA CORDÁ DE PATERNA NB,HOME,2163606,C. Sancho Mauri,SF,2653963,A. Traore,SF,1508657,V. Saez Moreno,SF,1632609,C. Che Tortola,SF,1687305,L. Segura Moreno,SF,1.9,116.0,5.0,5.0,0.0,103.4,103.4,0.0
2480186,11,981346,LA CORDÁ DE PATERNA NB,HOME,2163606,C. Sancho Mauri,SF,2653963,A. Traore,SF,2173687,M. Llompart Perello,SF,2024557,M. Bleda Ortega,SF,2230288,S. Davila Diaz De Ilarraza,SF,0.6,35.0,0.0,2.0,-2.0,0.0,137.1,-137.1
2480186,11,981346,LA CORDÁ DE PATERNA NB,HOME,2163606,C. Sancho Mauri,SF,2653963,A. Traore,SF,2173687,M. Llompart Perello,SF,2230288,S. Davila Diaz De Ilarraza,SF,2071471,P. Saravia Logroño,SF,0.7,44.0,4.0,0.0,4.0,218.2,0.0,218.2
2480186,11,981346,LA CORDÁ DE PATERNA NB,HOME,2653963,A. Traore,SF,1508657,V. Saez Moreno,SF,1632609,C. Che Tortola,SF,2024557,M. Bleda Ortega,SF,2230288,S. Davila Diaz De Ilarraza,SF,1.7,102.0,4.0,0.0,4.0,94.1,0.0,94.1
2480186,11,981346,LA CORDÁ DE PATERNA NB,HOME,2653963,A. Traore,SF,1508657,V. Saez Moreno,SF,1632609,C. Che Tortola,SF,2230288,S. Davila Diaz De Ilarraza,SF,2071471,P. Saravia Logroño,SF,2.0,121.0,2.0,6.0,-4.0,39.7,119.0,-79.3
2480186,11,981346,LA CORDÁ DE PATERNA NB,HOME,2653963,A. Traore,SF,1632609,C. Che Tortola,SF,1687305,L. Segura Moreno,SF,2024557,M. Bleda Ortega,SF,2071471,P. Saravia Logroño,SF,0.6,34.0,0.0,1.0,-1.0,0.0,70.6,-70.6
2480186,11,981346,LA CORDÁ DE PATERNA NB,HOME,2653963,A. Traore,SF,1632609,C. Che Tortola,SF,1687305,L. Segura Moreno,SF,2024557,M. Bleda Ortega,SF,2230288,S. Davila Diaz De Ilarraza,SF,1.3,78.0,2.0,3.0,-1.0,61.5,92.3,-30.8
2480186,11,981346,LA CORDÁ DE PATERNA NB,HOME,2653963,A. Traore,SF,1632609,C. Che Tortola,SF,1687305,L. Segura Moreno,SF,2230288,S. Davila Diaz De Ilarraza,SF,2071471,P. Saravia Logroño,SF,1.1,68.0,3.0,2.0,1.0,105.9,70.6,35.3
2480186,11,981346,LA CORDÁ DE PATERNA NB,HOME,2653963,A. Traore,SF,1632609,C. Che Tortola,SF,1687305,L. Segura Moreno,SF,2561096,A. Prim Giro,SF,2071471,P. Saravia Logroño,SF,3.0,178.0,4.0,1.0,3.0,53.9,13.5,40.4
2480186,11,981346,LA CORDÁ DE PATERNA NB,HOME,2653963,A. Traore,SF,1632609,C. Che Tortola,SF,2173687,M. Llompart Perello,SF,1687305,L. Segura Moreno,SF,2024557,M. Bleda Ortega,SF,0.9,57.0,0.0,0.0,0.0,0.0,0.0,0.0
2480186,11,981346,LA CORDÁ DE PATERNA NB,HOME,2653963,A. Traore,SF,1632609,C. Che Tortola,SF,2173687,M. Llompart Perello,SF,1687305,L. Segura Moreno,SF,2071471,P. Saravia Logroño,SF,2.2,135.0,5.0,5.0,0.0,88.9,88.9,0.0
2480186,11,981346,LA CORDÁ DE PATERNA NB,HOME,2653963,A. Traore,SF,2163606,C. Sancho Mauri,SF,2173687,M. Llompart Perello,SF,2024557,M. Bleda Ortega,SF,2230288,S. Davila Diaz De Ilarraza,SF,0.9,54.0,2.0,3.0,-1.0,88.9,133.3,-44.4
2480186,11,981346,LA CORDÁ DE PATERNA NB,HOME,2653963,A. Traore,SF,2163606,C. Sancho Mauri,SF,2173687,M. Llompart Perello,SF,2230288,S. Davila Diaz De Ilarraza,SF,2071471,P. Saravia Logroño,SF,0.5,31.0,0.0,0.0,0.0,0.0,0.0,0.0
2480186,11,981346,LA CORDÁ DE PATERNA NB,HOME,2653963,A. Traore,SF,2173687,M. Llompart Perello,SF,1687305,L. Segura Moreno,SF,2024557,M. Bleda Ortega,SF,2071471,P. Saravia Logroño,SF,2.1,127.0,3.0,8.0,-5.0,56.7,151.2,-94.5
2480186,11,981346,LA CORDÁ DE PATERNA NB,HOME,2653963,A. Traore,SF,2173687,M. Llompart Perello,SF,1687305,L. Segura Moreno,SF,2024557,M. Bleda Ortega,SF,2230288,S. Davila Diaz De Ilarraza,SF,1.5,90.0,1.0,4.0,-3.0,26.7,106.7,-80.0
2480186,11,981346,LA CORDÁ DE PATERNA NB,HOME,2653963,A. Traore,SF,2173687,M. Llompart Perello,SF,2024557,M. Bleda Ortega,SF,2230288,S. Davila Diaz De Ilarraza,SF,2071471,P. Saravia Logroño,SF,1.2,72.0,0.0,1.0,-1.0,0.0,33.3,-33.3
2480186,11,981346,LA CORDÁ DE PATERNA NB,HOME,2796302,P. Gabriel,SF,1632609,C. Che Tortola,SF,1687305,L. Segura Moreno,SF,2024557,M. Bleda Ortega,SF,2031045,M. Galiana Miralles,SF,1.9,114.0,4.0,1.0,3.0,84.2,21.1,63.2
2480186,11,981346,LA CORDÁ DE PATERNA NB,HOME,2796302,P. Gabriel,SF,1632609,C. Che Tortola,SF,1687305,L. Segura Moreno,SF,2024557,M. Bleda Ortega,SF,2230288,S. Davila Diaz De Ilarraza,SF,1.0,59.0,0.0,2.0,-2.0,0.0,81.4,-81.4
2480186,11,981346,LA CORDÁ DE PATERNA NB,HOME,2796302,P. Gabriel,SF,1632609,C. Che Tortola,SF,1687305,L. Segura Moreno,SF,2024557,M. Bleda Ortega,SF,2561096,A. Prim Giro,SF,1.7,103.0,2.0,0.0,2.0,46.6,0.0,46.6
2480186,11,981346,LA CORDÁ DE PATERNA NB,HOME,2796302,P. Gabriel,SF,1632609,C. Che Tortola,SF,1687305,L. Segura Moreno,SF,2230288,S. Davila Diaz De Ilarraza,SF,2071471,P. Saravia Logroño,SF,0.7,40.0,3.0,2.0,1.0,180.0,120.0,60.0
2480186,11,981346,LA CORDÁ DE PATERNA NB,HOME,2796302,P. Gabriel,SF,2173687,M. Llompart Perello,SF,1687305,L. Segura Moreno,SF,2024557,M. Bleda Ortega,SF,2031045,M. Galiana Miralles,SF,9.1,544.0,13.0,19.0,-6.0,57.4,83.8,-26.5
2480186,11,981346,LA CORDÁ DE PATERNA NB,HOME,2796302,P. Gabriel,SF,2173687,M. Llompart Perello,SF,1687305,L. Segura Moreno,SF,2024557,M. Bleda Ortega,SF,2071471,P. Saravia Logroño,SF,1.6,94.0,3.0,0.0,3.0,76.6,0.0,76.6
2480186,11,981346,LA CORDÁ DE PATERNA NB,HOME,2796302,P. Gabriel,SF,2173687,M. Llompart Perello,SF,2024557,M. Bleda Ortega,SF,2230288,S. Davila Diaz De Ilarraza,SF,2071471,P. Saravia Logroño,SF,1.7,104.0,0.0,5.0,-5.0,0.0,115.4,-115.4
2480186,11,981492,CELTA  FEMXA ZORKA,AWAY,2049773,D. Bermejo Escribano,SF,2179984,U. Rodríguez Silva,SF,2276545,M. Vizmanos Iglesis,SF,2121212,P. Salinas Mascuñana,SF,2814638,J. Kelliher,SF,1.3,78.0,5.0,2.0,3.0,153.8,61.5,92.3
2480186,11,981492,CELTA  FEMXA ZORKA,AWAY,2049773,D. Bermejo Escribano,SF,2276545,M. Vizmanos Iglesis,SF,2815029,J. Thomas,SF,2121212,P. Salinas Mascuñana,SF,2814638,J. Kelliher,SF,3.5,217.0,8.0,5.0,3.0,88.5,55.3,33.2
2480186,11,981492,CELTA  FEMXA ZORKA,AWAY,2276545,M. Vizmanos Iglesis,SF,1875311,C. Menendez Torres,SF,2121212,P. Salinas Mascuñana,SF,2814638,J. Kelliher,SF,2651124,A. Boquete Manna,SF,0.6,34.0,0.0,0.0,0.0,0.0,0.0,0.0
2480186,11,981492,CELTA  FEMXA ZORKA,AWAY,2276545,M. Vizmanos Iglesis,SF,2815029,J. Thomas,SF,1875311,C. Menendez Torres,SF,1855646,S. Vidal Acuña,SF,2121212,P. Salinas Mascuñana,SF,2.5,154.0,2.0,2.0,0.0,31.2,31.2,0.0
2480186,11,981492,CELTA  FEMXA ZORKA,AWAY,2276545,M. Vizmanos Iglesis,SF,2815029,J. Thomas,SF,1875311,C. Menendez Torres,SF,2121212,P. Salinas Mascuñana,SF,2814638,J. Kelliher,SF,3.7,228.0,8.0,10.0,-2.0,84.2,105.3,-21.1
2480186,11,981492,CELTA  FEMXA ZORKA,AWAY,2743289,D. Cabrera Baccon,SF,2049773,D. Bermejo Escribano,SF,1875311,C. Menendez Torres,SF,1855646,S. Vidal Acuña,SF,2121212,P. Salinas Mascuñana,SF,1.7,103.0,0.0,2.0,-2.0,0.0,46.6,-46.6
2480186,11,981492,CELTA  FEMXA ZORKA,AWAY,2743289,D. Cabrera Baccon,SF,2049773,D. Bermejo Escribano,SF,1875311,C. Menendez Torres,SF,2121212,P. Salinas Mascuñana,SF,2651124,A. Boquete Manna,SF,1.4,83.0,0.0,2.0,-2.0,0.0,57.8,-57.8
2480186,11,981492,CELTA  FEMXA ZORKA,AWAY,2743289,D. Cabrera Baccon,SF,2049773,D. Bermejo Escribano,SF,2121212,P. Salinas Mascuñana,SF,2814638,J. Kelliher,SF,2651124,A. Boquete Manna,SF,5.5,330.0,9.0,2.0,7.0,65.5,14.5,50.9
2480186,11,981492,CELTA  FEMXA ZORKA,AWAY,2743289,D. Cabrera Baccon,SF,2049773,D. Bermejo Escribano,SF,2179984,U. Rodríguez Silva,SF,2121212,P. Salinas Mascuñana,SF,2814638,J. Kelliher,SF,5.6,335.0,11.0,6.0,5.0,78.8,43.0,35.8
2480186,11,981492,CELTA  FEMXA ZORKA,AWAY,2743289,D. Cabrera Baccon,SF,2049773,D. Bermejo Escribano,SF,2276545,M. Vizmanos Iglesis,SF,1875311,C. Menendez Torres,SF,2121212,P. Salinas Mascuñana,SF,0.2,10.0,0.0,1.0,-1.0,0.0,240.0,-240.0
2480186,11,981492,CELTA  FEMXA ZORKA,AWAY,2743289,D. Cabrera Baccon,SF,2049773,D. Bermejo Escribano,SF,2276545,M. Vizmanos Iglesis,SF,2121212,P. Salinas Mascuñana,SF,2651124,A. Boquete Manna,SF,1.8,108.0,4.0,6.0,-2.0,88.9,133.3,-44.4
2480186,11,981492,CELTA  FEMXA ZORKA,AWAY,2743289,D. Cabrera Baccon,SF,2179984,U. Rodríguez Silva,SF,1875311,C. Menendez Torres,SF,2121212,P. Salinas Mascuñana,SF,2814638,J. Kelliher,SF,2.8,169.0,6.0,5.0,1.0,85.2,71.0,14.2
2480186,11,981492,CELTA  FEMXA ZORKA,AWAY,2743289,D. Cabrera Baccon,SF,2179984,U. Rodríguez Silva,SF,1875311,C. Menendez Torres,SF,2814638,J. Kelliher,SF,2651124,A. Boquete Manna,SF,4.0,237.0,7.0,8.0,-1.0,70.9,81.0,-10.1
2480186,11,981492,CELTA  FEMXA ZORKA,AWAY,2743289,D. Cabrera Baccon,SF,2276545,M. Vizmanos Iglesis,SF,2815029,J. Thomas,SF,1875311,C. Menendez Torres,SF,1855646,S. Vidal Acuña,SF,1.4,83.0,0.0,4.0,-4.0,0.0,115.7,-115.7
2480186,11,981492,CELTA  FEMXA ZORKA,AWAY,2743289,D. Cabrera Baccon,SF,2276545,M. Vizmanos Iglesis,SF,2815029,J. Thomas,SF,1875311,C. Menendez Torres,SF,2121212,P. Salinas Mascuñana,SF,3.9,231.0,10.0,5.0,5.0,103.9,51.9,51.9
2480187,11,979912,DOMUSA TEKNIK ISB,HOME,1721468,C. Villamor Aparicio,SF,2364470,G. Leaupepe,SF,1826917,J. Azcue Jauregui,SF,2818813,E. Lalotte,SF,2021400,M. Gutierrez Ibañez,SF,1.5,95.0,4.0,5.0,-1.0,101.1,126.3,-25.3
2480187,11,979912,DOMUSA TEKNIK ISB,HOME,2364470,G. Leaupepe,SF,1826917,J. Azcue Jauregui,SF,2818813,E. Lalotte,SF,2021400,M. Gutierrez Ibañez,SF,2818816,I. Araújo Gouveia Vieira,SF,10.1,603.0,9.0,8.0,1.0,35.8,31.8,4.0
2480187,11,979912,DOMUSA TEKNIK ISB,HOME,2818717,S. Van,SF,1721468,C. Villamor Aparicio,SF,1826917,J. Azcue Jauregui,SF,2818813,E. Lalotte,SF,2818816,I. Araújo Gouveia Vieira,SF,1.4,82.0,2.0,2.0,0.0,58.5,58.5,0.0
2480187,11,979912,DOMUSA TEKNIK ISB,HOME,2818717,S. Van,SF,1721468,C. Villamor Aparicio,SF,1894119,S. Iparraguirre Alustiza,SF,1826917,J. Azcue Jauregui,SF,2818813,E. Lalotte,SF,1.8,108.0,5.0,5.0,0.0,111.1,111.1,0.0
2480187,11,979912,DOMUSA TEKNIK ISB,HOME,2818717,S. Van,SF,1721468,C. Villamor Aparicio,SF,2145033,A. Lizundia Arozena,SF,2818813,E. Lalotte,SF,2818816,I. Araújo Gouveia Vieira,SF,0.2,15.0,0.0,1.0,-1.0,0.0,160.0,-160.0
2480187,11,979912,DOMUSA TEKNIK ISB,HOME,2818717,S. Van,SF,1721468,C. Villamor Aparicio,SF,2364470,G. Leaupepe,SF,1826917,J. Azcue Jauregui,SF,2818813,E. Lalotte,SF,1.3,80.0,2.0,2.0,0.0,60.0,60.0,0.0
2480187,11,979912,DOMUSA TEKNIK ISB,HOME,2818717,S. Van,SF,1721468,C. Villamor Aparicio,SF,2735761,B. Tomancova,SF,1894119,S. Iparraguirre Alustiza,SF,1826917,J. Azcue Jauregui,SF,1.8,106.0,7.0,2.0,5.0,158.5,45.3,113.2
2480187,11,979912,DOMUSA TEKNIK ISB,HOME,2818717,S. Van,SF,1721468,C. Villamor Aparicio,SF,2735761,B. Tomancova,SF,1894119,S. Iparraguirre Alustiza,SF,2145033,A. Lizundia Arozena,SF,4.9,295.0,6.0,3.0,3.0,48.8,24.4,24.4
2480187,11,979912,DOMUSA TEKNIK ISB,HOME,2818717,S. Van,SF,1826917,J. Azcue Jauregui,SF,2818813,E. Lalotte,SF,1721468,C. Villamor Aparicio,SF,2137901,M. Otaegi Albizu,SF,1.8,110.0,3.0,5.0,-2.0,65.5,109.1,-43.6
2480187,11,979912,DOMUSA TEKNIK ISB,HOME,2818717,S. Van,SF,1894119,S. Iparraguirre Alustiza,SF,2145033,A. Lizundia Arozena,SF,2818813,E. Lalotte,SF,1721468,C. Villamor Aparicio,SF,1.1,65.0,2.0,5.0,-3.0,73.8,184.6,-110.8
2480187,11,979912,DOMUSA TEKNIK ISB,HOME,2818717,S. Van,SF,1894119,S. Iparraguirre Alustiza,SF,2145033,A. Lizundia Arozena,SF,2818813,E. Lalotte,SF,2818816,I. Araújo Gouveia Vieira,SF,0.9,52.0,2.0,0.0,2.0,92.3,0.0,92.3
2480187,11,979912,DOMUSA TEKNIK ISB,HOME,2818717,S. Van,SF,1894119,S. Iparraguirre Alustiza,SF,2364470,G. Leaupepe,SF,2145033,A. Lizundia Arozena,SF,2818813,E. Lalotte,SF,1.0,60.0,0.0,4.0,-4.0,0.0,160.0,-160.0
2480187,11,979912,DOMUSA TEKNIK ISB,HOME,2818717,S. Van,SF,1894119,S. Iparraguirre Alustiza,SF,2735761,B. Tomancova,SF,2145033,A. Lizundia Arozena,SF,1721468,C. Villamor Aparicio,SF,5.0,297.0,4.0,8.0,-4.0,32.3,64.6,-32.3
2480187,11,979912,DOMUSA TEKNIK ISB,HOME,2818717,S. Van,SF,2364470,G. Leaupepe,SF,1826917,J. Azcue Jauregui,SF,2818813,E. Lalotte,SF,2137901,M. Otaegi Albizu,SF,2.5,153.0,2.0,3.0,-1.0,31.4,47.1,-15.7
2480187,11,979912,DOMUSA TEKNIK ISB,HOME,2818717,S. Van,SF,2735761,B. Tomancova,SF,1826917,J. Azcue Jauregui,SF,1721468,C. Villamor Aparicio,SF,2137901,M. Otaegi Albizu,SF,1.8,110.0,2.0,0.0,2.0,43.6,0.0,43.6
2480187,11,979912,DOMUSA TEKNIK ISB,HOME,2818717,S. Van,SF,2735761,B. Tomancova,SF,1894119,S. Iparraguirre Alustiza,SF,2145033,A. Lizundia Arozena,SF,2818816,I. Araújo Gouveia Vieira,SF,2.9,169.0,2.0,7.0,-5.0,28.4,99.4,-71.0
2480187,11,979971,OSES CONSTRUCCION,AWAY,1044456,M. Asurmendi Villaverde,SF,1593987,M. Recarte Mendive,SF,2561102,M. Blanco Morcillo,SF,1824910,S. Castro Marrero,SF,1820835,A. Wone Aranaz,SF,2.3,140.0,2.0,3.0,-1.0,34.3,51.4,-17.1
2480187,11,979971,OSES CONSTRUCCION,AWAY,1044456,M. Asurmendi Villaverde,SF,2432778,J. Mungo Lanzetti,SF,1593987,M. Recarte Mendive,SF,2561102,M. Blanco Morcillo,SF,1824910,S. Castro Marrero,SF,2.9,173.0,3.0,8.0,-5.0,41.6,111.0,-69.4
2480187,11,979971,OSES CONSTRUCCION,AWAY,1044456,M. Asurmendi Villaverde,SF,2432778,J. Mungo Lanzetti,SF,1824910,S. Castro Marrero,SF,1820835,A. Wone Aranaz,SF,1882395,A. Elso Aramendia,SF,0.2,13.0,0.0,0.0,0.0,0.0,0.0,0.0
2480187,11,979971,OSES CONSTRUCCION,AWAY,1044456,M. Asurmendi Villaverde,SF,2432778,J. Mungo Lanzetti,SF,2432513,V. Llorente,SF,1820835,A. Wone Aranaz,SF,1882395,A. Elso Aramendia,SF,1.1,69.0,0.0,2.0,-2.0,0.0,69.6,-69.6
2480187,11,979971,OSES CONSTRUCCION,AWAY,1588922,L. Gutierrez Lancho,SF,1044456,M. Asurmendi Villaverde,SF,2432778,J. Mungo Lanzetti,SF,2561102,M. Blanco Morcillo,SF,1820835,A. Wone Aranaz,SF,0.4,24.0,0.0,0.0,0.0,0.0,0.0,0.0
2480187,11,979971,OSES CONSTRUCCION,AWAY,1588922,L. Gutierrez Lancho,SF,2364706,F. Parra,SF,1044456,M. Asurmendi Villaverde,SF,2432778,J. Mungo Lanzetti,SF,1820835,A. Wone Aranaz,SF,3.5,213.0,7.0,2.0,5.0,78.9,22.5,56.3
2480187,11,979971,OSES CONSTRUCCION,AWAY,1588922,L. Gutierrez Lancho,SF,2364706,F. Parra,SF,2432778,J. Mungo Lanzetti,SF,1824910,S. Castro Marrero,SF,1820835,A. Wone Aranaz,SF,3.0,183.0,8.0,5.0,3.0,104.9,65.6,39.3
2480187,11,979971,OSES CONSTRUCCION,AWAY,1588922,L. Gutierrez Lancho,SF,2364706,F. Parra,SF,2432778,J. Mungo Lanzetti,SF,1824910,S. Castro Marrero,SF,2432513,V. Llorente,SF,2.3,136.0,7.0,0.0,7.0,123.5,0.0,123.5
2480187,11,979971,OSES CONSTRUCCION,AWAY,1588922,L. Gutierrez Lancho,SF,2364706,F. Parra,SF,2432778,J. Mungo Lanzetti,SF,2432513,V. Llorente,SF,1820835,A. Wone Aranaz,SF,6.9,410.0,8.0,8.0,0.0,46.8,46.8,0.0
2480187,11,979971,OSES CONSTRUCCION,AWAY,1588922,L. Gutierrez Lancho,SF,2364706,F. Parra,SF,2432778,J. Mungo Lanzetti,SF,2561102,M. Blanco Morcillo,SF,1820835,A. Wone Aranaz,SF,1.1,64.0,0.0,2.0,-2.0,0.0,75.0,-75.0
2480187,11,979971,OSES CONSTRUCCION,AWAY,1588922,L. Gutierrez Lancho,SF,2364706,F. Parra,SF,2561097,A. Diez Pastor,SF,2432778,J. Mungo Lanzetti,SF,1820835,A. Wone Aranaz,SF,2.2,130.0,0.0,2.0,-2.0,0.0,36.9,-36.9
2480187,11,979971,OSES CONSTRUCCION,AWAY,1588922,L. Gutierrez Lancho,SF,2364706,F. Parra,SF,2561097,A. Diez Pastor,SF,2432778,J. Mungo Lanzetti,SF,2432513,V. Llorente,SF,1.9,114.0,0.0,1.0,-1.0,0.0,21.1,-21.1
2480187,11,979971,OSES CONSTRUCCION,AWAY,1824910,S. Castro Marrero,SF,2561102,M. Blanco Morcillo,SF,1593987,M. Recarte Mendive,SF,1820835,A. Wone Aranaz,SF,1882395,A. Elso Aramendia,SF,1.2,72.0,3.0,2.0,1.0,100.0,66.7,33.3
2480187,11,979971,OSES CONSTRUCCION,AWAY,2364706,F. Parra,SF,1044456,M. Asurmendi Villaverde,SF,2432778,J. Mungo Lanzetti,SF,1820835,A. Wone Aranaz,SF,1882395,A. Elso Aramendia,SF,1.8,110.0,5.0,3.0,2.0,109.1,65.5,43.6
2480187,11,979971,OSES CONSTRUCCION,AWAY,2364706,F. Parra,SF,1824910,S. Castro Marrero,SF,2561102,M. Blanco Morcillo,SF,2432513,V. Llorente,SF,1820835,A. Wone Aranaz,SF,1.6,93.0,5.0,4.0,1.0,129.0,103.2,25.8
2480187,11,979971,OSES CONSTRUCCION,AWAY,2364706,F. Parra,SF,2432778,J. Mungo Lanzetti,SF,2561102,M. Blanco Morcillo,SF,1824910,S. Castro Marrero,SF,2432513,V. Llorente,SF,3.3,203.0,7.0,8.0,-1.0,82.8,94.6,-11.8
2480187,11,979971,OSES CONSTRUCCION,AWAY,2432778,J. Mungo Lanzetti,SF,1824910,S. Castro Marrero,SF,2561102,M. Blanco Morcillo,SF,1820835,A. Wone Aranaz,SF,1882395,A. Elso Aramendia,SF,0.5,28.0,0.0,0.0,0.0,0.0,0.0,0.0
2480187,11,979971,OSES CONSTRUCCION,AWAY,2561097,A. Diez Pastor,SF,1824910,S. Castro Marrero,SF,2561102,M. Blanco Morcillo,SF,1593987,M. Recarte Mendive,SF,1820835,A. Wone Aranaz,SF,1.6,95.0,0.0,2.0,-2.0,0.0,50.5,-50.5
2480187,11,979971,OSES CONSTRUCCION,AWAY,2561097,A. Diez Pastor,SF,1824910,S. Castro Marrero,SF,2561102,M. Blanco Morcillo,SF,2432513,V. Llorente,SF,1593987,M. Recarte Mendive,SF,1.6,96.0,5.0,0.0,5.0,125.0,0.0,125.0
2480187,11,979971,OSES CONSTRUCCION,AWAY,2561097,A. Diez Pastor,SF,1824910,S. Castro Marrero,SF,2561102,M. Blanco Morcillo,SF,2432513,V. Llorente,SF,1820835,A. Wone Aranaz,SF,0.6,34.0,0.0,0.0,0.0,0.0,0.0,0.0
2480188,11,979988,FUSTECMA NBF CASTELLÓ,AWAY,1680760,S. Carli Del Pino,SF,2087212,L. Ruiz De La Hermosa Arce,SF,1460562,C. Perez Relancio,SF,2144678,L. Jovena Meseguer,SF,1618451,L. Campos De Bengoa,SF,0.8,47.0,0.0,4.0,-4.0,0.0,204.3,-204.3
2480188,11,979988,FUSTECMA NBF CASTELLÓ,AWAY,1680760,S. Carli Del Pino,SF,2087212,L. Ruiz De La Hermosa Arce,SF,1460562,C. Perez Relancio,SF,2144678,L. Jovena Meseguer,SF,2102573,A. Ferri Montagud,SF,1.0,62.0,3.0,2.0,1.0,116.1,77.4,38.7
2480188,11,979988,FUSTECMA NBF CASTELLÓ,AWAY,1680760,S. Carli Del Pino,SF,2274867,L. De Giacomo,SF,2087212,L. Ruiz De La Hermosa Arce,SF,2144678,L. Jovena Meseguer,SF,2102573,A. Ferri Montagud,SF,1.1,68.0,3.0,5.0,-2.0,105.9,176.5,-70.6
2480188,11,979988,FUSTECMA NBF CASTELLÓ,AWAY,1680760,S. Carli Del Pino,SF,2274867,L. De Giacomo,SF,2144678,L. Jovena Meseguer,SF,2102573,A. Ferri Montagud,SF,1618451,L. Campos De Bengoa,SF,1.8,107.0,3.0,6.0,-3.0,67.3,134.6,-67.3
2480188,11,979988,FUSTECMA NBF CASTELLÓ,AWAY,1680760,S. Carli Del Pino,SF,2274867,L. De Giacomo,SF,2815082,M. Agyei,SF,1460562,C. Perez Relancio,SF,2102573,A. Ferri Montagud,SF,3.3,199.0,2.0,8.0,-6.0,24.1,96.5,-72.4
2480188,11,979988,FUSTECMA NBF CASTELLÓ,AWAY,1680760,S. Carli Del Pino,SF,2274867,L. De Giacomo,SF,2815082,M. Agyei,SF,2087212,L. Ruiz De La Hermosa Arce,SF,1460562,C. Perez Relancio,SF,0.6,38.0,4.0,0.0,4.0,252.6,0.0,252.6
2480188,11,979988,FUSTECMA NBF CASTELLÓ,AWAY,1680760,S. Carli Del Pino,SF,2274867,L. De Giacomo,SF,2815082,M. Agyei,SF,2087212,L. Ruiz De La Hermosa Arce,SF,2144678,L. Jovena Meseguer,SF,0.5,31.0,0.0,2.0,-2.0,0.0,154.8,-154.8
2480188,11,979988,FUSTECMA NBF CASTELLÓ,AWAY,1680760,S. Carli Del Pino,SF,2815082,M. Agyei,SF,2087212,L. Ruiz De La Hermosa Arce,SF,1494221,L. Soler Madariaga,SF,2144678,L. Jovena Meseguer,SF,1.8,108.0,2.0,0.0,2.0,44.4,0.0,44.4
2480188,11,979988,FUSTECMA NBF CASTELLÓ,AWAY,1680760,S. Carli Del Pino,SF,2829993,G. Aiello,SF,2087212,L. Ruiz De La Hermosa Arce,SF,1460562,C. Perez Relancio,SF,2102573,A. Ferri Montagud,SF,0.7,41.0,1.0,0.0,1.0,58.5,0.0,58.5
2480188,11,979988,FUSTECMA NBF CASTELLÓ,AWAY,1680760,S. Carli Del Pino,SF,2829993,G. Aiello,SF,2087212,L. Ruiz De La Hermosa Arce,SF,1460562,C. Perez Relancio,SF,2815082,M. Agyei,SF,2.3,134.0,2.0,6.0,-4.0,35.8,107.5,-71.6
2480188,11,979988,FUSTECMA NBF CASTELLÓ,AWAY,1680760,S. Carli Del Pino,SF,2829993,G. Aiello,SF,2087212,L. Ruiz De La Hermosa Arce,SF,1494221,L. Soler Madariaga,SF,2102573,A. Ferri Montagud,SF,1.3,78.0,2.0,4.0,-2.0,61.5,123.1,-61.5
2480188,11,979988,FUSTECMA NBF CASTELLÓ,AWAY,1680760,S. Carli Del Pino,SF,2829993,G. Aiello,SF,2274867,L. De Giacomo,SF,2815082,M. Agyei,SF,2087212,L. Ruiz De La Hermosa Arce,SF,2.6,157.0,2.0,5.0,-3.0,30.6,76.4,-45.9
2480188,11,979988,FUSTECMA NBF CASTELLÓ,AWAY,1680760,S. Carli Del Pino,SF,2829993,G. Aiello,SF,2274867,L. De Giacomo,SF,2815082,M. Agyei,SF,2102573,A. Ferri Montagud,SF,4.3,256.0,8.0,2.0,6.0,75.0,18.8,56.2
2480188,11,979988,FUSTECMA NBF CASTELLÓ,AWAY,1680760,S. Carli Del Pino,SF,2829993,G. Aiello,SF,2815082,M. Agyei,SF,1460562,C. Perez Relancio,SF,2102573,A. Ferri Montagud,SF,0.5,28.0,0.0,0.0,0.0,0.0,0.0,0.0
2480188,11,979988,FUSTECMA NBF CASTELLÓ,AWAY,1680760,S. Carli Del Pino,SF,2829993,G. Aiello,SF,2815082,M. Agyei,SF,1494221,L. Soler Madariaga,SF,2102573,A. Ferri Montagud,SF,7.4,441.0,17.0,8.0,9.0,92.5,43.5,49.0
2480188,11,979988,FUSTECMA NBF CASTELLÓ,AWAY,1680760,S. Carli Del Pino,SF,2829993,G. Aiello,SF,2815082,M. Agyei,SF,2087212,L. Ruiz De La Hermosa Arce,SF,1494221,L. Soler Madariaga,SF,1.6,97.0,7.0,0.0,7.0,173.2,0.0,173.2
2480188,11,979988,FUSTECMA NBF CASTELLÓ,AWAY,2274867,L. De Giacomo,SF,2815082,M. Agyei,SF,2087212,L. Ruiz De La Hermosa Arce,SF,2144678,L. Jovena Meseguer,SF,1618451,L. Campos De Bengoa,SF,1.2,71.0,4.0,0.0,4.0,135.2,0.0,135.2
2480188,11,979988,FUSTECMA NBF CASTELLÓ,AWAY,2274867,L. De Giacomo,SF,2815082,M. Agyei,SF,2087212,L. Ruiz De La Hermosa Arce,SF,2144678,L. Jovena Meseguer,SF,2102573,A. Ferri Montagud,SF,1.0,59.0,1.0,3.0,-2.0,40.7,122.0,-81.4
2480188,11,979988,FUSTECMA NBF CASTELLÓ,AWAY,2274867,L. De Giacomo,SF,2815082,M. Agyei,SF,2144678,L. Jovena Meseguer,SF,2102573,A. Ferri Montagud,SF,1618451,L. Campos De Bengoa,SF,2.5,150.0,7.0,1.0,6.0,112.0,16.0,96.0
2480188,11,979988,FUSTECMA NBF CASTELLÓ,AWAY,2815082,M. Agyei,SF,2087212,L. Ruiz De La Hermosa Arce,SF,1460562,C. Perez Relancio,SF,2144678,L. Jovena Meseguer,SF,1618451,L. Campos De Bengoa,SF,1.4,86.0,2.0,0.0,2.0,55.8,0.0,55.8
2480188,11,979988,FUSTECMA NBF CASTELLÓ,AWAY,2829993,G. Aiello,SF,2274867,L. De Giacomo,SF,2815082,M. Agyei,SF,2102573,A. Ferri Montagud,SF,1618451,L. Campos De Bengoa,SF,2.4,142.0,5.0,4.0,1.0,84.5,67.6,16.9
2480188,11,981242,C.B. SANTFELIUENC,HOME,2056237,L. Salmeron Segu,SF,2816053,A. Tibe,SF,2748944,A. Meite,SF,2190844,S. Pares Vilaseca,SF,2816669,A. Marotte,SF,2.0,123.0,2.0,2.0,0.0,39.0,39.0,0.0
2480188,11,981242,C.B. SANTFELIUENC,HOME,2056237,L. Salmeron Segu,SF,2816766,A. Coulibaly,SF,2816053,A. Tibe,SF,2190844,S. Pares Vilaseca,SF,2816669,A. Marotte,SF,6.9,418.0,20.0,12.0,8.0,114.8,68.9,45.9
2480188,11,981242,C.B. SANTFELIUENC,HOME,2151715,J. Nogués Martí,SF,1752455,I. Conde Duran,SF,2190844,S. Pares Vilaseca,SF,2816669,A. Marotte,SF,2816051,E. Tenbrock,SF,3.4,204.0,6.0,6.0,0.0,70.6,70.6,0.0
2480188,11,981242,C.B. SANTFELIUENC,HOME,2151715,J. Nogués Martí,SF,2056237,L. Salmeron Segu,SF,2748944,A. Meite,SF,2816669,A. Marotte,SF,2816051,E. Tenbrock,SF,2.2,130.0,3.0,5.0,-2.0,55.4,92.3,-36.9
2480188,11,981242,C.B. SANTFELIUENC,HOME,2151715,J. Nogués Martí,SF,2056237,L. Salmeron Segu,SF,2816669,A. Marotte,SF,1752455,I. Conde Duran,SF,2816051,E. Tenbrock,SF,5.2,309.0,6.0,15.0,-9.0,46.6,116.5,-69.9
2480188,11,981242,C.B. SANTFELIUENC,HOME,2151715,J. Nogués Martí,SF,2056237,L. Salmeron Segu,SF,2816766,A. Coulibaly,SF,2816053,A. Tibe,SF,2190844,S. Pares Vilaseca,SF,5.3,317.0,10.0,4.0,6.0,75.7,30.3,45.4
2480188,11,981242,C.B. SANTFELIUENC,HOME,2151715,J. Nogués Martí,SF,2056237,L. Salmeron Segu,SF,2816766,A. Coulibaly,SF,2816053,A. Tibe,SF,2816669,A. Marotte,SF,0.6,35.0,0.0,0.0,0.0,0.0,0.0,0.0
2480188,11,981242,C.B. SANTFELIUENC,HOME,2151715,J. Nogués Martí,SF,2056237,L. Salmeron Segu,SF,2816766,A. Coulibaly,SF,2816669,A. Marotte,SF,2816051,E. Tenbrock,SF,1.3,78.0,4.0,2.0,2.0,123.1,61.5,61.5
2480188,11,981242,C.B. SANTFELIUENC,HOME,2151715,J. Nogués Martí,SF,2073654,C. Gil Abad,SF,2816669,A. Marotte,SF,1752455,I. Conde Duran,SF,2816051,E. Tenbrock,SF,3.4,205.0,0.0,9.0,-9.0,0.0,105.4,-105.4
2480188,11,981242,C.B. SANTFELIUENC,HOME,2151715,J. Nogués Martí,SF,2816669,A. Marotte,SF,1752455,I. Conde Duran,SF,2073654,C. Gil Abad,SF,2816051,E. Tenbrock,SF,4.9,292.0,5.0,12.0,-7.0,41.1,98.6,-57.5
2480188,11,981242,C.B. SANTFELIUENC,HOME,2151715,J. Nogués Martí,SF,2816766,A. Coulibaly,SF,2816053,A. Tibe,SF,2190844,S. Pares Vilaseca,SF,2816669,A. Marotte,SF,4.9,289.0,4.0,8.0,-4.0,33.2,66.4,-33.2
2480189,11,981288,SERNOVA RENOVABLES REAL CANOE,AWAY,2097038,P. De Mier Espina,SF,1787143,C. Mato De Prada,SF,1927626,C. Flores Garcia,SF,1242234,C. Rodriguez Nuñez,SF,1859345,L. Fleta Robles,SF,6.6,400.0,6.0,12.0,-6.0,36.0,72.0,-36.0
2480189,11,981288,SERNOVA RENOVABLES REAL CANOE,AWAY,2097038,P. De Mier Espina,SF,1787143,C. Mato De Prada,SF,1927626,C. Flores Garcia,SF,1242234,C. Rodriguez Nuñez,SF,2432516,C. De Sousa,SF,1.6,91.0,0.0,2.0,-2.0,0.0,52.7,-52.7
2480189,11,981288,SERNOVA RENOVABLES REAL CANOE,AWAY,2097038,P. De Mier Espina,SF,1787143,C. Mato De Prada,SF,1927626,C. Flores Garcia,SF,2432516,C. De Sousa,SF,1859345,L. Fleta Robles,SF,2.0,121.0,2.0,2.0,0.0,39.7,39.7,0.0
2480189,11,981288,SERNOVA RENOVABLES REAL CANOE,AWAY,2097038,P. De Mier Espina,SF,1787143,C. Mato De Prada,SF,2021397,A. Esnal Aguirre,SF,1242234,C. Rodriguez Nuñez,SF,2432516,C. De Sousa,SF,3.5,211.0,11.0,9.0,2.0,125.1,102.4,22.7
2480189,11,981288,SERNOVA RENOVABLES REAL CANOE,AWAY,2097038,P. De Mier Espina,SF,1927626,C. Flores Garcia,SF,1242234,C. Rodriguez Nuñez,SF,1859345,L. Fleta Robles,SF,1745108,M. Torres Municio,SF,0.8,50.0,0.0,2.0,-2.0,0.0,96.0,-96.0
2480189,11,981288,SERNOVA RENOVABLES REAL CANOE,AWAY,2097038,P. De Mier Espina,SF,2021397,A. Esnal Aguirre,SF,1242234,C. Rodriguez Nuñez,SF,1859345,L. Fleta Robles,SF,1745108,M. Torres Municio,SF,1.0,60.0,1.0,6.0,-5.0,40.0,240.0,-200.0
2480189,11,981288,SERNOVA RENOVABLES REAL CANOE,AWAY,2097038,P. De Mier Espina,SF,2021397,A. Esnal Aguirre,SF,1242234,C. Rodriguez Nuñez,SF,2432516,C. De Sousa,SF,1745108,M. Torres Municio,SF,14.0,841.0,17.0,16.0,1.0,48.5,45.7,2.9
2480189,11,981288,SERNOVA RENOVABLES REAL CANOE,AWAY,2097038,P. De Mier Espina,SF,2021397,A. Esnal Aguirre,SF,1787143,C. Mato De Prada,SF,1242234,C. Rodriguez Nuñez,SF,2432516,C. De Sousa,SF,9.2,554.0,19.0,14.0,5.0,82.3,60.6,21.7
2480189,11,981288,SERNOVA RENOVABLES REAL CANOE,AWAY,2097038,P. De Mier Espina,SF,2021397,A. Esnal Aguirre,SF,1787143,C. Mato De Prada,SF,2432516,C. De Sousa,SF,1859345,L. Fleta Robles,SF,0.5,28.0,0.0,2.0,-2.0,0.0,171.4,-171.4
2480189,11,981288,SERNOVA RENOVABLES REAL CANOE,AWAY,2097038,P. De Mier Espina,SF,2021397,A. Esnal Aguirre,SF,1927626,C. Flores Garcia,SF,1242234,C. Rodriguez Nuñez,SF,2432516,C. De Sousa,SF,0.7,44.0,0.0,0.0,0.0,0.0,0.0,0.0
2480189,11,981356,BOSONIT UNIBASKET,HOME,1626810,C. Aldecoa Rodriguez,SF,1834784,E. Florez Pascual,SF,2819119,T. Sedláková,SF,1678734,M. Llorente Ruiz,SF,2735759,L. Van Schaik,SF,0.9,54.0,0.0,4.0,-4.0,0.0,177.8,-177.8
2480189,11,981356,BOSONIT UNIBASKET,HOME,1626810,C. Aldecoa Rodriguez,SF,1834784,E. Florez Pascual,SF,2819119,T. Sedláková,SF,2735759,L. Van Schaik,SF,1821692,M. Alonso Guadaño,SF,1.2,71.0,4.0,4.0,0.0,135.2,135.2,0.0
2480189,11,981356,BOSONIT UNIBASKET,HOME,1626810,C. Aldecoa Rodriguez,SF,2819119,T. Sedláková,SF,1678734,M. Llorente Ruiz,SF,2151019,N. Padrosa Mons,SF,1834784,E. Florez Pascual,SF,1.1,63.0,0.0,1.0,-1.0,0.0,38.1,-38.1
2480189,11,981356,BOSONIT UNIBASKET,HOME,1626810,C. Aldecoa Rodriguez,SF,2819119,T. Sedláková,SF,1778980,I. Losada Gonzalez-Babe,SF,2151019,N. Padrosa Mons,SF,1834784,E. Florez Pascual,SF,0.2,10.0,0.0,0.0,0.0,0.0,0.0,0.0
2480189,11,981356,BOSONIT UNIBASKET,HOME,1626810,C. Aldecoa Rodriguez,SF,2819119,T. Sedláková,SF,1778980,I. Losada Gonzalez-Babe,SF,2735759,L. Van Schaik,SF,2151019,N. Padrosa Mons,SF,3.7,224.0,11.0,1.0,10.0,117.9,10.7,107.1
2480189,11,981356,BOSONIT UNIBASKET,HOME,1626810,C. Aldecoa Rodriguez,SF,2819119,T. Sedláková,SF,2735759,L. Van Schaik,SF,1821692,M. Alonso Guadaño,SF,1834784,E. Florez Pascual,SF,6.7,405.0,17.0,6.0,11.0,100.7,35.6,65.2
2480189,11,981356,BOSONIT UNIBASKET,HOME,1626810,C. Aldecoa Rodriguez,SF,2819121,H. Forster,SF,1678734,M. Llorente Ruiz,SF,1821692,M. Alonso Guadaño,SF,1834784,E. Florez Pascual,SF,4.0,242.0,6.0,4.0,2.0,59.5,39.7,19.8
2480189,11,981356,BOSONIT UNIBASKET,HOME,1834784,E. Florez Pascual,SF,2819121,H. Forster,SF,1678734,M. Llorente Ruiz,SF,2735759,L. Van Schaik,SF,1821692,M. Alonso Guadaño,SF,3.1,186.0,7.0,5.0,2.0,90.3,64.5,25.8
2480189,11,981356,BOSONIT UNIBASKET,HOME,2819119,T. Sedláková,SF,1626810,C. Aldecoa Rodriguez,SF,1678734,M. Llorente Ruiz,SF,1778980,I. Losada Gonzalez-Babe,SF,2151019,N. Padrosa Mons,SF,0.5,28.0,2.0,0.0,2.0,171.4,0.0,171.4
2480189,11,981356,BOSONIT UNIBASKET,HOME,2819119,T. Sedláková,SF,1626810,C. Aldecoa Rodriguez,SF,1678734,M. Llorente Ruiz,SF,1821692,M. Alonso Guadaño,SF,1834784,E. Florez Pascual,SF,1.3,78.0,0.0,4.0,-4.0,0.0,123.1,-123.1
2480189,11,981356,BOSONIT UNIBASKET,HOME,2819119,T. Sedláková,SF,1626810,C. Aldecoa Rodriguez,SF,1678734,M. Llorente Ruiz,SF,2151019,N. Padrosa Mons,SF,1834784,E. Florez Pascual,SF,1.4,85.0,0.0,6.0,-6.0,0.0,169.4,-169.4
2480189,11,981356,BOSONIT UNIBASKET,HOME,2819119,T. Sedláková,SF,1626810,C. Aldecoa Rodriguez,SF,1778980,I. Losada Gonzalez-Babe,SF,2735759,L. Van Schaik,SF,2151019,N. Padrosa Mons,SF,5.4,329.0,9.0,5.0,4.0,65.7,36.5,29.2
2480189,11,981356,BOSONIT UNIBASKET,HOME,2819119,T. Sedláková,SF,1626810,C. Aldecoa Rodriguez,SF,2735759,L. Van Schaik,SF,1821692,M. Alonso Guadaño,SF,1834784,E. Florez Pascual,SF,1.0,62.0,2.0,3.0,-1.0,77.4,116.1,-38.7
2480189,11,981356,BOSONIT UNIBASKET,HOME,2819119,T. Sedláková,SF,1678734,M. Llorente Ruiz,SF,2735759,L. Van Schaik,SF,2151019,N. Padrosa Mons,SF,1834784,E. Florez Pascual,SF,2.3,134.0,2.0,2.0,0.0,35.8,35.8,0.0
2480189,11,981356,BOSONIT UNIBASKET,HOME,2819121,H. Forster,SF,1678734,M. Llorente Ruiz,SF,1778980,I. Losada Gonzalez-Babe,SF,2735759,L. Van Schaik,SF,1821692,M. Alonso Guadaño,SF,1.1,65.0,2.0,0.0,2.0,73.8,0.0,73.8
2480189,11,981356,BOSONIT UNIBASKET,HOME,2819121,H. Forster,SF,1678734,M. Llorente Ruiz,SF,2735759,L. Van Schaik,SF,1821692,M. Alonso Guadaño,SF,1834784,E. Florez Pascual,SF,0.9,55.0,0.0,0.0,0.0,0.0,0.0,0.0
2480189,11,981356,BOSONIT UNIBASKET,HOME,2819121,H. Forster,SF,1678734,M. Llorente Ruiz,SF,2735759,L. Van Schaik,SF,2151019,N. Padrosa Mons,SF,1834784,E. Florez Pascual,SF,0.6,37.0,3.0,2.0,1.0,194.6,129.7,64.9
2480189,11,981356,BOSONIT UNIBASKET,HOME,2819121,H. Forster,SF,2735759,L. Van Schaik,SF,2561556,C. Sañudo Trillo,SF,1821692,M. Alonso Guadaño,SF,1834784,E. Florez Pascual,SF,4.5,272.0,0.0,9.0,-9.0,0.0,79.4,-79.4
2480190,11,979770,MELILLA CIUDAD DEL DEPORTE LA SALLE,AWAY,1454479,A. Senosiain Vergarachea,SF,2814864,R. Monteiro Da Silva,SF,1587316,C. Caceres Ayala,SF,2648563,M. D'Urso Vallina,SF,1715165,M. Torreblanca Ginel,SF,0.5,28.0,0.0,2.0,-2.0,0.0,171.4,-171.4
2480190,11,979770,MELILLA CIUDAD DEL DEPORTE LA SALLE,AWAY,1713801,C. Torrubia Cano,SF,1946976,L. Moya Blanch,SF,1454479,A. Senosiain Vergarachea,SF,2814864,R. Monteiro Da Silva,SF,2648563,M. D'Urso Vallina,SF,1.8,109.0,2.0,4.0,-2.0,44.0,88.1,-44.0
2480190,11,979770,MELILLA CIUDAD DEL DEPORTE LA SALLE,AWAY,1756623,A. Hernangomez Geuer,SF,1454479,A. Senosiain Vergarachea,SF,2814864,R. Monteiro Da Silva,SF,1587316,C. Caceres Ayala,SF,2648563,M. D'Urso Vallina,SF,1.0,63.0,5.0,4.0,1.0,190.5,152.4,38.1
2480190,11,979770,MELILLA CIUDAD DEL DEPORTE LA SALLE,AWAY,1756623,A. Hernangomez Geuer,SF,1454479,A. Senosiain Vergarachea,SF,2814864,R. Monteiro Da Silva,SF,2648563,M. D'Urso Vallina,SF,1715165,M. Torreblanca Ginel,SF,0.6,38.0,3.0,2.0,1.0,189.5,126.3,63.2
2480190,11,979770,MELILLA CIUDAD DEL DEPORTE LA SALLE,AWAY,1756623,A. Hernangomez Geuer,SF,1713801,C. Torrubia Cano,SF,1454479,A. Senosiain Vergarachea,SF,2814864,R. Monteiro Da Silva,SF,2648563,M. D'Urso Vallina,SF,1.6,93.0,2.0,4.0,-2.0,51.6,103.2,-51.6
2480190,11,979770,MELILLA CIUDAD DEL DEPORTE LA SALLE,AWAY,1756623,A. Hernangomez Geuer,SF,1946976,L. Moya Blanch,SF,1454479,A. Senosiain Vergarachea,SF,1587316,C. Caceres Ayala,SF,2648563,M. D'Urso Vallina,SF,0.8,47.0,4.0,0.0,4.0,204.3,0.0,204.3
2480190,11,979770,MELILLA CIUDAD DEL DEPORTE LA SALLE,AWAY,1756623,A. Hernangomez Geuer,SF,1946976,L. Moya Blanch,SF,1454479,A. Senosiain Vergarachea,SF,2814864,R. Monteiro Da Silva,SF,1587316,C. Caceres Ayala,SF,0.4,25.0,0.0,2.0,-2.0,0.0,192.0,-192.0
2480190,11,979770,MELILLA CIUDAD DEL DEPORTE LA SALLE,AWAY,1756623,A. Hernangomez Geuer,SF,1946976,L. Moya Blanch,SF,1454479,A. Senosiain Vergarachea,SF,2814864,R. Monteiro Da Silva,SF,2648563,M. D'Urso Vallina,SF,1.5,89.0,0.0,2.0,-2.0,0.0,53.9,-53.9
2480190,11,979770,MELILLA CIUDAD DEL DEPORTE LA SALLE,AWAY,1756623,A. Hernangomez Geuer,SF,2104399,C. Garcia Muñoz,SF,1454479,A. Senosiain Vergarachea,SF,1587316,C. Caceres Ayala,SF,2648563,M. D'Urso Vallina,SF,5.9,358.0,15.0,8.0,7.0,100.6,53.6,46.9
2480190,11,979770,MELILLA CIUDAD DEL DEPORTE LA SALLE,AWAY,2104399,C. Garcia Muñoz,SF,1756623,A. Hernangomez Geuer,SF,1454479,A. Senosiain Vergarachea,SF,1587316,C. Caceres Ayala,SF,2648563,M. D'Urso Vallina,SF,6.3,373.0,12.0,14.0,-2.0,77.2,90.1,-12.9
2480190,11,979770,MELILLA CIUDAD DEL DEPORTE LA SALLE,AWAY,2104399,C. Garcia Muñoz,SF,1756623,A. Hernangomez Geuer,SF,1454479,A. Senosiain Vergarachea,SF,2814864,R. Monteiro Da Silva,SF,1587316,C. Caceres Ayala,SF,0.1,6.0,0.0,0.0,0.0,0.0,0.0,0.0
2480190,11,979770,MELILLA CIUDAD DEL DEPORTE LA SALLE,AWAY,2432929,M. Davydova,SF,1756623,A. Hernangomez Geuer,SF,1454479,A. Senosiain Vergarachea,SF,1587316,C. Caceres Ayala,SF,2648563,M. D'Urso Vallina,SF,0.9,57.0,0.0,2.0,-2.0,0.0,84.2,-84.2
2480190,11,979770,MELILLA CIUDAD DEL DEPORTE LA SALLE,AWAY,2432929,M. Davydova,SF,1756623,A. Hernangomez Geuer,SF,1454479,A. Senosiain Vergarachea,SF,2648563,M. D'Urso Vallina,SF,1829640,A. Sanchez Davila,SF,1.0,62.0,0.0,0.0,0.0,0.0,0.0,0.0
2480190,11,979770,MELILLA CIUDAD DEL DEPORTE LA SALLE,AWAY,2432929,M. Davydova,SF,1756623,A. Hernangomez Geuer,SF,1454479,A. Senosiain Vergarachea,SF,2814864,R. Monteiro Da Silva,SF,1587316,C. Caceres Ayala,SF,2.2,138.0,9.0,7.0,2.0,156.5,121.7,34.8
2480190,11,979770,MELILLA CIUDAD DEL DEPORTE LA SALLE,AWAY,2432929,M. Davydova,SF,1756623,A. Hernangomez Geuer,SF,1454479,A. Senosiain Vergarachea,SF,2814864,R. Monteiro Da Silva,SF,2648563,M. D'Urso Vallina,SF,1.6,97.0,0.0,4.0,-4.0,0.0,99.0,-99.0
2480190,11,979770,MELILLA CIUDAD DEL DEPORTE LA SALLE,AWAY,2432929,M. Davydova,SF,1946976,L. Moya Blanch,SF,1454479,A. Senosiain Vergarachea,SF,2814864,R. Monteiro Da Silva,SF,1587316,C. Caceres Ayala,SF,0.5,27.0,0.0,0.0,0.0,0.0,0.0,0.0
2480190,11,979770,MELILLA CIUDAD DEL DEPORTE LA SALLE,AWAY,2432929,M. Davydova,SF,1946976,L. Moya Blanch,SF,1454479,A. Senosiain Vergarachea,SF,2814864,R. Monteiro Da Silva,SF,1829640,A. Sanchez Davila,SF,5.2,314.0,13.0,8.0,5.0,99.4,61.1,38.2
2480190,11,979770,MELILLA CIUDAD DEL DEPORTE LA SALLE,AWAY,2432929,M. Davydova,SF,1946976,L. Moya Blanch,SF,1454479,A. Senosiain Vergarachea,SF,2814864,R. Monteiro Da Silva,SF,2648563,M. D'Urso Vallina,SF,7.9,476.0,14.0,20.0,-6.0,70.6,100.8,-30.3
2480190,11,981334,UNICAJA MIJAS,HOME,1884837,M. Roters Dubinina,SF,1723860,S. Galeron Alvarez,SF,2012623,S. Lo Sylla,SF,1949233,A. Orois Aznarez,SF,2643500,C. Capellan Santana,SF,4.5,275.0,6.0,9.0,-3.0,52.4,78.5,-26.2
2480190,11,981334,UNICAJA MIJAS,HOME,2096249,T. Eke Benitez,SF,1317227,C. Garcia Paunero,SF,1884837,M. Roters Dubinina,SF,1723860,S. Galeron Alvarez,SF,1954737,E. Puiggros Rovira,SF,1.6,98.0,3.0,2.0,1.0,73.5,49.0,24.5
2480190,11,981334,UNICAJA MIJAS,HOME,2096249,T. Eke Benitez,SF,1884837,M. Roters Dubinina,SF,1317227,C. Garcia Paunero,SF,1723860,S. Galeron Alvarez,SF,1949233,A. Orois Aznarez,SF,0.5,31.0,0.0,3.0,-3.0,0.0,232.3,-232.3
2480190,11,981334,UNICAJA MIJAS,HOME,2096249,T. Eke Benitez,SF,1884837,M. Roters Dubinina,SF,1723860,S. Galeron Alvarez,SF,1949233,A. Orois Aznarez,SF,1994192,E. Moreno Fernandez,SF,2.8,166.0,6.0,4.0,2.0,86.7,57.8,28.9
2480190,11,981334,UNICAJA MIJAS,HOME,2096249,T. Eke Benitez,SF,1884837,M. Roters Dubinina,SF,1723860,S. Galeron Alvarez,SF,1949233,A. Orois Aznarez,SF,2643500,C. Capellan Santana,SF,1.0,62.0,0.0,4.0,-4.0,0.0,154.8,-154.8
2480190,11,981334,UNICAJA MIJAS,HOME,2096249,T. Eke Benitez,SF,1884837,M. Roters Dubinina,SF,1723860,S. Galeron Alvarez,SF,2643500,C. Capellan Santana,SF,1954737,E. Puiggros Rovira,SF,0.7,42.0,1.0,0.0,1.0,57.1,0.0,57.1
2480190,11,981334,UNICAJA MIJAS,HOME,2096249,T. Eke Benitez,SF,2814756,C. Zimmerman,SF,1317227,C. Garcia Paunero,SF,1884837,M. Roters Dubinina,SF,1954737,E. Puiggros Rovira,SF,6.8,407.0,12.0,15.0,-3.0,70.8,88.5,-17.7
2480190,11,981334,UNICAJA MIJAS,HOME,2096249,T. Eke Benitez,SF,2814756,C. Zimmerman,SF,1317227,C. Garcia Paunero,SF,1884837,M. Roters Dubinina,SF,2643500,C. Capellan Santana,SF,2.8,168.0,10.0,4.0,6.0,142.9,57.1,85.7
2480190,11,981334,UNICAJA MIJAS,HOME,2096249,T. Eke Benitez,SF,2814756,C. Zimmerman,SF,1884837,M. Roters Dubinina,SF,1317227,C. Garcia Paunero,SF,1949233,A. Orois Aznarez,SF,1.2,74.0,5.0,0.0,5.0,162.2,0.0,162.2
2480190,11,981334,UNICAJA MIJAS,HOME,2271751,E. Jiménez Losada,SF,2814756,C. Zimmerman,SF,1317227,C. Garcia Paunero,SF,1884837,M. Roters Dubinina,SF,1723860,S. Galeron Alvarez,SF,0.5,28.0,2.0,0.0,2.0,171.4,0.0,171.4
2480190,11,981334,UNICAJA MIJAS,HOME,2643500,C. Capellan Santana,SF,2096249,T. Eke Benitez,SF,2814756,C. Zimmerman,SF,1317227,C. Garcia Paunero,SF,1884837,M. Roters Dubinina,SF,5.8,350.0,16.0,8.0,8.0,109.7,54.9,54.9
2480190,11,981334,UNICAJA MIJAS,HOME,2643500,C. Capellan Santana,SF,2096249,T. Eke Benitez,SF,2814756,C. Zimmerman,SF,1884837,M. Roters Dubinina,SF,1317227,C. Garcia Paunero,SF,0.9,57.0,4.0,9.0,-5.0,168.4,378.9,-210.5
2480190,11,981334,UNICAJA MIJAS,HOME,2643500,C. Capellan Santana,SF,2096249,T. Eke Benitez,SF,2814756,C. Zimmerman,SF,1884837,M. Roters Dubinina,SF,1949233,A. Orois Aznarez,SF,0.6,40.0,4.0,3.0,1.0,240.0,180.0,60.0
2480190,11,981334,UNICAJA MIJAS,HOME,2643500,C. Capellan Santana,SF,2814756,C. Zimmerman,SF,1884837,M. Roters Dubinina,SF,1317227,C. Garcia Paunero,SF,1723860,S. Galeron Alvarez,SF,3.9,232.0,4.0,2.0,2.0,41.4,20.7,20.7
2480190,11,981334,UNICAJA MIJAS,HOME,2814756,C. Zimmerman,SF,1317227,C. Garcia Paunero,SF,1884837,M. Roters Dubinina,SF,1723860,S. Galeron Alvarez,SF,1954737,E. Puiggros Rovira,SF,0.8,47.0,0.0,4.0,-4.0,0.0,204.3,-204.3
2480190,11,981334,UNICAJA MIJAS,HOME,2814756,C. Zimmerman,SF,1317227,C. Garcia Paunero,SF,1884837,M. Roters Dubinina,SF,1723860,S. Galeron Alvarez,SF,1994192,E. Moreno Fernandez,SF,0.7,43.0,0.0,2.0,-2.0,0.0,111.6,-111.6
2480190,11,981334,UNICAJA MIJAS,HOME,2814756,C. Zimmerman,SF,1317227,C. Garcia Paunero,SF,1884837,M. Roters Dubinina,SF,1723860,S. Galeron Alvarez,SF,2643500,C. Capellan Santana,SF,1.2,73.0,2.0,2.0,0.0,65.8,65.8,0.0
2480190,11,981334,UNICAJA MIJAS,HOME,2814756,C. Zimmerman,SF,1884837,M. Roters Dubinina,SF,1723860,S. Galeron Alvarez,SF,1949233,A. Orois Aznarez,SF,1994192,E. Moreno Fernandez,SF,3.5,207.0,8.0,8.0,0.0,92.8,92.8,0.0
2480191,11,981208,ALTER ENERSUN AL-QÁZERES EXTREMADURA,AWAY,1860325,L. Fontela Cabaleiro,SF,1112483,L. Mendez Lamas,SF,1902336,N. Liste Alfonsin,SF,2815234,I. Tavares Ramos,SF,1889214,C. Prieto Pereda,SF,3.0,179.0,9.0,3.0,6.0,120.7,40.2,80.4
2480191,11,981208,ALTER ENERSUN AL-QÁZERES EXTREMADURA,AWAY,1860325,L. Fontela Cabaleiro,SF,1902336,N. Liste Alfonsin,SF,1112483,L. Mendez Lamas,SF,2432389,J. De Barros Filipe,SF,2044012,C. Suárez Fernández,SF,0.2,14.0,0.0,1.0,-1.0,0.0,171.4,-171.4
2480191,11,981208,ALTER ENERSUN AL-QÁZERES EXTREMADURA,AWAY,1860325,L. Fontela Cabaleiro,SF,1902336,N. Liste Alfonsin,SF,1112483,L. Mendez Lamas,SF,2815234,I. Tavares Ramos,SF,1889214,C. Prieto Pereda,SF,1.3,76.0,2.0,1.0,1.0,63.2,31.6,31.6
2480191,11,981208,ALTER ENERSUN AL-QÁZERES EXTREMADURA,AWAY,1860325,L. Fontela Cabaleiro,SF,1902336,N. Liste Alfonsin,SF,1112483,L. Mendez Lamas,SF,2815234,I. Tavares Ramos,SF,2044012,C. Suárez Fernández,SF,0.8,46.0,0.0,2.0,-2.0,0.0,104.3,-104.3
2480191,11,981208,ALTER ENERSUN AL-QÁZERES EXTREMADURA,AWAY,1860325,L. Fontela Cabaleiro,SF,1902336,N. Liste Alfonsin,SF,1112483,L. Mendez Lamas,SF,2815234,I. Tavares Ramos,SF,2432389,J. De Barros Filipe,SF,2.4,145.0,3.0,3.0,0.0,49.7,49.7,0.0
2480191,11,981208,ALTER ENERSUN AL-QÁZERES EXTREMADURA,AWAY,1860325,L. Fontela Cabaleiro,SF,2432389,J. De Barros Filipe,SF,1112483,L. Mendez Lamas,SF,1902336,N. Liste Alfonsin,SF,2815234,I. Tavares Ramos,SF,1.1,68.0,0.0,0.0,0.0,0.0,0.0,0.0
2480191,11,981208,ALTER ENERSUN AL-QÁZERES EXTREMADURA,AWAY,1860325,L. Fontela Cabaleiro,SF,2815153,V. Gauna,SF,1112483,L. Mendez Lamas,SF,1902336,N. Liste Alfonsin,SF,2432389,J. De Barros Filipe,SF,4.6,278.0,9.0,10.0,-1.0,77.7,86.3,-8.6
2480191,11,981208,ALTER ENERSUN AL-QÁZERES EXTREMADURA,AWAY,1860325,L. Fontela Cabaleiro,SF,2815153,V. Gauna,SF,1902336,N. Liste Alfonsin,SF,1112483,L. Mendez Lamas,SF,2432389,J. De Barros Filipe,SF,1.0,61.0,1.0,2.0,-1.0,39.3,78.7,-39.3
2480191,11,981208,ALTER ENERSUN AL-QÁZERES EXTREMADURA,AWAY,1860325,L. Fontela Cabaleiro,SF,2815153,V. Gauna,SF,1902336,N. Liste Alfonsin,SF,1112483,L. Mendez Lamas,SF,2815234,I. Tavares Ramos,SF,4.4,268.0,7.0,5.0,2.0,62.7,44.8,17.9
2480191,11,981208,ALTER ENERSUN AL-QÁZERES EXTREMADURA,AWAY,1860325,L. Fontela Cabaleiro,SF,2815153,V. Gauna,SF,1902336,N. Liste Alfonsin,SF,2432389,J. De Barros Filipe,SF,2815234,I. Tavares Ramos,SF,0.9,53.0,0.0,0.0,0.0,0.0,0.0,0.0
2480191,11,981208,ALTER ENERSUN AL-QÁZERES EXTREMADURA,AWAY,1860325,L. Fontela Cabaleiro,SF,2815153,V. Gauna,SF,1902336,N. Liste Alfonsin,SF,2815234,I. Tavares Ramos,SF,1889214,C. Prieto Pereda,SF,4.2,255.0,2.0,2.0,0.0,18.8,18.8,0.0
2480191,11,981208,ALTER ENERSUN AL-QÁZERES EXTREMADURA,AWAY,1860325,L. Fontela Cabaleiro,SF,2815153,V. Gauna,SF,1902336,N. Liste Alfonsin,SF,2815234,I. Tavares Ramos,SF,2044012,C. Suárez Fernández,SF,2.5,147.0,6.0,4.0,2.0,98.0,65.3,32.7
2480191,11,981208,ALTER ENERSUN AL-QÁZERES EXTREMADURA,AWAY,1860325,L. Fontela Cabaleiro,SF,2815153,V. Gauna,SF,1902336,N. Liste Alfonsin,SF,2815234,I. Tavares Ramos,SF,2432389,J. De Barros Filipe,SF,5.6,341.0,8.0,13.0,-5.0,56.3,91.5,-35.2
2480191,11,981208,ALTER ENERSUN AL-QÁZERES EXTREMADURA,AWAY,1860325,L. Fontela Cabaleiro,SF,2815153,V. Gauna,SF,2432389,J. De Barros Filipe,SF,1902336,N. Liste Alfonsin,SF,2815234,I. Tavares Ramos,SF,1.3,76.0,5.0,0.0,5.0,157.9,0.0,157.9
2480191,11,981208,ALTER ENERSUN AL-QÁZERES EXTREMADURA,AWAY,1902336,N. Liste Alfonsin,SF,1112483,L. Mendez Lamas,SF,2815234,I. Tavares Ramos,SF,2432389,J. De Barros Filipe,SF,1889214,C. Prieto Pereda,SF,4.9,294.0,8.0,7.0,1.0,65.3,57.1,8.2
2480191,11,981208,ALTER ENERSUN AL-QÁZERES EXTREMADURA,AWAY,2815153,V. Gauna,SF,1902336,N. Liste Alfonsin,SF,1112483,L. Mendez Lamas,SF,2815234,I. Tavares Ramos,SF,2432389,J. De Barros Filipe,SF,1.9,114.0,4.0,5.0,-1.0,84.2,105.3,-21.1
2480191,11,981208,ALTER ENERSUN AL-QÁZERES EXTREMADURA,AWAY,2815153,V. Gauna,SF,1902336,N. Liste Alfonsin,SF,2815234,I. Tavares Ramos,SF,2432389,J. De Barros Filipe,SF,2234863,E. Alonso Guerra,SF,0.1,8.0,0.0,0.0,0.0,0.0,0.0,0.0
2480191,11,981208,ALTER ENERSUN AL-QÁZERES EXTREMADURA,AWAY,2815153,V. Gauna,SF,2432389,J. De Barros Filipe,SF,1902336,N. Liste Alfonsin,SF,2815234,I. Tavares Ramos,SF,2044012,C. Suárez Fernández,SF,4.6,277.0,3.0,12.0,-9.0,26.0,104.0,-78.0
2480191,11,981306,CAJASOL BALONCESTO SEVILLA FEMENINO,HOME,1679391,M. Martinez Carranza,SF,1758184,C. Sanchez Fernandez-Satorre,SF,1999405,N. Anitua Garcia,SF,2053354,F. Gassama Dansoko,SF,1522827,M. Recio Gonzalez,SF,0.8,45.0,0.0,2.0,-2.0,0.0,106.7,-106.7
2480191,11,981306,CAJASOL BALONCESTO SEVILLA FEMENINO,HOME,1679391,M. Martinez Carranza,SF,1758184,C. Sanchez Fernandez-Satorre,SF,2004240,N. Sanchez Robayo,SF,1993036,I. Rios Rus,SF,1999405,N. Anitua Garcia,SF,38.9,2347.0,58.0,59.0,-1.0,59.3,60.3,-1.0
2480191,11,981306,CAJASOL BALONCESTO SEVILLA FEMENINO,HOME,1679391,M. Martinez Carranza,SF,1758184,C. Sanchez Fernandez-Satorre,SF,2004240,N. Sanchez Robayo,SF,1999405,N. Anitua Garcia,SF,2053354,F. Gassama Dansoko,SF,0.5,31.0,0.0,3.0,-3.0,0.0,232.3,-232.3
2480191,11,981306,CAJASOL BALONCESTO SEVILLA FEMENINO,HOME,1999405,N. Anitua Garcia,SF,2053354,F. Gassama Dansoko,SF,1522827,M. Recio Gonzalez,SF,2848574,E. Elliott,SF,1723585,A. Morales Sancho,SF,4.6,277.0,12.0,3.0,9.0,104.0,26.0,78.0
2480192,11,979919,RECOLETAS ZAMORA,AWAY,1599354,A. Tainta Lizalde,SF,1942017,A. Martin Tejedor,SF,2110765,A. Perez Relancio,SF,2047146,M. Fernandez Muñoz,SF,1259670,B. Sanchez Marrufo,SF,5.5,334.0,11.0,9.0,2.0,79.0,64.7,14.4
2480192,11,979919,RECOLETAS ZAMORA,AWAY,1599354,A. Tainta Lizalde,SF,1942017,A. Martin Tejedor,SF,2239381,D. Angel Villen,SF,2110765,A. Perez Relancio,SF,2047146,M. Fernandez Muñoz,SF,4.9,291.0,8.0,8.0,0.0,66.0,66.0,0.0
2480192,11,979919,RECOLETAS ZAMORA,AWAY,1599354,A. Tainta Lizalde,SF,1942017,A. Martin Tejedor,SF,2239381,D. Angel Villen,SF,2734310,E. Resende Carregosa,SF,2110765,A. Perez Relancio,SF,0.6,33.0,2.0,2.0,0.0,145.5,145.5,0.0
2480192,11,979919,RECOLETAS ZAMORA,AWAY,1599354,A. Tainta Lizalde,SF,1942017,A. Martin Tejedor,SF,2561100,F. Pouye,SF,2047146,M. Fernandez Muñoz,SF,1259670,B. Sanchez Marrufo,SF,3.6,220.0,6.0,9.0,-3.0,65.5,98.2,-32.7
2480192,11,979919,RECOLETAS ZAMORA,AWAY,1599354,A. Tainta Lizalde,SF,1942017,A. Martin Tejedor,SF,2561100,F. Pouye,SF,2239381,D. Angel Villen,SF,2047146,M. Fernandez Muñoz,SF,3.0,181.0,6.0,6.0,0.0,79.6,79.6,0.0
2480192,11,979919,RECOLETAS ZAMORA,AWAY,1599354,A. Tainta Lizalde,SF,1942017,A. Martin Tejedor,SF,2561100,F. Pouye,SF,2239381,D. Angel Villen,SF,2110765,A. Perez Relancio,SF,2.3,136.0,0.0,2.0,-2.0,0.0,35.3,-35.3
2480192,11,979919,RECOLETAS ZAMORA,AWAY,1599354,A. Tainta Lizalde,SF,1942017,A. Martin Tejedor,SF,2561100,F. Pouye,SF,2734310,E. Resende Carregosa,SF,1259670,B. Sanchez Marrufo,SF,4.8,288.0,15.0,6.0,9.0,125.0,50.0,75.0
2480192,11,979919,RECOLETAS ZAMORA,AWAY,1599354,A. Tainta Lizalde,SF,1942017,A. Martin Tejedor,SF,2561100,F. Pouye,SF,2734310,E. Resende Carregosa,SF,2110765,A. Perez Relancio,SF,0.9,55.0,0.0,0.0,0.0,0.0,0.0,0.0
2480192,11,979919,RECOLETAS ZAMORA,AWAY,1599354,A. Tainta Lizalde,SF,1942017,A. Martin Tejedor,SF,2734310,E. Resende Carregosa,SF,2110765,A. Perez Relancio,SF,1259670,B. Sanchez Marrufo,SF,2.3,141.0,0.0,7.0,-7.0,0.0,119.1,-119.1
2480192,11,979919,RECOLETAS ZAMORA,AWAY,1599354,A. Tainta Lizalde,SF,2817152,F. Filor,SF,1942017,A. Martin Tejedor,SF,2047146,M. Fernandez Muñoz,SF,1259670,B. Sanchez Marrufo,SF,4.2,250.0,6.0,8.0,-2.0,57.6,76.8,-19.2
2480192,11,979919,RECOLETAS ZAMORA,AWAY,1599354,A. Tainta Lizalde,SF,2817152,F. Filor,SF,1942017,A. Martin Tejedor,SF,2239381,D. Angel Villen,SF,2110765,A. Perez Relancio,SF,2.9,174.0,4.0,7.0,-3.0,55.2,96.6,-41.4
2480192,11,979919,RECOLETAS ZAMORA,AWAY,1599354,A. Tainta Lizalde,SF,2817152,F. Filor,SF,1942017,A. Martin Tejedor,SF,2239381,D. Angel Villen,SF,2734310,E. Resende Carregosa,SF,0.1,9.0,0.0,0.0,0.0,0.0,0.0,0.0
2480192,11,979919,RECOLETAS ZAMORA,AWAY,1599354,A. Tainta Lizalde,SF,2817152,F. Filor,SF,1942017,A. Martin Tejedor,SF,2561100,F. Pouye,SF,2047146,M. Fernandez Muñoz,SF,2.6,159.0,4.0,2.0,2.0,60.4,30.2,30.2
2480192,11,979919,RECOLETAS ZAMORA,AWAY,1599354,A. Tainta Lizalde,SF,2817152,F. Filor,SF,2734310,E. Resende Carregosa,SF,2047146,M. Fernandez Muñoz,SF,1259670,B. Sanchez Marrufo,SF,2.1,129.0,2.0,6.0,-4.0,37.2,111.6,-74.4
2480192,11,981213,AZULMARINO MALLORCA PALMA,HOME,2791252,A. Bulgak,SF,1083354,M. España Almendro,SF,1865395,M. Garcia Mateo,SF,1434977,C. Grande Pardo,SF,1527601,I. Junio Mbulito,SF,4.9,295.0,10.0,5.0,5.0,81.4,40.7,40.7
2480192,11,981213,AZULMARINO MALLORCA PALMA,HOME,2791252,A. Bulgak,SF,2793759,J. Asinde,SF,1083354,M. España Almendro,SF,1865395,M. Garcia Mateo,SF,1434977,C. Grande Pardo,SF,0.6,38.0,2.0,0.0,2.0,126.3,0.0,126.3
2480192,11,981213,AZULMARINO MALLORCA PALMA,HOME,2791252,A. Bulgak,SF,2793759,J. Asinde,SF,2815892,A. Siciliano,SF,1083354,M. España Almendro,SF,1865395,M. Garcia Mateo,SF,34.3,2067.0,60.0,59.0,1.0,69.7,68.5,1.2
2480193,12,979919,RECOLETAS ZAMORA,HOME,1599354,A. Tainta Lizalde,SF,1942017,A. Martin Tejedor,SF,2239381,D. Angel Villen,SF,2561100,F. Pouye,SF,1259670,B. Sanchez Marrufo,SF,3.3,193.0,4.0,6.0,-2.0,49.7,74.6,-24.9
2480193,12,979919,RECOLETAS ZAMORA,HOME,1599354,A. Tainta Lizalde,SF,1942017,A. Martin Tejedor,SF,2239381,D. Angel Villen,SF,2734310,E. Resende Carregosa,SF,2561100,F. Pouye,SF,5.3,316.0,14.0,5.0,9.0,106.3,38.0,68.4
2480193,12,979919,RECOLETAS ZAMORA,HOME,1599354,A. Tainta Lizalde,SF,1942017,A. Martin Tejedor,SF,2561100,F. Pouye,SF,2110765,A. Perez Relancio,SF,2047146,M. Fernandez Muñoz,SF,1.1,68.0,6.0,2.0,4.0,211.8,70.6,141.2
2480193,12,979919,RECOLETAS ZAMORA,HOME,1599354,A. Tainta Lizalde,SF,1942017,A. Martin Tejedor,SF,2561100,F. Pouye,SF,2734310,E. Resende Carregosa,SF,2047146,M. Fernandez Muñoz,SF,4.9,293.0,5.0,12.0,-7.0,41.0,98.3,-57.3
2480193,12,979919,RECOLETAS ZAMORA,HOME,1599354,A. Tainta Lizalde,SF,1942017,A. Martin Tejedor,SF,2561100,F. Pouye,SF,2734310,E. Resende Carregosa,SF,2110765,A. Perez Relancio,SF,2.3,139.0,5.0,4.0,1.0,86.3,69.1,17.3
2480193,12,979919,RECOLETAS ZAMORA,HOME,1599354,A. Tainta Lizalde,SF,1942017,A. Martin Tejedor,SF,2734310,E. Resende Carregosa,SF,2047146,M. Fernandez Muñoz,SF,1259670,B. Sanchez Marrufo,SF,0.7,39.0,0.0,0.0,0.0,0.0,0.0,0.0
2480193,12,979919,RECOLETAS ZAMORA,HOME,1599354,A. Tainta Lizalde,SF,1942017,A. Martin Tejedor,SF,2734310,E. Resende Carregosa,SF,2110765,A. Perez Relancio,SF,1259670,B. Sanchez Marrufo,SF,0.5,30.0,2.0,0.0,2.0,160.0,0.0,160.0
2480193,12,979919,RECOLETAS ZAMORA,HOME,1599354,A. Tainta Lizalde,SF,1942017,A. Martin Tejedor,SF,2734310,E. Resende Carregosa,SF,2110765,A. Perez Relancio,SF,2047146,M. Fernandez Muñoz,SF,4.5,273.0,5.0,6.0,-1.0,44.0,52.7,-8.8
2480193,12,979919,RECOLETAS ZAMORA,HOME,1599354,A. Tainta Lizalde,SF,1942017,A. Martin Tejedor,SF,2734310,E. Resende Carregosa,SF,2561100,F. Pouye,SF,1259670,B. Sanchez Marrufo,SF,0.3,18.0,0.0,0.0,0.0,0.0,0.0,0.0
2480193,12,979919,RECOLETAS ZAMORA,HOME,1599354,A. Tainta Lizalde,SF,2239381,D. Angel Villen,SF,1942017,A. Martin Tejedor,SF,2734310,E. Resende Carregosa,SF,2110765,A. Perez Relancio,SF,0.6,36.0,1.0,2.0,-1.0,66.7,133.3,-66.7
2480193,12,979919,RECOLETAS ZAMORA,HOME,1599354,A. Tainta Lizalde,SF,2239381,D. Angel Villen,SF,2734310,E. Resende Carregosa,SF,2110765,A. Perez Relancio,SF,1259670,B. Sanchez Marrufo,SF,0.3,16.0,2.0,1.0,1.0,300.0,150.0,150.0
2480193,12,979919,RECOLETAS ZAMORA,HOME,1599354,A. Tainta Lizalde,SF,2817152,F. Filor,SF,1942017,A. Martin Tejedor,SF,2110765,A. Perez Relancio,SF,2561100,F. Pouye,SF,1.8,105.0,3.0,0.0,3.0,68.6,0.0,68.6
2480193,12,979919,RECOLETAS ZAMORA,HOME,1599354,A. Tainta Lizalde,SF,2817152,F. Filor,SF,1942017,A. Martin Tejedor,SF,2239381,D. Angel Villen,SF,1160361,S. Laborda Cimas,SF,1.9,111.0,3.0,5.0,-2.0,64.9,108.1,-43.2
2480193,12,979919,RECOLETAS ZAMORA,HOME,1599354,A. Tainta Lizalde,SF,2817152,F. Filor,SF,1942017,A. Martin Tejedor,SF,2239381,D. Angel Villen,SF,2734310,E. Resende Carregosa,SF,4.9,291.0,10.0,1.0,9.0,82.5,8.2,74.2
2480193,12,979919,RECOLETAS ZAMORA,HOME,1599354,A. Tainta Lizalde,SF,2817152,F. Filor,SF,1942017,A. Martin Tejedor,SF,2734310,E. Resende Carregosa,SF,2110765,A. Perez Relancio,SF,0.8,46.0,2.0,0.0,2.0,104.3,0.0,104.3
2480193,12,979919,RECOLETAS ZAMORA,HOME,1599354,A. Tainta Lizalde,SF,2817152,F. Filor,SF,2239381,D. Angel Villen,SF,2734310,E. Resende Carregosa,SF,2110765,A. Perez Relancio,SF,5.2,306.0,15.0,9.0,6.0,117.6,70.6,47.1
2480193,12,979919,RECOLETAS ZAMORA,HOME,2509641,M. Hernández Hernández,SF,1599354,A. Tainta Lizalde,SF,2817152,F. Filor,SF,1942017,A. Martin Tejedor,SF,2239381,D. Angel Villen,SF,2.0,120.0,5.0,2.0,3.0,100.0,40.0,60.0
2480193,12,981206,MCR LIMA-HORTA BARCELONA,AWAY,1908281,M. Aguado Tortella,SF,1958425,L. Roig I Salrach,SF,2828941,K. Clark,SF,1959765,J. Rueda Choni,SF,1912814,N. Barrientos Pereira,SF,0.5,32.0,1.0,0.0,1.0,75.0,0.0,75.0
2480193,12,981206,MCR LIMA-HORTA BARCELONA,AWAY,1908281,M. Aguado Tortella,SF,2828941,K. Clark,SF,1959765,J. Rueda Choni,SF,1886093,E. Escuder Gonzalez,SF,1912814,N. Barrientos Pereira,SF,0.3,16.0,1.0,2.0,-1.0,150.0,300.0,-150.0
2480193,12,981206,MCR LIMA-HORTA BARCELONA,AWAY,1908281,M. Aguado Tortella,SF,2828941,K. Clark,SF,1959765,J. Rueda Choni,SF,1958425,L. Roig I Salrach,SF,1912814,N. Barrientos Pereira,SF,0.7,39.0,2.0,4.0,-2.0,123.1,246.2,-123.1
2480193,12,981206,MCR LIMA-HORTA BARCELONA,AWAY,1958425,L. Roig I Salrach,SF,2828941,K. Clark,SF,1959765,J. Rueda Choni,SF,1886093,E. Escuder Gonzalez,SF,1912814,N. Barrientos Pereira,SF,1.5,90.0,0.0,2.0,-2.0,0.0,53.3,-53.3
2480193,12,981206,MCR LIMA-HORTA BARCELONA,AWAY,2049841,E. Trawally Porta,SF,1908281,M. Aguado Tortella,SF,2828941,K. Clark,SF,1959765,J. Rueda Choni,SF,1886093,E. Escuder Gonzalez,SF,3.1,182.0,2.0,1.0,1.0,26.4,13.2,13.2
2480193,12,981206,MCR LIMA-HORTA BARCELONA,AWAY,2049841,E. Trawally Porta,SF,1908281,M. Aguado Tortella,SF,2828941,K. Clark,SF,1959765,J. Rueda Choni,SF,1912814,N. Barrientos Pereira,SF,2.3,139.0,4.0,5.0,-1.0,69.1,86.3,-17.3
2480193,12,981206,MCR LIMA-HORTA BARCELONA,AWAY,2049841,E. Trawally Porta,SF,2828941,K. Clark,SF,1968768,I. Subirats Teruel,SF,1959765,J. Rueda Choni,SF,1912814,N. Barrientos Pereira,SF,1.4,84.0,3.0,0.0,3.0,85.7,0.0,85.7
2480193,12,981206,MCR LIMA-HORTA BARCELONA,AWAY,2235190,E. Morales López,SF,1908281,M. Aguado Tortella,SF,1958425,L. Roig I Salrach,SF,1968768,I. Subirats Teruel,SF,1959765,J. Rueda Choni,SF,2.6,155.0,0.0,10.0,-10.0,0.0,154.8,-154.8
2480193,12,981206,MCR LIMA-HORTA BARCELONA,AWAY,2235190,E. Morales López,SF,1908281,M. Aguado Tortella,SF,1968768,I. Subirats Teruel,SF,1886093,E. Escuder Gonzalez,SF,2042157,C. Ripoll Moya,SF,3.2,196.0,6.0,7.0,-1.0,73.5,85.7,-12.2
2480193,12,981206,MCR LIMA-HORTA BARCELONA,AWAY,2235190,E. Morales López,SF,1908281,M. Aguado Tortella,SF,1968768,I. Subirats Teruel,SF,1912814,N. Barrientos Pereira,SF,2042157,C. Ripoll Moya,SF,3.0,181.0,6.0,3.0,3.0,79.6,39.8,39.8
2480193,12,981206,MCR LIMA-HORTA BARCELONA,AWAY,2235190,E. Morales López,SF,1959765,J. Rueda Choni,SF,1886093,E. Escuder Gonzalez,SF,1912814,N. Barrientos Pereira,SF,2042157,C. Ripoll Moya,SF,0.6,36.0,2.0,5.0,-3.0,133.3,333.3,-200.0
2480193,12,981206,MCR LIMA-HORTA BARCELONA,AWAY,2235190,E. Morales López,SF,1959765,J. Rueda Choni,SF,1968768,I. Subirats Teruel,SF,1958425,L. Roig I Salrach,SF,1912814,N. Barrientos Pereira,SF,2.4,143.0,7.0,7.0,0.0,117.5,117.5,0.0
2480193,12,981206,MCR LIMA-HORTA BARCELONA,AWAY,2235190,E. Morales López,SF,2049841,E. Trawally Porta,SF,1908281,M. Aguado Tortella,SF,1958425,L. Roig I Salrach,SF,1886093,E. Escuder Gonzalez,SF,1.6,96.0,5.0,8.0,-3.0,125.0,200.0,-75.0
2480193,12,981206,MCR LIMA-HORTA BARCELONA,AWAY,2235190,E. Morales López,SF,2049841,E. Trawally Porta,SF,1958425,L. Roig I Salrach,SF,1886093,E. Escuder Gonzalez,SF,2042157,C. Ripoll Moya,SF,4.1,242.0,8.0,3.0,5.0,79.3,29.8,49.6
2480193,12,981206,MCR LIMA-HORTA BARCELONA,AWAY,2235190,E. Morales López,SF,2049841,E. Trawally Porta,SF,1959765,J. Rueda Choni,SF,1886093,E. Escuder Gonzalez,SF,2042157,C. Ripoll Moya,SF,0.8,45.0,1.0,2.0,-1.0,53.3,106.7,-53.3
2480193,12,981206,MCR LIMA-HORTA BARCELONA,AWAY,2828941,K. Clark,SF,1958425,L. Roig I Salrach,SF,1886093,E. Escuder Gonzalez,SF,1912814,N. Barrientos Pereira,SF,2042157,C. Ripoll Moya,SF,3.1,184.0,0.0,6.0,-6.0,0.0,78.3,-78.3
2480193,12,981206,MCR LIMA-HORTA BARCELONA,AWAY,2828941,K. Clark,SF,1959765,J. Rueda Choni,SF,1886093,E. Escuder Gonzalez,SF,1912814,N. Barrientos Pereira,SF,2042157,C. Ripoll Moya,SF,0.2,12.0,0.0,0.0,0.0,0.0,0.0,0.0
2480193,12,981206,MCR LIMA-HORTA BARCELONA,AWAY,2828941,K. Clark,SF,1959765,J. Rueda Choni,SF,1968768,I. Subirats Teruel,SF,1958425,L. Roig I Salrach,SF,1912814,N. Barrientos Pereira,SF,2.1,124.0,0.0,4.0,-4.0,0.0,77.4,-77.4
2480193,12,981206,MCR LIMA-HORTA BARCELONA,AWAY,2828941,K. Clark,SF,1968768,I. Subirats Teruel,SF,1959765,J. Rueda Choni,SF,1912814,N. Barrientos Pereira,SF,2042157,C. Ripoll Moya,SF,6.9,404.0,7.0,13.0,-6.0,41.6,77.2,-35.6
2480194,12,981208,ALTER ENERSUN AL-QÁZERES EXTREMADURA,HOME,1860325,L. Fontela Cabaleiro,SF,1112483,L. Mendez Lamas,SF,2432389,J. De Barros Filipe,SF,1902336,N. Liste Alfonsin,SF,2815234,I. Tavares Ramos,SF,5.0,297.0,7.0,9.0,-2.0,56.6,72.7,-16.2
2480194,12,981208,ALTER ENERSUN AL-QÁZERES EXTREMADURA,HOME,1860325,L. Fontela Cabaleiro,SF,2815153,V. Gauna,SF,1112483,L. Mendez Lamas,SF,1902336,N. Liste Alfonsin,SF,2815234,I. Tavares Ramos,SF,1.4,82.0,4.0,4.0,0.0,117.1,117.1,0.0
2480194,12,981208,ALTER ENERSUN AL-QÁZERES EXTREMADURA,HOME,1860325,L. Fontela Cabaleiro,SF,2815153,V. Gauna,SF,1112483,L. Mendez Lamas,SF,2432389,J. De Barros Filipe,SF,1902336,N. Liste Alfonsin,SF,1.1,68.0,0.0,5.0,-5.0,0.0,176.5,-176.5
2480194,12,981208,ALTER ENERSUN AL-QÁZERES EXTREMADURA,HOME,1860325,L. Fontela Cabaleiro,SF,2815153,V. Gauna,SF,1902336,N. Liste Alfonsin,SF,2815234,I. Tavares Ramos,SF,2044012,C. Suárez Fernández,SF,2.2,134.0,0.0,1.0,-1.0,0.0,17.9,-17.9
2480194,12,981208,ALTER ENERSUN AL-QÁZERES EXTREMADURA,HOME,1860325,L. Fontela Cabaleiro,SF,2815153,V. Gauna,SF,2432389,J. De Barros Filipe,SF,1902336,N. Liste Alfonsin,SF,2815234,I. Tavares Ramos,SF,4.5,270.0,5.0,7.0,-2.0,44.4,62.2,-17.8
2480194,12,981208,ALTER ENERSUN AL-QÁZERES EXTREMADURA,HOME,2056237,L. Salmeron Segu,SF,1860325,L. Fontela Cabaleiro,SF,1112483,L. Mendez Lamas,SF,1902336,N. Liste Alfonsin,SF,1889214,C. Prieto Pereda,SF,4.8,287.0,2.0,8.0,-6.0,16.7,66.9,-50.2
2480194,12,981208,ALTER ENERSUN AL-QÁZERES EXTREMADURA,HOME,2056237,L. Salmeron Segu,SF,1860325,L. Fontela Cabaleiro,SF,1112483,L. Mendez Lamas,SF,1902336,N. Liste Alfonsin,SF,2815234,I. Tavares Ramos,SF,3.7,223.0,8.0,5.0,3.0,86.1,53.8,32.3
2480194,12,981208,ALTER ENERSUN AL-QÁZERES EXTREMADURA,HOME,2056237,L. Salmeron Segu,SF,1860325,L. Fontela Cabaleiro,SF,2432389,J. De Barros Filipe,SF,1902336,N. Liste Alfonsin,SF,2044012,C. Suárez Fernández,SF,2.7,164.0,2.0,2.0,0.0,29.3,29.3,0.0
2480194,12,981208,ALTER ENERSUN AL-QÁZERES EXTREMADURA,HOME,2056237,L. Salmeron Segu,SF,1860325,L. Fontela Cabaleiro,SF,2815153,V. Gauna,SF,1902336,N. Liste Alfonsin,SF,2815234,I. Tavares Ramos,SF,2.1,127.0,6.0,4.0,2.0,113.4,75.6,37.8
2480194,12,981208,ALTER ENERSUN AL-QÁZERES EXTREMADURA,HOME,2056237,L. Salmeron Segu,SF,2432389,J. De Barros Filipe,SF,1112483,L. Mendez Lamas,SF,1902336,N. Liste Alfonsin,SF,1889214,C. Prieto Pereda,SF,1.1,65.0,0.0,5.0,-5.0,0.0,184.6,-184.6
2480194,12,981208,ALTER ENERSUN AL-QÁZERES EXTREMADURA,HOME,2056237,L. Salmeron Segu,SF,2815153,V. Gauna,SF,1112483,L. Mendez Lamas,SF,1902336,N. Liste Alfonsin,SF,2815234,I. Tavares Ramos,SF,3.6,221.0,7.0,7.0,0.0,76.0,76.0,0.0
2480194,12,981208,ALTER ENERSUN AL-QÁZERES EXTREMADURA,HOME,2056237,L. Salmeron Segu,SF,2815153,V. Gauna,SF,2432389,J. De Barros Filipe,SF,1112483,L. Mendez Lamas,SF,1902336,N. Liste Alfonsin,SF,1.1,65.0,0.0,0.0,0.0,0.0,0.0,0.0
2480194,12,981208,ALTER ENERSUN AL-QÁZERES EXTREMADURA,HOME,2056237,L. Salmeron Segu,SF,2815153,V. Gauna,SF,2432389,J. De Barros Filipe,SF,1902336,N. Liste Alfonsin,SF,2815234,I. Tavares Ramos,SF,2.8,166.0,5.0,9.0,-4.0,72.3,130.1,-57.8
2480194,12,981208,ALTER ENERSUN AL-QÁZERES EXTREMADURA,HOME,2815153,V. Gauna,SF,2432389,J. De Barros Filipe,SF,1112483,L. Mendez Lamas,SF,1902336,N. Liste Alfonsin,SF,2815234,I. Tavares Ramos,SF,3.2,195.0,6.0,8.0,-2.0,73.8,98.5,-24.6
2480194,12,981208,ALTER ENERSUN AL-QÁZERES EXTREMADURA,HOME,2815153,V. Gauna,SF,2432389,J. De Barros Filipe,SF,1902336,N. Liste Alfonsin,SF,2815234,I. Tavares Ramos,SF,2044012,C. Suárez Fernández,SF,0.6,36.0,0.0,0.0,0.0,0.0,0.0,0.0
2480194,12,981213,AZULMARINO MALLORCA PALMA,AWAY,2791252,A. Bulgak,SF,2793759,J. Asinde,SF,1083354,M. España Almendro,SF,1865395,M. Garcia Mateo,SF,1434977,C. Grande Pardo,SF,6.8,414.0,8.0,14.0,-6.0,46.4,81.2,-34.8
2480194,12,981213,AZULMARINO MALLORCA PALMA,AWAY,2791252,A. Bulgak,SF,2793759,J. Asinde,SF,2815892,A. Siciliano,SF,1083354,M. España Almendro,SF,1865395,M. Garcia Mateo,SF,33.1,1986.0,66.0,38.0,28.0,79.8,45.9,33.8
2480195,12,979770,MELILLA CIUDAD DEL DEPORTE LA SALLE,HOME,1713801,C. Torrubia Cano,SF,1946976,L. Moya Blanch,SF,1454479,A. Senosiain Vergarachea,SF,1829640,A. Sanchez Davila,SF,2814864,R. Monteiro Da Silva,SF,0.3,20.0,0.0,0.0,0.0,0.0,0.0,0.0
2480195,12,979770,MELILLA CIUDAD DEL DEPORTE LA SALLE,HOME,1713801,C. Torrubia Cano,SF,1946976,L. Moya Blanch,SF,1454479,A. Senosiain Vergarachea,SF,2814864,R. Monteiro Da Silva,SF,1587316,C. Caceres Ayala,SF,0.8,48.0,0.0,0.0,0.0,0.0,0.0,0.0
2480195,12,979770,MELILLA CIUDAD DEL DEPORTE LA SALLE,HOME,1713801,C. Torrubia Cano,SF,1946976,L. Moya Blanch,SF,1454479,A. Senosiain Vergarachea,SF,2814864,R. Monteiro Da Silva,SF,2648563,M. D'Urso Vallina,SF,2.0,119.0,2.0,2.0,0.0,40.3,40.3,0.0
2480195,12,979770,MELILLA CIUDAD DEL DEPORTE LA SALLE,HOME,1756623,A. Hernangomez Geuer,SF,1946976,L. Moya Blanch,SF,1454479,A. Senosiain Vergarachea,SF,1829640,A. Sanchez Davila,SF,1587316,C. Caceres Ayala,SF,1.3,76.0,2.0,3.0,-1.0,63.2,94.7,-31.6
2480195,12,979770,MELILLA CIUDAD DEL DEPORTE LA SALLE,HOME,1756623,A. Hernangomez Geuer,SF,1946976,L. Moya Blanch,SF,1454479,A. Senosiain Vergarachea,SF,1829640,A. Sanchez Davila,SF,2814864,R. Monteiro Da Silva,SF,1.3,80.0,4.0,2.0,2.0,120.0,60.0,60.0
2480195,12,979770,MELILLA CIUDAD DEL DEPORTE LA SALLE,HOME,1756623,A. Hernangomez Geuer,SF,2104399,C. Garcia Muñoz,SF,1454479,A. Senosiain Vergarachea,SF,1829640,A. Sanchez Davila,SF,1587316,C. Caceres Ayala,SF,3.4,208.0,7.0,3.0,4.0,80.8,34.6,46.2
2480195,12,979770,MELILLA CIUDAD DEL DEPORTE LA SALLE,HOME,1756623,A. Hernangomez Geuer,SF,2104399,C. Garcia Muñoz,SF,1454479,A. Senosiain Vergarachea,SF,2814864,R. Monteiro Da Silva,SF,1587316,C. Caceres Ayala,SF,2.2,132.0,4.0,2.0,2.0,72.7,36.4,36.4
2480195,12,979770,MELILLA CIUDAD DEL DEPORTE LA SALLE,HOME,2104399,C. Garcia Muñoz,SF,1756623,A. Hernangomez Geuer,SF,1454479,A. Senosiain Vergarachea,SF,1829640,A. Sanchez Davila,SF,1587316,C. Caceres Ayala,SF,6.4,378.0,19.0,15.0,4.0,120.6,95.2,25.4
2480195,12,979770,MELILLA CIUDAD DEL DEPORTE LA SALLE,HOME,2432929,M. Davydova,SF,1713801,C. Torrubia Cano,SF,1454479,A. Senosiain Vergarachea,SF,1829640,A. Sanchez Davila,SF,2814864,R. Monteiro Da Silva,SF,3.4,204.0,8.0,9.0,-1.0,94.1,105.9,-11.8
2480195,12,979770,MELILLA CIUDAD DEL DEPORTE LA SALLE,HOME,2432929,M. Davydova,SF,1713801,C. Torrubia Cano,SF,1454479,A. Senosiain Vergarachea,SF,2204396,L. Gonzalez Moreno,SF,1587316,C. Caceres Ayala,SF,2.2,132.0,6.0,3.0,3.0,109.1,54.5,54.5
2480195,12,979770,MELILLA CIUDAD DEL DEPORTE LA SALLE,HOME,2432929,M. Davydova,SF,1713801,C. Torrubia Cano,SF,1454479,A. Senosiain Vergarachea,SF,2204396,L. Gonzalez Moreno,SF,2648563,M. D'Urso Vallina,SF,0.3,21.0,2.0,0.0,2.0,228.6,0.0,228.6
2480195,12,979770,MELILLA CIUDAD DEL DEPORTE LA SALLE,HOME,2432929,M. Davydova,SF,1713801,C. Torrubia Cano,SF,1454479,A. Senosiain Vergarachea,SF,2814864,R. Monteiro Da Silva,SF,2648563,M. D'Urso Vallina,SF,0.5,27.0,1.0,0.0,1.0,88.9,0.0,88.9
2480195,12,979770,MELILLA CIUDAD DEL DEPORTE LA SALLE,HOME,2432929,M. Davydova,SF,1756623,A. Hernangomez Geuer,SF,1454479,A. Senosiain Vergarachea,SF,1829640,A. Sanchez Davila,SF,1587316,C. Caceres Ayala,SF,2.1,124.0,5.0,5.0,0.0,96.8,96.8,0.0
2480195,12,979770,MELILLA CIUDAD DEL DEPORTE LA SALLE,HOME,2432929,M. Davydova,SF,1756623,A. Hernangomez Geuer,SF,1454479,A. Senosiain Vergarachea,SF,1829640,A. Sanchez Davila,SF,2814864,R. Monteiro Da Silva,SF,1.2,75.0,0.0,1.0,-1.0,0.0,32.0,-32.0
2480195,12,979770,MELILLA CIUDAD DEL DEPORTE LA SALLE,HOME,2432929,M. Davydova,SF,1756623,A. Hernangomez Geuer,SF,1454479,A. Senosiain Vergarachea,SF,2814864,R. Monteiro Da Silva,SF,1587316,C. Caceres Ayala,SF,0.8,51.0,0.0,0.0,0.0,0.0,0.0,0.0
2480195,12,979770,MELILLA CIUDAD DEL DEPORTE LA SALLE,HOME,2432929,M. Davydova,SF,1946976,L. Moya Blanch,SF,1454479,A. Senosiain Vergarachea,SF,1829640,A. Sanchez Davila,SF,2814864,R. Monteiro Da Silva,SF,3.0,178.0,4.0,7.0,-3.0,53.9,94.4,-40.4
2480195,12,979770,MELILLA CIUDAD DEL DEPORTE LA SALLE,HOME,2432929,M. Davydova,SF,1946976,L. Moya Blanch,SF,1454479,A. Senosiain Vergarachea,SF,2814864,R. Monteiro Da Silva,SF,1829640,A. Sanchez Davila,SF,2.8,171.0,12.0,5.0,7.0,168.4,70.2,98.2
2480195,12,979770,MELILLA CIUDAD DEL DEPORTE LA SALLE,HOME,2432929,M. Davydova,SF,1946976,L. Moya Blanch,SF,1454479,A. Senosiain Vergarachea,SF,2814864,R. Monteiro Da Silva,SF,2648563,M. D'Urso Vallina,SF,5.9,356.0,14.0,7.0,7.0,94.4,47.2,47.2
2480195,12,981306,CAJASOL BALONCESTO SEVILLA FEMENINO,AWAY,1679391,M. Martinez Carranza,SF,1758184,C. Sanchez Fernandez-Satorre,SF,2004240,N. Sanchez Robayo,SF,1999405,N. Anitua Garcia,SF,1811227,C. Arfinengo Del Carpio,SF,35.1,2106.0,56.0,74.0,-18.0,63.8,84.3,-20.5
2480195,12,981306,CAJASOL BALONCESTO SEVILLA FEMENINO,AWAY,1679391,M. Martinez Carranza,SF,1758184,C. Sanchez Fernandez-Satorre,SF,2004240,N. Sanchez Robayo,SF,1999405,N. Anitua Garcia,SF,2053354,F. Gassama Dansoko,SF,2.4,148.0,3.0,7.0,-4.0,48.6,113.5,-64.9
2480195,12,981306,CAJASOL BALONCESTO SEVILLA FEMENINO,AWAY,2004240,N. Sanchez Robayo,SF,1999405,N. Anitua Garcia,SF,2053354,F. Gassama Dansoko,SF,2848574,E. Elliott,SF,1723585,A. Morales Sancho,SF,2.4,146.0,5.0,9.0,-4.0,82.2,147.9,-65.8
2480196,12,981288,SERNOVA RENOVABLES REAL CANOE,HOME,2097038,P. De Mier Espina,SF,1927626,C. Flores Garcia,SF,1242234,C. Rodriguez Nuñez,SF,1859345,L. Fleta Robles,SF,1745108,M. Torres Municio,SF,0.8,51.0,2.0,0.0,2.0,94.1,0.0,94.1
2480196,12,981288,SERNOVA RENOVABLES REAL CANOE,HOME,2097038,P. De Mier Espina,SF,1927626,C. Flores Garcia,SF,1242234,C. Rodriguez Nuñez,SF,2362540,A. Pastrana Ballesteros,SF,2432516,C. De Sousa,SF,0.9,55.0,0.0,4.0,-4.0,0.0,174.5,-174.5
2480196,12,981288,SERNOVA RENOVABLES REAL CANOE,HOME,2097038,P. De Mier Espina,SF,1927626,C. Flores Garcia,SF,1242234,C. Rodriguez Nuñez,SF,2432516,C. De Sousa,SF,1859345,L. Fleta Robles,SF,3.2,196.0,4.0,7.0,-3.0,49.0,85.7,-36.7
2480196,12,981288,SERNOVA RENOVABLES REAL CANOE,HOME,2097038,P. De Mier Espina,SF,2021397,A. Esnal Aguirre,SF,1242234,C. Rodriguez Nuñez,SF,1859345,L. Fleta Robles,SF,1745108,M. Torres Municio,SF,2.6,157.0,6.0,6.0,0.0,91.7,91.7,0.0
2480196,12,981288,SERNOVA RENOVABLES REAL CANOE,HOME,2097038,P. De Mier Espina,SF,2021397,A. Esnal Aguirre,SF,1242234,C. Rodriguez Nuñez,SF,2432516,C. De Sousa,SF,1859345,L. Fleta Robles,SF,1.3,76.0,2.0,0.0,2.0,63.2,0.0,63.2
2480196,12,981288,SERNOVA RENOVABLES REAL CANOE,HOME,2097038,P. De Mier Espina,SF,2021397,A. Esnal Aguirre,SF,1787143,C. Mato De Prada,SF,1242234,C. Rodriguez Nuñez,SF,1745108,M. Torres Municio,SF,7.0,423.0,14.0,6.0,8.0,79.4,34.0,45.4
2480196,12,981288,SERNOVA RENOVABLES REAL CANOE,HOME,2097038,P. De Mier Espina,SF,2021397,A. Esnal Aguirre,SF,1787143,C. Mato De Prada,SF,1242234,C. Rodriguez Nuñez,SF,1859345,L. Fleta Robles,SF,5.5,331.0,11.0,12.0,-1.0,79.8,87.0,-7.3
2480196,12,981288,SERNOVA RENOVABLES REAL CANOE,HOME,2097038,P. De Mier Espina,SF,2021397,A. Esnal Aguirre,SF,1787143,C. Mato De Prada,SF,1242234,C. Rodriguez Nuñez,SF,2432516,C. De Sousa,SF,3.6,220.0,4.0,13.0,-9.0,43.6,141.8,-98.2
2480196,12,981288,SERNOVA RENOVABLES REAL CANOE,HOME,2097038,P. De Mier Espina,SF,2021397,A. Esnal Aguirre,SF,1787143,C. Mato De Prada,SF,1927626,C. Flores Garcia,SF,1242234,C. Rodriguez Nuñez,SF,2.2,134.0,2.0,4.0,-2.0,35.8,71.6,-35.8
2480196,12,981288,SERNOVA RENOVABLES REAL CANOE,HOME,2097038,P. De Mier Espina,SF,2021397,A. Esnal Aguirre,SF,1787143,C. Mato De Prada,SF,2432516,C. De Sousa,SF,1859345,L. Fleta Robles,SF,1.4,86.0,3.0,4.0,-1.0,83.7,111.6,-27.9
2480196,12,981288,SERNOVA RENOVABLES REAL CANOE,HOME,2097038,P. De Mier Espina,SF,2021397,A. Esnal Aguirre,SF,1927626,C. Flores Garcia,SF,1242234,C. Rodriguez Nuñez,SF,1745108,M. Torres Municio,SF,3.0,179.0,5.0,6.0,-1.0,67.0,80.4,-13.4
2480196,12,981288,SERNOVA RENOVABLES REAL CANOE,HOME,2097038,P. De Mier Espina,SF,2021397,A. Esnal Aguirre,SF,1927626,C. Flores Garcia,SF,1242234,C. Rodriguez Nuñez,SF,1859345,L. Fleta Robles,SF,0.8,49.0,0.0,0.0,0.0,0.0,0.0,0.0
2480196,12,981288,SERNOVA RENOVABLES REAL CANOE,HOME,2097038,P. De Mier Espina,SF,2021397,A. Esnal Aguirre,SF,1927626,C. Flores Garcia,SF,1242234,C. Rodriguez Nuñez,SF,2432516,C. De Sousa,SF,4.1,250.0,5.0,0.0,5.0,48.0,0.0,48.0
2480196,12,981288,SERNOVA RENOVABLES REAL CANOE,HOME,2097038,P. De Mier Espina,SF,2021397,A. Esnal Aguirre,SF,1927626,C. Flores Garcia,SF,2432516,C. De Sousa,SF,1859345,L. Fleta Robles,SF,2.3,140.0,2.0,2.0,0.0,34.3,34.3,0.0
2480196,12,981288,SERNOVA RENOVABLES REAL CANOE,HOME,2097038,P. De Mier Espina,SF,2161390,N. Cañizares Gonzalez,SF,1927626,C. Flores Garcia,SF,1242234,C. Rodriguez Nuñez,SF,2432516,C. De Sousa,SF,0.9,53.0,0.0,3.0,-3.0,0.0,135.8,-135.8
2480196,12,981334,UNICAJA MIJAS,AWAY,1317227,C. Garcia Paunero,SF,1884837,M. Roters Dubinina,SF,1723860,S. Galeron Alvarez,SF,2012623,S. Lo Sylla,SF,1949233,A. Orois Aznarez,SF,1.7,102.0,3.0,7.0,-4.0,70.6,164.7,-94.1
2480196,12,981334,UNICAJA MIJAS,AWAY,1884837,M. Roters Dubinina,SF,1317227,C. Garcia Paunero,SF,1723860,S. Galeron Alvarez,SF,2012623,S. Lo Sylla,SF,1954737,E. Puiggros Rovira,SF,1.9,116.0,2.0,4.0,-2.0,41.4,82.8,-41.4
2480196,12,981334,UNICAJA MIJAS,AWAY,1884837,M. Roters Dubinina,SF,1317227,C. Garcia Paunero,SF,1723860,S. Galeron Alvarez,SF,2012623,S. Lo Sylla,SF,1994192,E. Moreno Fernandez,SF,0.1,7.0,0.0,0.0,0.0,0.0,0.0,0.0
2480196,12,981334,UNICAJA MIJAS,AWAY,1884837,M. Roters Dubinina,SF,1723860,S. Galeron Alvarez,SF,2012623,S. Lo Sylla,SF,2643500,C. Capellan Santana,SF,1954737,E. Puiggros Rovira,SF,6.0,362.0,7.0,5.0,2.0,46.4,33.1,13.3
2480196,12,981334,UNICAJA MIJAS,AWAY,2096249,T. Eke Benitez,SF,1884837,M. Roters Dubinina,SF,1317227,C. Garcia Paunero,SF,1723860,S. Galeron Alvarez,SF,1954737,E. Puiggros Rovira,SF,3.4,204.0,4.0,4.0,0.0,47.1,47.1,0.0
2480196,12,981334,UNICAJA MIJAS,AWAY,2096249,T. Eke Benitez,SF,1884837,M. Roters Dubinina,SF,1317227,C. Garcia Paunero,SF,1954737,E. Puiggros Rovira,SF,1994192,E. Moreno Fernandez,SF,0.7,40.0,2.0,4.0,-2.0,120.0,240.0,-120.0
2480196,12,981334,UNICAJA MIJAS,AWAY,2096249,T. Eke Benitez,SF,1884837,M. Roters Dubinina,SF,1723860,S. Galeron Alvarez,SF,1954737,E. Puiggros Rovira,SF,1994192,E. Moreno Fernandez,SF,1.1,68.0,2.0,0.0,2.0,70.6,0.0,70.6
2480196,12,981334,UNICAJA MIJAS,AWAY,2096249,T. Eke Benitez,SF,1884837,M. Roters Dubinina,SF,1723860,S. Galeron Alvarez,SF,2643500,C. Capellan Santana,SF,1954737,E. Puiggros Rovira,SF,0.6,39.0,2.0,0.0,2.0,123.1,0.0,123.1
2480196,12,981334,UNICAJA MIJAS,AWAY,2096249,T. Eke Benitez,SF,2814756,C. Zimmerman,SF,1317227,C. Garcia Paunero,SF,1884837,M. Roters Dubinina,SF,1949233,A. Orois Aznarez,SF,5.0,300.0,6.0,7.0,-1.0,48.0,56.0,-8.0
2480196,12,981334,UNICAJA MIJAS,AWAY,2096249,T. Eke Benitez,SF,2814756,C. Zimmerman,SF,1884837,M. Roters Dubinina,SF,1317227,C. Garcia Paunero,SF,1949233,A. Orois Aznarez,SF,2.8,170.0,4.0,5.0,-1.0,56.5,70.6,-14.1
2480196,12,981334,UNICAJA MIJAS,AWAY,2643500,C. Capellan Santana,SF,1884837,M. Roters Dubinina,SF,1317227,C. Garcia Paunero,SF,1723860,S. Galeron Alvarez,SF,1949233,A. Orois Aznarez,SF,3.7,228.0,8.0,2.0,6.0,84.2,21.1,63.2
2480196,12,981334,UNICAJA MIJAS,AWAY,2643500,C. Capellan Santana,SF,1884837,M. Roters Dubinina,SF,1317227,C. Garcia Paunero,SF,1723860,S. Galeron Alvarez,SF,2012623,S. Lo Sylla,SF,2.8,168.0,4.0,3.0,1.0,57.1,42.9,14.3
2480196,12,981334,UNICAJA MIJAS,AWAY,2643500,C. Capellan Santana,SF,1884837,M. Roters Dubinina,SF,1723860,S. Galeron Alvarez,SF,1949233,A. Orois Aznarez,SF,1994192,E. Moreno Fernandez,SF,2.2,133.0,8.0,4.0,4.0,144.4,72.2,72.2
2480196,12,981334,UNICAJA MIJAS,AWAY,2643500,C. Capellan Santana,SF,1884837,M. Roters Dubinina,SF,1723860,S. Galeron Alvarez,SF,1954737,E. Puiggros Rovira,SF,1994192,E. Moreno Fernandez,SF,0.4,23.0,0.0,2.0,-2.0,0.0,208.7,-208.7
2480196,12,981334,UNICAJA MIJAS,AWAY,2643500,C. Capellan Santana,SF,2096249,T. Eke Benitez,SF,1884837,M. Roters Dubinina,SF,1317227,C. Garcia Paunero,SF,1994192,E. Moreno Fernandez,SF,0.3,19.0,0.0,0.0,0.0,0.0,0.0,0.0
2480196,12,981334,UNICAJA MIJAS,AWAY,2643500,C. Capellan Santana,SF,2096249,T. Eke Benitez,SF,2814756,C. Zimmerman,SF,1884837,M. Roters Dubinina,SF,1317227,C. Garcia Paunero,SF,2.5,152.0,7.0,2.0,5.0,110.5,31.6,78.9
2480196,12,981334,UNICAJA MIJAS,AWAY,2643500,C. Capellan Santana,SF,2814756,C. Zimmerman,SF,1884837,M. Roters Dubinina,SF,1317227,C. Garcia Paunero,SF,1954737,E. Puiggros Rovira,SF,0.7,44.0,0.0,2.0,-2.0,0.0,109.1,-109.1
2480196,12,981334,UNICAJA MIJAS,AWAY,2814756,C. Zimmerman,SF,1884837,M. Roters Dubinina,SF,1317227,C. Garcia Paunero,SF,2012623,S. Lo Sylla,SF,1949233,A. Orois Aznarez,SF,0.3,20.0,0.0,2.0,-2.0,0.0,240.0,-240.0
2480196,12,981334,UNICAJA MIJAS,AWAY,2814756,C. Zimmerman,SF,1884837,M. Roters Dubinina,SF,1317227,C. Garcia Paunero,SF,2012623,S. Lo Sylla,SF,1954737,E. Puiggros Rovira,SF,3.4,205.0,8.0,7.0,1.0,93.7,82.0,11.7
2480197,12,979988,FUSTECMA NBF CASTELLÓ,HOME,1680760,S. Carli Del Pino,SF,2131367,S. Basaez Narvaez,SF,2274867,L. De Giacomo,SF,2087212,L. Ruiz De La Hermosa Arce,SF,1460562,C. Perez Relancio,SF,10.5,637.0,22.0,15.0,7.0,82.9,56.5,26.4
2480197,12,979988,FUSTECMA NBF CASTELLÓ,HOME,1680760,S. Carli Del Pino,SF,2274867,L. De Giacomo,SF,2815082,M. Agyei,SF,1494221,L. Soler Madariaga,SF,2102573,A. Ferri Montagud,SF,0.3,18.0,0.0,0.0,0.0,0.0,0.0,0.0
2480197,12,979988,FUSTECMA NBF CASTELLÓ,HOME,1680760,S. Carli Del Pino,SF,2274867,L. De Giacomo,SF,2815082,M. Agyei,SF,2087212,L. Ruiz De La Hermosa Arce,SF,1460562,C. Perez Relancio,SF,0.2,10.0,3.0,0.0,3.0,720.0,0.0,720.0
2480197,12,979988,FUSTECMA NBF CASTELLÓ,HOME,1680760,S. Carli Del Pino,SF,2274867,L. De Giacomo,SF,2815082,M. Agyei,SF,2087212,L. Ruiz De La Hermosa Arce,SF,2102573,A. Ferri Montagud,SF,0.4,24.0,3.0,0.0,3.0,300.0,0.0,300.0
2480197,12,979988,FUSTECMA NBF CASTELLÓ,HOME,1680760,S. Carli Del Pino,SF,2829993,G. Aiello,SF,2131367,S. Basaez Narvaez,SF,1460562,C. Perez Relancio,SF,1618451,L. Campos De Bengoa,SF,1.3,82.0,4.0,2.0,2.0,117.1,58.5,58.5
2480197,12,979988,FUSTECMA NBF CASTELLÓ,HOME,1680760,S. Carli Del Pino,SF,2829993,G. Aiello,SF,2131367,S. Basaez Narvaez,SF,1460562,C. Perez Relancio,SF,2102573,A. Ferri Montagud,SF,1.4,87.0,4.0,0.0,4.0,110.3,0.0,110.3
2480197,12,979988,FUSTECMA NBF CASTELLÓ,HOME,1680760,S. Carli Del Pino,SF,2829993,G. Aiello,SF,2131367,S. Basaez Narvaez,SF,1494221,L. Soler Madariaga,SF,2102573,A. Ferri Montagud,SF,4.3,255.0,8.0,8.0,0.0,75.3,75.3,0.0
2480197,12,979988,FUSTECMA NBF CASTELLÓ,HOME,1680760,S. Carli Del Pino,SF,2829993,G. Aiello,SF,2131367,S. Basaez Narvaez,SF,2087212,L. Ruiz De La Hermosa Arce,SF,1494221,L. Soler Madariaga,SF,0.3,20.0,1.0,0.0,1.0,120.0,0.0,120.0
2480197,12,979988,FUSTECMA NBF CASTELLÓ,HOME,1680760,S. Carli Del Pino,SF,2829993,G. Aiello,SF,2131367,S. Basaez Narvaez,SF,2274867,L. De Giacomo,SF,2087212,L. Ruiz De La Hermosa Arce,SF,2.7,164.0,0.0,2.0,-2.0,0.0,29.3,-29.3
2480197,12,979988,FUSTECMA NBF CASTELLÓ,HOME,1680760,S. Carli Del Pino,SF,2829993,G. Aiello,SF,2131367,S. Basaez Narvaez,SF,2815082,M. Agyei,SF,1460562,C. Perez Relancio,SF,0.9,52.0,0.0,2.0,-2.0,0.0,92.3,-92.3
2480197,12,979988,FUSTECMA NBF CASTELLÓ,HOME,1680760,S. Carli Del Pino,SF,2829993,G. Aiello,SF,2274867,L. De Giacomo,SF,2815082,M. Agyei,SF,2102573,A. Ferri Montagud,SF,2.5,153.0,5.0,0.0,5.0,78.4,0.0,78.4
2480197,12,979988,FUSTECMA NBF CASTELLÓ,HOME,1680760,S. Carli Del Pino,SF,2829993,G. Aiello,SF,2815082,M. Agyei,SF,1460562,C. Perez Relancio,SF,2102573,A. Ferri Montagud,SF,3.5,210.0,8.0,6.0,2.0,91.4,68.6,22.9
2480197,12,979988,FUSTECMA NBF CASTELLÓ,HOME,1680760,S. Carli Del Pino,SF,2829993,G. Aiello,SF,2815082,M. Agyei,SF,1494221,L. Soler Madariaga,SF,2102573,A. Ferri Montagud,SF,1.9,112.0,3.0,2.0,1.0,64.3,42.9,21.4
2480197,12,979988,FUSTECMA NBF CASTELLÓ,HOME,1680760,S. Carli Del Pino,SF,2829993,G. Aiello,SF,2815082,M. Agyei,SF,2102573,A. Ferri Montagud,SF,2264676,A. Garcia Haro,SF,1.5,89.0,2.0,8.0,-6.0,53.9,215.7,-161.8
2480197,12,979988,FUSTECMA NBF CASTELLÓ,HOME,2829993,G. Aiello,SF,2131367,S. Basaez Narvaez,SF,2815082,M. Agyei,SF,2087212,L. Ruiz De La Hermosa Arce,SF,1460562,C. Perez Relancio,SF,2.6,155.0,6.0,2.0,4.0,92.9,31.0,61.9
2480197,12,979988,FUSTECMA NBF CASTELLÓ,HOME,2829993,G. Aiello,SF,2274867,L. De Giacomo,SF,2815082,M. Agyei,SF,2102573,A. Ferri Montagud,SF,1618451,L. Campos De Bengoa,SF,5.5,332.0,10.0,9.0,1.0,72.3,65.1,7.2
2480197,12,981356,BOSONIT UNIBASKET,AWAY,1626810,C. Aldecoa Rodriguez,SF,2819119,T. Sedláková,SF,1678734,M. Llorente Ruiz,SF,1778980,I. Losada Gonzalez-Babe,SF,1821692,M. Alonso Guadaño,SF,0.4,25.0,0.0,0.0,0.0,0.0,0.0,0.0
2480197,12,981356,BOSONIT UNIBASKET,AWAY,1626810,C. Aldecoa Rodriguez,SF,2819119,T. Sedláková,SF,1678734,M. Llorente Ruiz,SF,1821692,M. Alonso Guadaño,SF,1834784,E. Florez Pascual,SF,3.8,230.0,6.0,4.0,2.0,62.6,41.7,20.9
2480197,12,981356,BOSONIT UNIBASKET,AWAY,1626810,C. Aldecoa Rodriguez,SF,2819119,T. Sedláková,SF,1778980,I. Losada Gonzalez-Babe,SF,2735759,L. Van Schaik,SF,2151019,N. Padrosa Mons,SF,1.0,60.0,3.0,5.0,-2.0,120.0,200.0,-80.0
2480197,12,981356,BOSONIT UNIBASKET,AWAY,1626810,C. Aldecoa Rodriguez,SF,2819119,T. Sedláková,SF,2735759,L. Van Schaik,SF,1821692,M. Alonso Guadaño,SF,1834784,E. Florez Pascual,SF,6.3,384.0,9.0,8.0,1.0,56.2,50.0,6.2
2480197,12,981356,BOSONIT UNIBASKET,AWAY,1626810,C. Aldecoa Rodriguez,SF,2819119,T. Sedláková,SF,2735759,L. Van Schaik,SF,2151019,N. Padrosa Mons,SF,1834784,E. Florez Pascual,SF,3.5,207.0,4.0,0.0,4.0,46.4,0.0,46.4
2480197,12,981356,BOSONIT UNIBASKET,AWAY,1626810,C. Aldecoa Rodriguez,SF,2819121,H. Forster,SF,2151019,N. Padrosa Mons,SF,1821692,M. Alonso Guadaño,SF,1834784,E. Florez Pascual,SF,3.2,190.0,2.0,4.0,-2.0,25.3,50.5,-25.3
2480197,12,981356,BOSONIT UNIBASKET,AWAY,1626810,C. Aldecoa Rodriguez,SF,2819121,H. Forster,SF,2561556,C. Sañudo Trillo,SF,1821692,M. Alonso Guadaño,SF,1834784,E. Florez Pascual,SF,1.8,109.0,3.0,4.0,-1.0,66.1,88.1,-22.0
2480197,12,981356,BOSONIT UNIBASKET,AWAY,1626810,C. Aldecoa Rodriguez,SF,2819121,H. Forster,SF,2561556,C. Sañudo Trillo,SF,2151019,N. Padrosa Mons,SF,1834784,E. Florez Pascual,SF,2.0,119.0,0.0,6.0,-6.0,0.0,121.0,-121.0
2480197,12,981356,BOSONIT UNIBASKET,AWAY,1626810,C. Aldecoa Rodriguez,SF,2819121,H. Forster,SF,2735759,L. Van Schaik,SF,2151019,N. Padrosa Mons,SF,1834784,E. Florez Pascual,SF,2.6,156.0,0.0,10.0,-10.0,0.0,153.8,-153.8
2480197,12,981356,BOSONIT UNIBASKET,AWAY,2819119,T. Sedláková,SF,1678734,M. Llorente Ruiz,SF,1778980,I. Losada Gonzalez-Babe,SF,2561556,C. Sañudo Trillo,SF,1821692,M. Alonso Guadaño,SF,0.8,48.0,2.0,2.0,0.0,100.0,100.0,0.0
2480197,12,981356,BOSONIT UNIBASKET,AWAY,2819119,T. Sedláková,SF,1678734,M. Llorente Ruiz,SF,1778980,I. Losada Gonzalez-Babe,SF,2735759,L. Van Schaik,SF,1821692,M. Alonso Guadaño,SF,4.5,268.0,2.0,10.0,-8.0,17.9,89.6,-71.6
2480197,12,981356,BOSONIT UNIBASKET,AWAY,2819119,T. Sedláková,SF,1678734,M. Llorente Ruiz,SF,2561556,C. Sañudo Trillo,SF,1778980,I. Losada Gonzalez-Babe,SF,2151019,N. Padrosa Mons,SF,2.7,159.0,10.0,6.0,4.0,150.9,90.6,60.4
2480197,12,981356,BOSONIT UNIBASKET,AWAY,2819119,T. Sedláková,SF,1678734,M. Llorente Ruiz,SF,2561556,C. Sañudo Trillo,SF,2151019,N. Padrosa Mons,SF,1834784,E. Florez Pascual,SF,1.4,87.0,0.0,4.0,-4.0,0.0,110.3,-110.3
2480197,12,981356,BOSONIT UNIBASKET,AWAY,2819119,T. Sedláková,SF,1678734,M. Llorente Ruiz,SF,2735759,L. Van Schaik,SF,1821692,M. Alonso Guadaño,SF,1834784,E. Florez Pascual,SF,1.7,102.0,7.0,5.0,2.0,164.7,117.6,47.1
2480197,12,981356,BOSONIT UNIBASKET,AWAY,2819119,T. Sedláková,SF,1678734,M. Llorente Ruiz,SF,2735759,L. Van Schaik,SF,2151019,N. Padrosa Mons,SF,1834784,E. Florez Pascual,SF,0.3,19.0,0.0,0.0,0.0,0.0,0.0,0.0
2480197,12,981356,BOSONIT UNIBASKET,AWAY,2819119,T. Sedláková,SF,2735759,L. Van Schaik,SF,2151019,N. Padrosa Mons,SF,1821692,M. Alonso Guadaño,SF,1834784,E. Florez Pascual,SF,1.4,85.0,2.0,3.0,-1.0,56.5,84.7,-28.2
2480197,12,981356,BOSONIT UNIBASKET,AWAY,2819121,H. Forster,SF,1678734,M. Llorente Ruiz,SF,1778980,I. Losada Gonzalez-Babe,SF,2561556,C. Sañudo Trillo,SF,1821692,M. Alonso Guadaño,SF,0.1,9.0,0.0,2.0,-2.0,0.0,533.3,-533.3
2480197,12,981356,BOSONIT UNIBASKET,AWAY,2819121,H. Forster,SF,1678734,M. Llorente Ruiz,SF,2151019,N. Padrosa Mons,SF,1821692,M. Alonso Guadaño,SF,1834784,E. Florez Pascual,SF,1.1,68.0,4.0,2.0,2.0,141.2,70.6,70.6
2480197,12,981356,BOSONIT UNIBASKET,AWAY,2819121,H. Forster,SF,1678734,M. Llorente Ruiz,SF,2561556,C. Sañudo Trillo,SF,1821692,M. Alonso Guadaño,SF,1834784,E. Florez Pascual,SF,0.9,57.0,2.0,4.0,-2.0,84.2,168.4,-84.2
2480197,12,981356,BOSONIT UNIBASKET,AWAY,2819121,H. Forster,SF,2735759,L. Van Schaik,SF,2151019,N. Padrosa Mons,SF,1821692,M. Alonso Guadaño,SF,1834784,E. Florez Pascual,SF,0.3,18.0,0.0,0.0,0.0,0.0,0.0,0.0
2480198,12,979971,OSES CONSTRUCCION,HOME,1044456,M. Asurmendi Villaverde,SF,2432778,J. Mungo Lanzetti,SF,1824910,S. Castro Marrero,SF,2432513,V. Llorente,SF,1593987,M. Recarte Mendive,SF,1.7,102.0,0.0,5.0,-5.0,0.0,117.6,-117.6
2480198,12,979971,OSES CONSTRUCCION,HOME,1044456,M. Asurmendi Villaverde,SF,2432778,J. Mungo Lanzetti,SF,2561102,M. Blanco Morcillo,SF,1824910,S. Castro Marrero,SF,1593987,M. Recarte Mendive,SF,3.5,209.0,5.0,4.0,1.0,57.4,45.9,11.5
2480198,12,979971,OSES CONSTRUCCION,HOME,1044456,M. Asurmendi Villaverde,SF,2432778,J. Mungo Lanzetti,SF,2561102,M. Blanco Morcillo,SF,1824910,S. Castro Marrero,SF,1820835,A. Wone Aranaz,SF,1.9,115.0,0.0,4.0,-4.0,0.0,83.5,-83.5
2480198,12,979971,OSES CONSTRUCCION,HOME,1044456,M. Asurmendi Villaverde,SF,2561102,M. Blanco Morcillo,SF,1824910,S. Castro Marrero,SF,1593987,M. Recarte Mendive,SF,1820835,A. Wone Aranaz,SF,0.4,25.0,0.0,0.0,0.0,0.0,0.0,0.0
2480198,12,979971,OSES CONSTRUCCION,HOME,1044456,M. Asurmendi Villaverde,SF,2561102,M. Blanco Morcillo,SF,1824910,S. Castro Marrero,SF,1593987,M. Recarte Mendive,SF,2432513,V. Llorente,SF,1.8,108.0,2.0,1.0,1.0,44.4,22.2,22.2
2480198,12,979971,OSES CONSTRUCCION,HOME,1044456,M. Asurmendi Villaverde,SF,2561102,M. Blanco Morcillo,SF,1824910,S. Castro Marrero,SF,2432513,V. Llorente,SF,1820835,A. Wone Aranaz,SF,0.1,7.0,0.0,0.0,0.0,0.0,0.0,0.0
2480198,12,979971,OSES CONSTRUCCION,HOME,1588922,L. Gutierrez Lancho,SF,1044456,M. Asurmendi Villaverde,SF,1824910,S. Castro Marrero,SF,1593987,M. Recarte Mendive,SF,1820835,A. Wone Aranaz,SF,2.2,130.0,2.0,0.0,2.0,36.9,0.0,36.9
2480198,12,979971,OSES CONSTRUCCION,HOME,1588922,L. Gutierrez Lancho,SF,1044456,M. Asurmendi Villaverde,SF,1824910,S. Castro Marrero,SF,2432513,V. Llorente,SF,1593987,M. Recarte Mendive,SF,0.7,42.0,6.0,0.0,6.0,342.9,0.0,342.9
2480198,12,979971,OSES CONSTRUCCION,HOME,1588922,L. Gutierrez Lancho,SF,2364706,F. Parra,SF,1044456,M. Asurmendi Villaverde,SF,1593987,M. Recarte Mendive,SF,1820835,A. Wone Aranaz,SF,0.7,39.0,2.0,2.0,0.0,123.1,123.1,0.0
2480198,12,979971,OSES CONSTRUCCION,HOME,1588922,L. Gutierrez Lancho,SF,2364706,F. Parra,SF,1044456,M. Asurmendi Villaverde,SF,2432513,V. Llorente,SF,1593987,M. Recarte Mendive,SF,0.2,14.0,0.0,0.0,0.0,0.0,0.0,0.0
2480198,12,979971,OSES CONSTRUCCION,HOME,1588922,L. Gutierrez Lancho,SF,2364706,F. Parra,SF,2432778,J. Mungo Lanzetti,SF,1593987,M. Recarte Mendive,SF,2165145,A. Valero Elia,SF,2.0,119.0,5.0,2.0,3.0,100.8,40.3,60.5
2480198,12,979971,OSES CONSTRUCCION,HOME,1588922,L. Gutierrez Lancho,SF,2364706,F. Parra,SF,2432778,J. Mungo Lanzetti,SF,1824910,S. Castro Marrero,SF,1593987,M. Recarte Mendive,SF,0.4,25.0,0.0,3.0,-3.0,0.0,288.0,-288.0
2480198,12,979971,OSES CONSTRUCCION,HOME,1588922,L. Gutierrez Lancho,SF,2364706,F. Parra,SF,2432778,J. Mungo Lanzetti,SF,1824910,S. Castro Marrero,SF,1820835,A. Wone Aranaz,SF,2.2,132.0,6.0,3.0,3.0,109.1,54.5,54.5
2480198,12,979971,OSES CONSTRUCCION,HOME,1588922,L. Gutierrez Lancho,SF,2364706,F. Parra,SF,2432778,J. Mungo Lanzetti,SF,1824910,S. Castro Marrero,SF,2432513,V. Llorente,SF,9.0,538.0,24.0,19.0,5.0,107.1,84.8,22.3
2480198,12,979971,OSES CONSTRUCCION,HOME,1588922,L. Gutierrez Lancho,SF,2364706,F. Parra,SF,2561097,A. Diez Pastor,SF,2432778,J. Mungo Lanzetti,SF,1820835,A. Wone Aranaz,SF,2.1,128.0,8.0,4.0,4.0,150.0,75.0,75.0
2480198,12,979971,OSES CONSTRUCCION,HOME,1588922,L. Gutierrez Lancho,SF,2364706,F. Parra,SF,2561097,A. Diez Pastor,SF,2432778,J. Mungo Lanzetti,SF,2432513,V. Llorente,SF,2.3,139.0,4.0,9.0,-5.0,69.1,155.4,-86.3
2480198,12,979971,OSES CONSTRUCCION,HOME,1588922,L. Gutierrez Lancho,SF,2561102,M. Blanco Morcillo,SF,1824910,S. Castro Marrero,SF,2432513,V. Llorente,SF,1820835,A. Wone Aranaz,SF,0.7,44.0,2.0,0.0,2.0,109.1,0.0,109.1
2480198,12,979971,OSES CONSTRUCCION,HOME,2364706,F. Parra,SF,2432778,J. Mungo Lanzetti,SF,1824910,S. Castro Marrero,SF,2561102,M. Blanco Morcillo,SF,1820835,A. Wone Aranaz,SF,1.6,95.0,2.0,2.0,0.0,50.5,50.5,0.0
2480198,12,979971,OSES CONSTRUCCION,HOME,2432778,J. Mungo Lanzetti,SF,1824910,S. Castro Marrero,SF,2561102,M. Blanco Morcillo,SF,2432513,V. Llorente,SF,1593987,M. Recarte Mendive,SF,0.7,42.0,3.0,3.0,0.0,171.4,171.4,0.0
2480198,12,979971,OSES CONSTRUCCION,HOME,2561097,A. Diez Pastor,SF,2432778,J. Mungo Lanzetti,SF,2561102,M. Blanco Morcillo,SF,1820835,A. Wone Aranaz,SF,1882395,A. Elso Aramendia,SF,1.9,116.0,5.0,5.0,0.0,103.4,103.4,0.0
2480198,12,979971,OSES CONSTRUCCION,HOME,2561097,A. Diez Pastor,SF,2432778,J. Mungo Lanzetti,SF,2561102,M. Blanco Morcillo,SF,2432513,V. Llorente,SF,1882395,A. Elso Aramendia,SF,0.7,42.0,2.0,0.0,2.0,114.3,0.0,114.3
2480198,12,979971,OSES CONSTRUCCION,HOME,2561097,A. Diez Pastor,SF,2561102,M. Blanco Morcillo,SF,2432513,V. Llorente,SF,1820835,A. Wone Aranaz,SF,1882395,A. Elso Aramendia,SF,3.1,189.0,4.0,2.0,2.0,50.8,25.4,25.4
2480198,12,981242,C.B. SANTFELIUENC,AWAY,2050086,M. Muñoz Moyano,SF,2748944,A. Meite,SF,2155489,X. Salzmann Romeu,SF,2190844,S. Pares Vilaseca,SF,1752455,I. Conde Duran,SF,5.0,305.0,7.0,9.0,-2.0,55.1,70.8,-15.7
2480198,12,981242,C.B. SANTFELIUENC,AWAY,2050086,M. Muñoz Moyano,SF,2748944,A. Meite,SF,2155489,X. Salzmann Romeu,SF,2190844,S. Pares Vilaseca,SF,2816051,E. Tenbrock,SF,1.6,95.0,2.0,2.0,0.0,50.5,50.5,0.0
2480198,12,981242,C.B. SANTFELIUENC,AWAY,2151715,J. Nogués Martí,SF,2050086,M. Muñoz Moyano,SF,2073654,C. Gil Abad,SF,2155489,X. Salzmann Romeu,SF,1752455,I. Conde Duran,SF,1.0,60.0,1.0,0.0,1.0,40.0,0.0,40.0
2480198,12,981242,C.B. SANTFELIUENC,AWAY,2151715,J. Nogués Martí,SF,2050086,M. Muñoz Moyano,SF,2748944,A. Meite,SF,2155489,X. Salzmann Romeu,SF,1752455,I. Conde Duran,SF,0.2,14.0,0.0,0.0,0.0,0.0,0.0,0.0
2480198,12,981242,C.B. SANTFELIUENC,AWAY,2151715,J. Nogués Martí,SF,2050086,M. Muñoz Moyano,SF,2748944,A. Meite,SF,2816669,A. Marotte,SF,2073654,C. Gil Abad,SF,0.7,39.0,2.0,2.0,0.0,123.1,123.1,0.0
2480198,12,981242,C.B. SANTFELIUENC,AWAY,2151715,J. Nogués Martí,SF,2050086,M. Muñoz Moyano,SF,2816669,A. Marotte,SF,1752455,I. Conde Duran,SF,2073654,C. Gil Abad,SF,2.2,130.0,0.0,2.0,-2.0,0.0,36.9,-36.9
2480198,12,981242,C.B. SANTFELIUENC,AWAY,2151715,J. Nogués Martí,SF,2050086,M. Muñoz Moyano,SF,2816669,A. Marotte,SF,2155489,X. Salzmann Romeu,SF,1752455,I. Conde Duran,SF,6.2,372.0,8.0,7.0,1.0,51.6,45.2,6.5
2480198,12,981242,C.B. SANTFELIUENC,AWAY,2151715,J. Nogués Martí,SF,2050086,M. Muñoz Moyano,SF,2816766,A. Coulibaly,SF,2155489,X. Salzmann Romeu,SF,1752455,I. Conde Duran,SF,1.4,84.0,3.0,2.0,1.0,85.7,57.1,28.6
2480198,12,981242,C.B. SANTFELIUENC,AWAY,2151715,J. Nogués Martí,SF,2050086,M. Muñoz Moyano,SF,2816766,A. Coulibaly,SF,2155489,X. Salzmann Romeu,SF,2816051,E. Tenbrock,SF,0.5,32.0,0.0,3.0,-3.0,0.0,225.0,-225.0
2480198,12,981242,C.B. SANTFELIUENC,AWAY,2151715,J. Nogués Martí,SF,2050086,M. Muñoz Moyano,SF,2816766,A. Coulibaly,SF,2816669,A. Marotte,SF,2816051,E. Tenbrock,SF,3.0,181.0,5.0,11.0,-6.0,66.3,145.9,-79.6
2480198,12,981242,C.B. SANTFELIUENC,AWAY,2151715,J. Nogués Martí,SF,2073654,C. Gil Abad,SF,2155489,X. Salzmann Romeu,SF,2816669,A. Marotte,SF,1752455,I. Conde Duran,SF,1.2,76.0,0.0,2.0,-2.0,0.0,63.2,-63.2
2480198,12,981242,C.B. SANTFELIUENC,AWAY,2151715,J. Nogués Martí,SF,2816669,A. Marotte,SF,1752455,I. Conde Duran,SF,2073654,C. Gil Abad,SF,2816051,E. Tenbrock,SF,3.1,186.0,8.0,9.0,-1.0,103.2,116.1,-12.9
2480198,12,981242,C.B. SANTFELIUENC,AWAY,2151715,J. Nogués Martí,SF,2816766,A. Coulibaly,SF,2073654,C. Gil Abad,SF,2816669,A. Marotte,SF,2816051,E. Tenbrock,SF,6.9,416.0,19.0,17.0,2.0,109.6,98.1,11.5
2480198,12,981242,C.B. SANTFELIUENC,AWAY,2151715,J. Nogués Martí,SF,2816766,A. Coulibaly,SF,2190844,S. Pares Vilaseca,SF,2816669,A. Marotte,SF,1752455,I. Conde Duran,SF,0.7,42.0,0.0,2.0,-2.0,0.0,114.3,-114.3
2480198,12,981242,C.B. SANTFELIUENC,AWAY,2151715,J. Nogués Martí,SF,2816766,A. Coulibaly,SF,2816669,A. Marotte,SF,2073654,C. Gil Abad,SF,2816051,E. Tenbrock,SF,3.5,208.0,8.0,8.0,0.0,92.3,92.3,0.0
2480198,12,981242,C.B. SANTFELIUENC,AWAY,2151715,J. Nogués Martí,SF,2816766,A. Coulibaly,SF,2816669,A. Marotte,SF,2155489,X. Salzmann Romeu,SF,2816051,E. Tenbrock,SF,2.7,160.0,5.0,6.0,-1.0,75.0,90.0,-15.0
2480199,12,979912,DOMUSA TEKNIK ISB,AWAY,1826917,J. Azcue Jauregui,SF,2145033,A. Lizundia Arozena,SF,2818813,E. Lalotte,SF,2137901,M. Otaegi Albizu,SF,2818816,I. Araújo Gouveia Vieira,SF,2.7,160.0,0.0,3.0,-3.0,0.0,45.0,-45.0
2480199,12,979912,DOMUSA TEKNIK ISB,AWAY,1894119,S. Iparraguirre Alustiza,SF,2364470,G. Leaupepe,SF,2021400,M. Gutierrez Ibañez,SF,2818813,E. Lalotte,SF,2818816,I. Araújo Gouveia Vieira,SF,5.1,311.0,10.0,9.0,1.0,77.2,69.5,7.7
2480199,12,979912,DOMUSA TEKNIK ISB,AWAY,2364470,G. Leaupepe,SF,2021400,M. Gutierrez Ibañez,SF,1826917,J. Azcue Jauregui,SF,2818813,E. Lalotte,SF,2818816,I. Araújo Gouveia Vieira,SF,4.3,257.0,0.0,7.0,-7.0,0.0,65.4,-65.4
2480199,12,979912,DOMUSA TEKNIK ISB,AWAY,2735761,B. Tomancova,SF,1826917,J. Azcue Jauregui,SF,2145033,A. Lizundia Arozena,SF,2137901,M. Otaegi Albizu,SF,2818816,I. Araújo Gouveia Vieira,SF,1.1,63.0,0.0,4.0,-4.0,0.0,152.4,-152.4
2480199,12,979912,DOMUSA TEKNIK ISB,AWAY,2735761,B. Tomancova,SF,1894119,S. Iparraguirre Alustiza,SF,2021400,M. Gutierrez Ibañez,SF,2137901,M. Otaegi Albizu,SF,2818816,I. Araújo Gouveia Vieira,SF,0.5,27.0,2.0,0.0,2.0,177.8,0.0,177.8
2480199,12,979912,DOMUSA TEKNIK ISB,AWAY,2735761,B. Tomancova,SF,2021400,M. Gutierrez Ibañez,SF,2145033,A. Lizundia Arozena,SF,2137901,M. Otaegi Albizu,SF,2818816,I. Araújo Gouveia Vieira,SF,1.0,62.0,0.0,1.0,-1.0,0.0,38.7,-38.7
2480199,12,979912,DOMUSA TEKNIK ISB,AWAY,2735761,B. Tomancova,SF,2364470,G. Leaupepe,SF,1826917,J. Azcue Jauregui,SF,2021400,M. Gutierrez Ibañez,SF,1721468,C. Villamor Aparicio,SF,4.6,274.0,6.0,12.0,-6.0,52.6,105.1,-52.6
2480199,12,979912,DOMUSA TEKNIK ISB,AWAY,2735761,B. Tomancova,SF,2364470,G. Leaupepe,SF,2021400,M. Gutierrez Ibañez,SF,2145033,A. Lizundia Arozena,SF,2818816,I. Araújo Gouveia Vieira,SF,2.3,140.0,8.0,8.0,0.0,137.1,137.1,0.0
2480199,12,979912,DOMUSA TEKNIK ISB,AWAY,2818717,S. Van,SF,1894119,S. Iparraguirre Alustiza,SF,1826917,J. Azcue Jauregui,SF,2818813,E. Lalotte,SF,2818816,I. Araújo Gouveia Vieira,SF,1.4,83.0,4.0,0.0,4.0,115.7,0.0,115.7
2480199,12,979912,DOMUSA TEKNIK ISB,AWAY,2818717,S. Van,SF,1894119,S. Iparraguirre Alustiza,SF,2145033,A. Lizundia Arozena,SF,2818813,E. Lalotte,SF,2818816,I. Araújo Gouveia Vieira,SF,6.1,361.0,13.0,13.0,0.0,86.4,86.4,0.0
2480199,12,979912,DOMUSA TEKNIK ISB,AWAY,2818717,S. Van,SF,2364470,G. Leaupepe,SF,1826917,J. Azcue Jauregui,SF,2818813,E. Lalotte,SF,1721468,C. Villamor Aparicio,SF,1.8,106.0,3.0,2.0,1.0,67.9,45.3,22.6
2480199,12,979912,DOMUSA TEKNIK ISB,AWAY,2818717,S. Van,SF,2735761,B. Tomancova,SF,1826917,J. Azcue Jauregui,SF,1721468,C. Villamor Aparicio,SF,2137901,M. Otaegi Albizu,SF,4.7,283.0,8.0,6.0,2.0,67.8,50.9,17.0
2480199,12,979912,DOMUSA TEKNIK ISB,AWAY,2818717,S. Van,SF,2735761,B. Tomancova,SF,1894119,S. Iparraguirre Alustiza,SF,2145033,A. Lizundia Arozena,SF,1721468,C. Villamor Aparicio,SF,1.9,113.0,0.0,5.0,-5.0,0.0,106.2,-106.2
2480199,12,979912,DOMUSA TEKNIK ISB,AWAY,2818717,S. Van,SF,2735761,B. Tomancova,SF,1894119,S. Iparraguirre Alustiza,SF,2364470,G. Leaupepe,SF,1721468,C. Villamor Aparicio,SF,1.7,103.0,2.0,2.0,0.0,46.6,46.6,0.0
2480199,12,979912,DOMUSA TEKNIK ISB,AWAY,2818717,S. Van,SF,2735761,B. Tomancova,SF,2364470,G. Leaupepe,SF,1826917,J. Azcue Jauregui,SF,1721468,C. Villamor Aparicio,SF,1.0,57.0,1.0,2.0,-1.0,42.1,84.2,-42.1
2480199,12,981492,CELTA  FEMXA ZORKA,HOME,2179703,N. Martínez Quintana,SF,2049773,D. Bermejo Escribano,SF,1875311,C. Menendez Torres,SF,2121212,P. Salinas Mascuñana,SF,2814638,J. Kelliher,SF,1.0,54.0,0.0,2.0,-2.0,0.0,88.9,-88.9
2480199,12,981492,CELTA  FEMXA ZORKA,HOME,2179703,N. Martínez Quintana,SF,2049773,D. Bermejo Escribano,SF,2179984,U. Rodríguez Silva,SF,1875311,C. Menendez Torres,SF,2121212,P. Salinas Mascuñana,SF,1.3,80.0,0.0,0.0,0.0,0.0,0.0,0.0
2480199,12,981492,CELTA  FEMXA ZORKA,HOME,2179703,N. Martínez Quintana,SF,2049773,D. Bermejo Escribano,SF,2179984,U. Rodríguez Silva,SF,2815029,J. Thomas,SF,1855646,S. Vidal Acuña,SF,2.4,143.0,2.0,4.0,-2.0,33.6,67.1,-33.6
2480199,12,981492,CELTA  FEMXA ZORKA,HOME,2179703,N. Martínez Quintana,SF,2049773,D. Bermejo Escribano,SF,2179984,U. Rodríguez Silva,SF,2815029,J. Thomas,SF,2121212,P. Salinas Mascuñana,SF,1.9,117.0,4.0,6.0,-2.0,82.1,123.1,-41.0
2480199,12,981492,CELTA  FEMXA ZORKA,HOME,2179703,N. Martínez Quintana,SF,2049773,D. Bermejo Escribano,SF,2815029,J. Thomas,SF,1855646,S. Vidal Acuña,SF,2121212,P. Salinas Mascuñana,SF,1.0,59.0,2.0,0.0,2.0,81.4,0.0,81.4
2480199,12,981492,CELTA  FEMXA ZORKA,HOME,2179703,N. Martínez Quintana,SF,2049773,D. Bermejo Escribano,SF,2815029,J. Thomas,SF,1875311,C. Menendez Torres,SF,1855646,S. Vidal Acuña,SF,2.0,122.0,9.0,6.0,3.0,177.0,118.0,59.0
2480199,12,981492,CELTA  FEMXA ZORKA,HOME,2179703,N. Martínez Quintana,SF,2049773,D. Bermejo Escribano,SF,2815029,J. Thomas,SF,2121212,P. Salinas Mascuñana,SF,2814638,J. Kelliher,SF,0.6,37.0,2.0,0.0,2.0,129.7,0.0,129.7
2480199,12,981492,CELTA  FEMXA ZORKA,HOME,2179703,N. Martínez Quintana,SF,2179984,U. Rodríguez Silva,SF,1875311,C. Menendez Torres,SF,2814638,J. Kelliher,SF,2651124,A. Boquete Manna,SF,2.5,148.0,5.0,8.0,-3.0,81.1,129.7,-48.6
2480199,12,981492,CELTA  FEMXA ZORKA,HOME,2743289,D. Cabrera Baccon,SF,2179703,N. Martínez Quintana,SF,1875311,C. Menendez Torres,SF,2121212,P. Salinas Mascuñana,SF,2814638,J. Kelliher,SF,2.4,141.0,7.0,0.0,7.0,119.1,0.0,119.1
2480199,12,981492,CELTA  FEMXA ZORKA,HOME,2743289,D. Cabrera Baccon,SF,2179703,N. Martínez Quintana,SF,2049773,D. Bermejo Escribano,SF,1875311,C. Menendez Torres,SF,2815029,J. Thomas,SF,5.1,306.0,7.0,6.0,1.0,54.9,47.1,7.8
2480199,12,981492,CELTA  FEMXA ZORKA,HOME,2743289,D. Cabrera Baccon,SF,2179703,N. Martínez Quintana,SF,2049773,D. Bermejo Escribano,SF,2121212,P. Salinas Mascuñana,SF,2651124,A. Boquete Manna,SF,1.8,106.0,2.0,3.0,-1.0,45.3,67.9,-22.6
2480199,12,981492,CELTA  FEMXA ZORKA,HOME,2743289,D. Cabrera Baccon,SF,2179703,N. Martínez Quintana,SF,2049773,D. Bermejo Escribano,SF,2179984,U. Rodríguez Silva,SF,2815029,J. Thomas,SF,2.6,157.0,5.0,4.0,1.0,76.4,61.1,15.3
2480199,12,981492,CELTA  FEMXA ZORKA,HOME,2743289,D. Cabrera Baccon,SF,2179703,N. Martínez Quintana,SF,2049773,D. Bermejo Escribano,SF,2815029,J. Thomas,SF,1855646,S. Vidal Acuña,SF,5.8,346.0,12.0,9.0,3.0,83.2,62.4,20.8
2480199,12,981492,CELTA  FEMXA ZORKA,HOME,2743289,D. Cabrera Baccon,SF,2179703,N. Martínez Quintana,SF,2179984,U. Rodríguez Silva,SF,1875311,C. Menendez Torres,SF,2121212,P. Salinas Mascuñana,SF,5.9,350.0,9.0,2.0,7.0,61.7,13.7,48.0
2480199,12,981492,CELTA  FEMXA ZORKA,HOME,2743289,D. Cabrera Baccon,SF,2179703,N. Martínez Quintana,SF,2179984,U. Rodríguez Silva,SF,1875311,C. Menendez Torres,SF,2815029,J. Thomas,SF,0.5,31.0,2.0,0.0,2.0,154.8,0.0,154.8
2480199,12,981492,CELTA  FEMXA ZORKA,HOME,2743289,D. Cabrera Baccon,SF,2179984,U. Rodríguez Silva,SF,1875311,C. Menendez Torres,SF,2814638,J. Kelliher,SF,2651124,A. Boquete Manna,SF,3.4,203.0,6.0,7.0,-1.0,70.9,82.8,-11.8
2480200,12,979952,LA LAGUNA TOYOTA  ADAREVA,HOME,1128614,I. Arregui Mariezcurrena,SF,1379088,P. Soler Suarez,SF,1884959,M. Luque Caballero,SF,2432295,B. Stevanovic,SF,1613926,M. Gomez Fernandez,SF,17.1,1028.0,26.0,26.0,0.0,60.7,60.7,0.0
2480200,12,979952,LA LAGUNA TOYOTA  ADAREVA,HOME,1128614,I. Arregui Mariezcurrena,SF,1379088,P. Soler Suarez,SF,2246211,L. Yohann Siverio,SF,2432295,B. Stevanovic,SF,1613926,M. Gomez Fernandez,SF,2.6,154.0,2.0,9.0,-7.0,31.2,140.3,-109.1
2480200,12,979952,LA LAGUNA TOYOTA  ADAREVA,HOME,1128614,I. Arregui Mariezcurrena,SF,1379088,P. Soler Suarez,SF,2432295,B. Stevanovic,SF,1613926,M. Gomez Fernandez,SF,2735173,M. Forsyth,SF,1.8,105.0,2.0,3.0,-1.0,45.7,68.6,-22.9
2480200,12,979952,LA LAGUNA TOYOTA  ADAREVA,HOME,1128614,I. Arregui Mariezcurrena,SF,1878753,N. Ibañez Silvestre,SF,2432295,B. Stevanovic,SF,1613926,M. Gomez Fernandez,SF,2735173,M. Forsyth,SF,1.9,111.0,0.0,8.0,-8.0,0.0,173.0,-173.0
2480200,12,979952,LA LAGUNA TOYOTA  ADAREVA,HOME,1128614,I. Arregui Mariezcurrena,SF,1884959,M. Luque Caballero,SF,1379088,P. Soler Suarez,SF,2432295,B. Stevanovic,SF,1613926,M. Gomez Fernandez,SF,7.0,425.0,10.0,7.0,3.0,56.5,39.5,16.9
2480200,12,979952,LA LAGUNA TOYOTA  ADAREVA,HOME,1379088,P. Soler Suarez,SF,2246211,L. Yohann Siverio,SF,2432295,B. Stevanovic,SF,1613926,M. Gomez Fernandez,SF,2735173,M. Forsyth,SF,0.4,23.0,0.0,0.0,0.0,0.0,0.0,0.0
2480200,12,979952,LA LAGUNA TOYOTA  ADAREVA,HOME,1884959,M. Luque Caballero,SF,1379088,P. Soler Suarez,SF,2432295,B. Stevanovic,SF,1613926,M. Gomez Fernandez,SF,2735173,M. Forsyth,SF,4.6,274.0,3.0,6.0,-3.0,26.3,52.6,-26.3
2480200,12,979952,LA LAGUNA TOYOTA  ADAREVA,HOME,2639428,C. Parisi,SF,1128614,I. Arregui Mariezcurrena,SF,1379088,P. Soler Suarez,SF,2432295,B. Stevanovic,SF,1613926,M. Gomez Fernandez,SF,1.5,95.0,6.0,2.0,4.0,151.6,50.5,101.1
2480200,12,979952,LA LAGUNA TOYOTA  ADAREVA,HOME,2639428,C. Parisi,SF,1379088,P. Soler Suarez,SF,1884959,M. Luque Caballero,SF,2432295,B. Stevanovic,SF,1613926,M. Gomez Fernandez,SF,4.2,256.0,8.0,13.0,-5.0,75.0,121.9,-46.9
2480200,12,979952,LA LAGUNA TOYOTA  ADAREVA,HOME,2639428,C. Parisi,SF,1379088,P. Soler Suarez,SF,2246211,L. Yohann Siverio,SF,2432295,B. Stevanovic,SF,1613926,M. Gomez Fernandez,SF,3.7,218.0,10.0,2.0,8.0,110.1,22.0,88.1
2480200,12,979952,LA LAGUNA TOYOTA  ADAREVA,HOME,2639428,C. Parisi,SF,1884959,M. Luque Caballero,SF,2238105,E. García Morales,SF,2432295,B. Stevanovic,SF,1613926,M. Gomez Fernandez,SF,0.2,11.0,3.0,0.0,3.0,654.5,0.0,654.5
2480200,12,981346,LA CORDÁ DE PATERNA NB,AWAY,2049442,I. Broncano Avellaneda,SF,1632609,C. Che Tortola,SF,1687305,L. Segura Moreno,SF,2561096,A. Prim Giro,SF,2031045,M. Galiana Miralles,SF,1.1,63.0,0.0,0.0,0.0,0.0,0.0,0.0
2480200,12,981346,LA CORDÁ DE PATERNA NB,AWAY,2049442,I. Broncano Avellaneda,SF,2173687,M. Llompart Perello,SF,1687305,L. Segura Moreno,SF,2024557,M. Bleda Ortega,SF,2031045,M. Galiana Miralles,SF,1.1,69.0,0.0,5.0,-5.0,0.0,173.9,-173.9
2480200,12,981346,LA CORDÁ DE PATERNA NB,AWAY,2049442,I. Broncano Avellaneda,SF,2653963,A. Traore,SF,1632609,C. Che Tortola,SF,1687305,L. Segura Moreno,SF,2024557,M. Bleda Ortega,SF,1.2,71.0,2.0,2.0,0.0,67.6,67.6,0.0
2480200,12,981346,LA CORDÁ DE PATERNA NB,AWAY,2049442,I. Broncano Avellaneda,SF,2653963,A. Traore,SF,1632609,C. Che Tortola,SF,1687305,L. Segura Moreno,SF,2561096,A. Prim Giro,SF,1.5,90.0,5.0,0.0,5.0,133.3,0.0,133.3
2480200,12,981346,LA CORDÁ DE PATERNA NB,AWAY,2049442,I. Broncano Avellaneda,SF,2653963,A. Traore,SF,1632609,C. Che Tortola,SF,2024557,M. Bleda Ortega,SF,2031045,M. Galiana Miralles,SF,0.5,29.0,0.0,0.0,0.0,0.0,0.0,0.0
2480200,12,981346,LA CORDÁ DE PATERNA NB,AWAY,2049442,I. Broncano Avellaneda,SF,2653963,A. Traore,SF,1632609,C. Che Tortola,SF,2173687,M. Llompart Perello,SF,2071471,P. Saravia Logroño,SF,3.4,205.0,10.0,9.0,1.0,117.1,105.4,11.7
2480200,12,981346,LA CORDÁ DE PATERNA NB,AWAY,2049442,I. Broncano Avellaneda,SF,2653963,A. Traore,SF,2173687,M. Llompart Perello,SF,1687305,L. Segura Moreno,SF,2024557,M. Bleda Ortega,SF,0.8,49.0,2.0,3.0,-1.0,98.0,146.9,-49.0
2480200,12,981346,LA CORDÁ DE PATERNA NB,AWAY,2049442,I. Broncano Avellaneda,SF,2653963,A. Traore,SF,2173687,M. Llompart Perello,SF,1687305,L. Segura Moreno,SF,2071471,P. Saravia Logroño,SF,3.6,216.0,9.0,4.0,5.0,100.0,44.4,55.6
2480200,12,981346,LA CORDÁ DE PATERNA NB,AWAY,2049442,I. Broncano Avellaneda,SF,2796302,P. Gabriel,SF,1632609,C. Che Tortola,SF,1687305,L. Segura Moreno,SF,2561096,A. Prim Giro,SF,0.5,28.0,2.0,2.0,0.0,171.4,171.4,0.0
2480200,12,981346,LA CORDÁ DE PATERNA NB,AWAY,2049442,I. Broncano Avellaneda,SF,2796302,P. Gabriel,SF,1632609,C. Che Tortola,SF,2024557,M. Bleda Ortega,SF,2071471,P. Saravia Logroño,SF,2.0,118.0,0.0,8.0,-8.0,0.0,162.7,-162.7
2480200,12,981346,LA CORDÁ DE PATERNA NB,AWAY,2049442,I. Broncano Avellaneda,SF,2796302,P. Gabriel,SF,1632609,C. Che Tortola,SF,2031045,M. Galiana Miralles,SF,2071471,P. Saravia Logroño,SF,0.3,21.0,2.0,0.0,2.0,228.6,0.0,228.6
2480200,12,981346,LA CORDÁ DE PATERNA NB,AWAY,2049442,I. Broncano Avellaneda,SF,2796302,P. Gabriel,SF,1632609,C. Che Tortola,SF,2561096,A. Prim Giro,SF,2031045,M. Galiana Miralles,SF,4.7,280.0,10.0,4.0,6.0,85.7,34.3,51.4
2480200,12,981346,LA CORDÁ DE PATERNA NB,AWAY,2049442,I. Broncano Avellaneda,SF,2796302,P. Gabriel,SF,1632609,C. Che Tortola,SF,2561096,A. Prim Giro,SF,2071471,P. Saravia Logroño,SF,1.2,72.0,0.0,0.0,0.0,0.0,0.0,0.0
2480200,12,981346,LA CORDÁ DE PATERNA NB,AWAY,2653963,A. Traore,SF,1632609,C. Che Tortola,SF,1687305,L. Segura Moreno,SF,2024557,M. Bleda Ortega,SF,2071471,P. Saravia Logroño,SF,1.9,113.0,4.0,2.0,2.0,85.0,42.5,42.5
2480200,12,981346,LA CORDÁ DE PATERNA NB,AWAY,2653963,A. Traore,SF,1632609,C. Che Tortola,SF,1687305,L. Segura Moreno,SF,2561096,A. Prim Giro,SF,2071471,P. Saravia Logroño,SF,2.1,129.0,2.0,0.0,2.0,37.2,0.0,37.2
2480200,12,981346,LA CORDÁ DE PATERNA NB,AWAY,2653963,A. Traore,SF,1632609,C. Che Tortola,SF,2173687,M. Llompart Perello,SF,1687305,L. Segura Moreno,SF,2071471,P. Saravia Logroño,SF,1.1,64.0,4.0,2.0,2.0,150.0,75.0,75.0
2480200,12,981346,LA CORDÁ DE PATERNA NB,AWAY,2653963,A. Traore,SF,2173687,M. Llompart Perello,SF,1687305,L. Segura Moreno,SF,2024557,M. Bleda Ortega,SF,2071471,P. Saravia Logroño,SF,12.9,780.0,18.0,16.0,2.0,55.4,49.2,6.2
2480200,12,981346,LA CORDÁ DE PATERNA NB,AWAY,2653963,A. Traore,SF,2173687,M. Llompart Perello,SF,1687305,L. Segura Moreno,SF,2561096,A. Prim Giro,SF,2071471,P. Saravia Logroño,SF,2.1,125.0,4.0,6.0,-2.0,76.8,115.2,-38.4
2480200,12,981346,LA CORDÁ DE PATERNA NB,AWAY,2653963,A. Traore,SF,2173687,M. Llompart Perello,SF,2024557,M. Bleda Ortega,SF,2031045,M. Galiana Miralles,SF,2071471,P. Saravia Logroño,SF,0.2,11.0,0.0,3.0,-3.0,0.0,654.5,-654.5
2480200,12,981346,LA CORDÁ DE PATERNA NB,AWAY,2796302,P. Gabriel,SF,2173687,M. Llompart Perello,SF,1687305,L. Segura Moreno,SF,2024557,M. Bleda Ortega,SF,2071471,P. Saravia Logroño,SF,2.8,167.0,2.0,4.0,-2.0,28.7,57.5,-28.7
2480201,13,981206,MCR LIMA-HORTA BARCELONA,HOME,1908281,M. Aguado Tortella,SF,1958425,L. Roig I Salrach,SF,2828941,K. Clark,SF,1959765,J. Rueda Choni,SF,1912814,N. Barrientos Pereira,SF,1.6,93.0,2.0,3.0,-1.0,51.6,77.4,-25.8
2480201,13,981206,MCR LIMA-HORTA BARCELONA,HOME,1908281,M. Aguado Tortella,SF,2828941,K. Clark,SF,1959765,J. Rueda Choni,SF,1958425,L. Roig I Salrach,SF,2042157,C. Ripoll Moya,SF,1.0,63.0,1.0,0.0,1.0,38.1,0.0,38.1
2480201,13,981206,MCR LIMA-HORTA BARCELONA,HOME,1908281,M. Aguado Tortella,SF,2828941,K. Clark,SF,1959765,J. Rueda Choni,SF,1968768,I. Subirats Teruel,SF,1912814,N. Barrientos Pereira,SF,0.2,14.0,2.0,2.0,0.0,342.9,342.9,0.0
2480201,13,981206,MCR LIMA-HORTA BARCELONA,HOME,1908281,M. Aguado Tortella,SF,2828941,K. Clark,SF,1959765,J. Rueda Choni,SF,1968768,I. Subirats Teruel,SF,1958425,L. Roig I Salrach,SF,1.9,112.0,2.0,3.0,-1.0,42.9,64.3,-21.4
2480201,13,981206,MCR LIMA-HORTA BARCELONA,HOME,2049841,E. Trawally Porta,SF,1908281,M. Aguado Tortella,SF,2828941,K. Clark,SF,1959765,J. Rueda Choni,SF,1912814,N. Barrientos Pereira,SF,1.3,76.0,0.0,5.0,-5.0,0.0,157.9,-157.9
2480201,13,981206,MCR LIMA-HORTA BARCELONA,HOME,2049841,E. Trawally Porta,SF,2828941,K. Clark,SF,1959765,J. Rueda Choni,SF,1968768,I. Subirats Teruel,SF,1912814,N. Barrientos Pereira,SF,1.6,99.0,2.0,2.0,0.0,48.5,48.5,0.0
2480201,13,981206,MCR LIMA-HORTA BARCELONA,HOME,2235190,E. Morales López,SF,1908281,M. Aguado Tortella,SF,1958425,L. Roig I Salrach,SF,1959765,J. Rueda Choni,SF,1968768,I. Subirats Teruel,SF,2.7,161.0,0.0,0.0,0.0,0.0,0.0,0.0
2480201,13,981206,MCR LIMA-HORTA BARCELONA,HOME,2235190,E. Morales López,SF,1908281,M. Aguado Tortella,SF,1958425,L. Roig I Salrach,SF,1968768,I. Subirats Teruel,SF,1912814,N. Barrientos Pereira,SF,1.1,67.0,0.0,2.0,-2.0,0.0,71.6,-71.6
2480201,13,981206,MCR LIMA-HORTA BARCELONA,HOME,2235190,E. Morales López,SF,1908281,M. Aguado Tortella,SF,1959765,J. Rueda Choni,SF,1958425,L. Roig I Salrach,SF,2042157,C. Ripoll Moya,SF,1.9,114.0,1.0,3.0,-2.0,21.1,63.2,-42.1
2480201,13,981206,MCR LIMA-HORTA BARCELONA,HOME,2235190,E. Morales López,SF,1908281,M. Aguado Tortella,SF,1959765,J. Rueda Choni,SF,1968768,I. Subirats Teruel,SF,1912814,N. Barrientos Pereira,SF,2.1,125.0,2.0,5.0,-3.0,38.4,96.0,-57.6
2480201,13,981206,MCR LIMA-HORTA BARCELONA,HOME,2235190,E. Morales López,SF,1958425,L. Roig I Salrach,SF,1968768,I. Subirats Teruel,SF,1886093,E. Escuder Gonzalez,SF,1912814,N. Barrientos Pereira,SF,1.8,106.0,5.0,0.0,5.0,113.2,0.0,113.2
2480201,13,981206,MCR LIMA-HORTA BARCELONA,HOME,2235190,E. Morales López,SF,1959765,J. Rueda Choni,SF,1968768,I. Subirats Teruel,SF,1886093,E. Escuder Gonzalez,SF,1912814,N. Barrientos Pereira,SF,1.5,91.0,3.0,0.0,3.0,79.1,0.0,79.1
2480201,13,981206,MCR LIMA-HORTA BARCELONA,HOME,2235190,E. Morales López,SF,2049841,E. Trawally Porta,SF,1908281,M. Aguado Tortella,SF,1958425,L. Roig I Salrach,SF,1959765,J. Rueda Choni,SF,1.7,99.0,3.0,5.0,-2.0,72.7,121.2,-48.5
2480201,13,981206,MCR LIMA-HORTA BARCELONA,HOME,2235190,E. Morales López,SF,2049841,E. Trawally Porta,SF,1908281,M. Aguado Tortella,SF,1959765,J. Rueda Choni,SF,1958425,L. Roig I Salrach,SF,0.8,44.0,3.0,0.0,3.0,163.6,0.0,163.6
2480201,13,981206,MCR LIMA-HORTA BARCELONA,HOME,2235190,E. Morales López,SF,2049841,E. Trawally Porta,SF,1908281,M. Aguado Tortella,SF,1959765,J. Rueda Choni,SF,1968768,I. Subirats Teruel,SF,6.5,394.0,13.0,16.0,-3.0,79.2,97.5,-18.3
2480201,13,981206,MCR LIMA-HORTA BARCELONA,HOME,2235190,E. Morales López,SF,2049841,E. Trawally Porta,SF,1958425,L. Roig I Salrach,SF,1959765,J. Rueda Choni,SF,1968768,I. Subirats Teruel,SF,4.9,297.0,4.0,6.0,-2.0,32.3,48.5,-16.2
2480201,13,981206,MCR LIMA-HORTA BARCELONA,HOME,2235190,E. Morales López,SF,2049841,E. Trawally Porta,SF,1959765,J. Rueda Choni,SF,1968768,I. Subirats Teruel,SF,1912814,N. Barrientos Pereira,SF,7.4,445.0,13.0,10.0,3.0,70.1,53.9,16.2
2480201,13,981346,LA CORDÁ DE PATERNA NB,AWAY,1632609,C. Che Tortola,SF,1687305,L. Segura Moreno,SF,2024557,M. Bleda Ortega,SF,2031045,M. Galiana Miralles,SF,2071471,P. Saravia Logroño,SF,2.9,176.0,7.0,4.0,3.0,95.5,54.5,40.9
2480201,13,981346,LA CORDÁ DE PATERNA NB,AWAY,1632609,C. Che Tortola,SF,2173687,M. Llompart Perello,SF,1687305,L. Segura Moreno,SF,2031045,M. Galiana Miralles,SF,2071471,P. Saravia Logroño,SF,3.1,188.0,5.0,0.0,5.0,63.8,0.0,63.8
2480201,13,981346,LA CORDÁ DE PATERNA NB,AWAY,2049442,I. Broncano Avellaneda,SF,1632609,C. Che Tortola,SF,1687305,L. Segura Moreno,SF,2024557,M. Bleda Ortega,SF,2031045,M. Galiana Miralles,SF,0.8,49.0,3.0,2.0,1.0,146.9,98.0,49.0
2480201,13,981346,LA CORDÁ DE PATERNA NB,AWAY,2049442,I. Broncano Avellaneda,SF,1632609,C. Che Tortola,SF,2173687,M. Llompart Perello,SF,1687305,L. Segura Moreno,SF,2031045,M. Galiana Miralles,SF,0.8,48.0,0.0,0.0,0.0,0.0,0.0,0.0
2480201,13,981346,LA CORDÁ DE PATERNA NB,AWAY,2049442,I. Broncano Avellaneda,SF,2163606,C. Sancho Mauri,SF,1632609,C. Che Tortola,SF,2024557,M. Bleda Ortega,SF,2031045,M. Galiana Miralles,SF,0.3,16.0,2.0,0.0,2.0,300.0,0.0,300.0
2480201,13,981346,LA CORDÁ DE PATERNA NB,AWAY,2049442,I. Broncano Avellaneda,SF,2163606,C. Sancho Mauri,SF,2173687,M. Llompart Perello,SF,2024557,M. Bleda Ortega,SF,2031045,M. Galiana Miralles,SF,1.3,81.0,0.0,3.0,-3.0,0.0,88.9,-88.9
2480201,13,981346,LA CORDÁ DE PATERNA NB,AWAY,2049442,I. Broncano Avellaneda,SF,2173687,M. Llompart Perello,SF,1687305,L. Segura Moreno,SF,2031045,M. Galiana Miralles,SF,2071471,P. Saravia Logroño,SF,0.5,29.0,0.0,0.0,0.0,0.0,0.0,0.0
2480201,13,981346,LA CORDÁ DE PATERNA NB,AWAY,2049442,I. Broncano Avellaneda,SF,2653963,A. Traore,SF,1632609,C. Che Tortola,SF,1687305,L. Segura Moreno,SF,2024557,M. Bleda Ortega,SF,0.7,41.0,0.0,0.0,0.0,0.0,0.0,0.0
2480201,13,981346,LA CORDÁ DE PATERNA NB,AWAY,2049442,I. Broncano Avellaneda,SF,2653963,A. Traore,SF,2173687,M. Llompart Perello,SF,1687305,L. Segura Moreno,SF,2024557,M. Bleda Ortega,SF,1.6,92.0,2.0,4.0,-2.0,52.2,104.3,-52.2
2480201,13,981346,LA CORDÁ DE PATERNA NB,AWAY,2049442,I. Broncano Avellaneda,SF,2796302,P. Gabriel,SF,1632609,C. Che Tortola,SF,1687305,L. Segura Moreno,SF,2024557,M. Bleda Ortega,SF,0.2,14.0,2.0,2.0,0.0,342.9,342.9,0.0
2480201,13,981346,LA CORDÁ DE PATERNA NB,AWAY,2049442,I. Broncano Avellaneda,SF,2796302,P. Gabriel,SF,2173687,M. Llompart Perello,SF,1687305,L. Segura Moreno,SF,2024557,M. Bleda Ortega,SF,6.6,396.0,4.0,12.0,-8.0,24.2,72.7,-48.5
2480201,13,981346,LA CORDÁ DE PATERNA NB,AWAY,2653963,A. Traore,SF,1632609,C. Che Tortola,SF,1687305,L. Segura Moreno,SF,2024557,M. Bleda Ortega,SF,2071471,P. Saravia Logroño,SF,7.9,470.0,13.0,13.0,0.0,66.4,66.4,0.0
2480201,13,981346,LA CORDÁ DE PATERNA NB,AWAY,2653963,A. Traore,SF,1632609,C. Che Tortola,SF,1687305,L. Segura Moreno,SF,2024557,M. Bleda Ortega,SF,2561096,A. Prim Giro,SF,4.9,297.0,7.0,10.0,-3.0,56.6,80.8,-24.2
2480201,13,981346,LA CORDÁ DE PATERNA NB,AWAY,2653963,A. Traore,SF,1632609,C. Che Tortola,SF,2173687,M. Llompart Perello,SF,1687305,L. Segura Moreno,SF,2024557,M. Bleda Ortega,SF,0.7,41.0,5.0,1.0,4.0,292.7,58.5,234.1
2480201,13,981346,LA CORDÁ DE PATERNA NB,AWAY,2653963,A. Traore,SF,2049442,I. Broncano Avellaneda,SF,1632609,C. Che Tortola,SF,2024557,M. Bleda Ortega,SF,2071471,P. Saravia Logroño,SF,0.9,53.0,3.0,2.0,1.0,135.8,90.6,45.3
2480201,13,981346,LA CORDÁ DE PATERNA NB,AWAY,2653963,A. Traore,SF,2163606,C. Sancho Mauri,SF,1632609,C. Che Tortola,SF,1687305,L. Segura Moreno,SF,2071471,P. Saravia Logroño,SF,0.4,26.0,0.0,1.0,-1.0,0.0,92.3,-92.3
2480201,13,981346,LA CORDÁ DE PATERNA NB,AWAY,2653963,A. Traore,SF,2163606,C. Sancho Mauri,SF,1632609,C. Che Tortola,SF,2031045,M. Galiana Miralles,SF,2071471,P. Saravia Logroño,SF,1.9,112.0,3.0,2.0,1.0,64.3,42.9,21.4
2480201,13,981346,LA CORDÁ DE PATERNA NB,AWAY,2653963,A. Traore,SF,2163606,C. Sancho Mauri,SF,1632609,C. Che Tortola,SF,2173687,M. Llompart Perello,SF,1687305,L. Segura Moreno,SF,1.6,98.0,3.0,0.0,3.0,73.5,0.0,73.5
2480201,13,981346,LA CORDÁ DE PATERNA NB,AWAY,2796302,P. Gabriel,SF,2049442,I. Broncano Avellaneda,SF,1632609,C. Che Tortola,SF,2024557,M. Bleda Ortega,SF,2071471,P. Saravia Logroño,SF,1.2,70.0,0.0,0.0,0.0,0.0,0.0,0.0
2480201,13,981346,LA CORDÁ DE PATERNA NB,AWAY,2796302,P. Gabriel,SF,2049442,I. Broncano Avellaneda,SF,2173687,M. Llompart Perello,SF,1687305,L. Segura Moreno,SF,2071471,P. Saravia Logroño,SF,1.7,103.0,3.0,0.0,3.0,69.9,0.0,69.9
2480202,13,979912,DOMUSA TEKNIK ISB,HOME,1894119,S. Iparraguirre Alustiza,SF,1826917,J. Azcue Jauregui,SF,2021400,M. Gutierrez Ibañez,SF,2818813,E. Lalotte,SF,1721468,C. Villamor Aparicio,SF,0.6,33.0,0.0,4.0,-4.0,0.0,290.9,-290.9
2480202,13,979912,DOMUSA TEKNIK ISB,HOME,1894119,S. Iparraguirre Alustiza,SF,1826917,J. Azcue Jauregui,SF,2021400,M. Gutierrez Ibañez,SF,2818813,E. Lalotte,SF,2818816,I. Araújo Gouveia Vieira,SF,5.0,301.0,14.0,21.0,-7.0,111.6,167.4,-55.8
2480202,13,979912,DOMUSA TEKNIK ISB,HOME,2364470,G. Leaupepe,SF,1826917,J. Azcue Jauregui,SF,2021400,M. Gutierrez Ibañez,SF,2818813,E. Lalotte,SF,2818816,I. Araújo Gouveia Vieira,SF,2.1,125.0,4.0,3.0,1.0,76.8,57.6,19.2
2480202,13,979912,DOMUSA TEKNIK ISB,HOME,2364470,G. Leaupepe,SF,1826917,J. Azcue Jauregui,SF,2818813,E. Lalotte,SF,2021400,M. Gutierrez Ibañez,SF,2818816,I. Araújo Gouveia Vieira,SF,6.5,392.0,12.0,7.0,5.0,73.5,42.9,30.6
2480202,13,979912,DOMUSA TEKNIK ISB,HOME,2478361,N. Arozena Illarramendi,SF,1826917,J. Azcue Jauregui,SF,2021400,M. Gutierrez Ibañez,SF,2137901,M. Otaegi Albizu,SF,2818816,I. Araújo Gouveia Vieira,SF,0.2,15.0,3.0,0.0,3.0,480.0,0.0,480.0
2480202,13,979912,DOMUSA TEKNIK ISB,HOME,2478361,N. Arozena Illarramendi,SF,1894119,S. Iparraguirre Alustiza,SF,1826917,J. Azcue Jauregui,SF,2818813,E. Lalotte,SF,1721468,C. Villamor Aparicio,SF,1.7,102.0,5.0,7.0,-2.0,117.6,164.7,-47.1
2480202,13,979912,DOMUSA TEKNIK ISB,HOME,2478361,N. Arozena Illarramendi,SF,1894119,S. Iparraguirre Alustiza,SF,2145033,A. Lizundia Arozena,SF,2818813,E. Lalotte,SF,1721468,C. Villamor Aparicio,SF,0.5,31.0,0.0,2.0,-2.0,0.0,154.8,-154.8
2480202,13,979912,DOMUSA TEKNIK ISB,HOME,2478361,N. Arozena Illarramendi,SF,2364470,G. Leaupepe,SF,1826917,J. Azcue Jauregui,SF,2021400,M. Gutierrez Ibañez,SF,2818816,I. Araújo Gouveia Vieira,SF,2.6,154.0,1.0,5.0,-4.0,15.6,77.9,-62.3
2480202,13,979912,DOMUSA TEKNIK ISB,HOME,2818717,S. Van,SF,1894119,S. Iparraguirre Alustiza,SF,1826917,J. Azcue Jauregui,SF,2818813,E. Lalotte,SF,2818816,I. Araújo Gouveia Vieira,SF,1.0,59.0,4.0,3.0,1.0,162.7,122.0,40.7
2480202,13,979912,DOMUSA TEKNIK ISB,HOME,2818717,S. Van,SF,1894119,S. Iparraguirre Alustiza,SF,2021400,M. Gutierrez Ibañez,SF,2818813,E. Lalotte,SF,2818816,I. Araújo Gouveia Vieira,SF,2.8,168.0,7.0,3.0,4.0,100.0,42.9,57.1
2480202,13,979912,DOMUSA TEKNIK ISB,HOME,2818717,S. Van,SF,1894119,S. Iparraguirre Alustiza,SF,2145033,A. Lizundia Arozena,SF,2818813,E. Lalotte,SF,2818816,I. Araújo Gouveia Vieira,SF,3.6,214.0,7.0,11.0,-4.0,78.5,123.4,-44.9
2480202,13,979912,DOMUSA TEKNIK ISB,HOME,2818717,S. Van,SF,2364470,G. Leaupepe,SF,2145033,A. Lizundia Arozena,SF,2818813,E. Lalotte,SF,1721468,C. Villamor Aparicio,SF,1.3,78.0,0.0,3.0,-3.0,0.0,92.3,-92.3
2480202,13,979912,DOMUSA TEKNIK ISB,HOME,2818717,S. Van,SF,2478361,N. Arozena Illarramendi,SF,1894119,S. Iparraguirre Alustiza,SF,2145033,A. Lizundia Arozena,SF,1721468,C. Villamor Aparicio,SF,2.3,140.0,5.0,4.0,1.0,85.7,68.6,17.1
2480202,13,979912,DOMUSA TEKNIK ISB,HOME,2818717,S. Van,SF,2478361,N. Arozena Illarramendi,SF,1894119,S. Iparraguirre Alustiza,SF,2145033,A. Lizundia Arozena,SF,2818816,I. Araújo Gouveia Vieira,SF,1.6,94.0,5.0,4.0,1.0,127.7,102.1,25.5
2480202,13,979912,DOMUSA TEKNIK ISB,HOME,2818717,S. Van,SF,2478361,N. Arozena Illarramendi,SF,2364470,G. Leaupepe,SF,2145033,A. Lizundia Arozena,SF,1721468,C. Villamor Aparicio,SF,8.3,494.0,23.0,7.0,16.0,111.7,34.0,77.7
2480202,13,979952,LA LAGUNA TOYOTA  ADAREVA,AWAY,1128614,I. Arregui Mariezcurrena,SF,1379088,P. Soler Suarez,SF,1884959,M. Luque Caballero,SF,2432295,B. Stevanovic,SF,1613926,M. Gomez Fernandez,SF,2.1,125.0,3.0,7.0,-4.0,57.6,134.4,-76.8
2480202,13,979952,LA LAGUNA TOYOTA  ADAREVA,AWAY,1128614,I. Arregui Mariezcurrena,SF,1379088,P. Soler Suarez,SF,1884959,M. Luque Caballero,SF,2432295,B. Stevanovic,SF,2735173,M. Forsyth,SF,13.6,816.0,30.0,28.0,2.0,88.2,82.4,5.9
2480202,13,979952,LA LAGUNA TOYOTA  ADAREVA,AWAY,1128614,I. Arregui Mariezcurrena,SF,1379088,P. Soler Suarez,SF,2432295,B. Stevanovic,SF,1613926,M. Gomez Fernandez,SF,2735173,M. Forsyth,SF,2.9,173.0,4.0,5.0,-1.0,55.5,69.4,-13.9
2480202,13,979952,LA LAGUNA TOYOTA  ADAREVA,AWAY,1128614,I. Arregui Mariezcurrena,SF,1884959,M. Luque Caballero,SF,1878753,N. Ibañez Silvestre,SF,2432295,B. Stevanovic,SF,1613926,M. Gomez Fernandez,SF,2.2,133.0,0.0,6.0,-6.0,0.0,108.3,-108.3
2480202,13,979952,LA LAGUNA TOYOTA  ADAREVA,AWAY,1128614,I. Arregui Mariezcurrena,SF,1884959,M. Luque Caballero,SF,2432295,B. Stevanovic,SF,1613926,M. Gomez Fernandez,SF,2735173,M. Forsyth,SF,0.6,34.0,2.0,2.0,0.0,141.2,141.2,0.0
2480202,13,979952,LA LAGUNA TOYOTA  ADAREVA,AWAY,1379088,P. Soler Suarez,SF,1884959,M. Luque Caballero,SF,1878753,N. Ibañez Silvestre,SF,1613926,M. Gomez Fernandez,SF,2735173,M. Forsyth,SF,2.5,155.0,11.0,0.0,11.0,170.3,0.0,170.3
2480202,13,979952,LA LAGUNA TOYOTA  ADAREVA,AWAY,1379088,P. Soler Suarez,SF,1884959,M. Luque Caballero,SF,2432295,B. Stevanovic,SF,1613926,M. Gomez Fernandez,SF,2735173,M. Forsyth,SF,5.7,338.0,12.0,20.0,-8.0,85.2,142.0,-56.8
2480202,13,979952,LA LAGUNA TOYOTA  ADAREVA,AWAY,1884959,M. Luque Caballero,SF,1878753,N. Ibañez Silvestre,SF,2432295,B. Stevanovic,SF,1613926,M. Gomez Fernandez,SF,2735173,M. Forsyth,SF,1.1,65.0,0.0,5.0,-5.0,0.0,184.6,-184.6
2480202,13,979952,LA LAGUNA TOYOTA  ADAREVA,AWAY,2639428,C. Parisi,SF,1379088,P. Soler Suarez,SF,1884959,M. Luque Caballero,SF,2432295,B. Stevanovic,SF,1613926,M. Gomez Fernandez,SF,1.3,76.0,3.0,2.0,1.0,94.7,63.2,31.6
2480202,13,979952,LA LAGUNA TOYOTA  ADAREVA,AWAY,2639428,C. Parisi,SF,1379088,P. Soler Suarez,SF,1884959,M. Luque Caballero,SF,2432295,B. Stevanovic,SF,2735173,M. Forsyth,SF,2.0,123.0,4.0,5.0,-1.0,78.0,97.6,-19.5
2480202,13,979952,LA LAGUNA TOYOTA  ADAREVA,AWAY,2639428,C. Parisi,SF,1379088,P. Soler Suarez,SF,2432295,B. Stevanovic,SF,1613926,M. Gomez Fernandez,SF,2735173,M. Forsyth,SF,1.9,114.0,6.0,4.0,2.0,126.3,84.2,42.1
2480202,13,979952,LA LAGUNA TOYOTA  ADAREVA,AWAY,2639428,C. Parisi,SF,1884959,M. Luque Caballero,SF,1878753,N. Ibañez Silvestre,SF,2432295,B. Stevanovic,SF,1613926,M. Gomez Fernandez,SF,4.2,248.0,9.0,6.0,3.0,87.1,58.1,29.0
2480203,13,981242,C.B. SANTFELIUENC,HOME,2050086,M. Muñoz Moyano,SF,2190844,S. Pares Vilaseca,SF,2816669,A. Marotte,SF,1752455,I. Conde Duran,SF,2816051,E. Tenbrock,SF,3.4,206.0,7.0,8.0,-1.0,81.6,93.2,-11.7
2480203,13,981242,C.B. SANTFELIUENC,HOME,2050086,M. Muñoz Moyano,SF,2816053,A. Tibe,SF,2190844,S. Pares Vilaseca,SF,2816669,A. Marotte,SF,1752455,I. Conde Duran,SF,0.7,41.0,0.0,0.0,0.0,0.0,0.0,0.0
2480203,13,981242,C.B. SANTFELIUENC,HOME,2050086,M. Muñoz Moyano,SF,2816053,A. Tibe,SF,2190844,S. Pares Vilaseca,SF,2816669,A. Marotte,SF,2816051,E. Tenbrock,SF,1.8,109.0,2.0,5.0,-3.0,44.0,110.1,-66.1
2480203,13,981242,C.B. SANTFELIUENC,HOME,2151715,J. Nogués Martí,SF,2050086,M. Muñoz Moyano,SF,2155489,X. Salzmann Romeu,SF,2073654,C. Gil Abad,SF,2816051,E. Tenbrock,SF,1.1,64.0,0.0,0.0,0.0,0.0,0.0,0.0
2480203,13,981242,C.B. SANTFELIUENC,HOME,2151715,J. Nogués Martí,SF,2050086,M. Muñoz Moyano,SF,2155489,X. Salzmann Romeu,SF,2190844,S. Pares Vilaseca,SF,2816051,E. Tenbrock,SF,0.3,16.0,3.0,2.0,1.0,450.0,300.0,150.0
2480203,13,981242,C.B. SANTFELIUENC,HOME,2151715,J. Nogués Martí,SF,2050086,M. Muñoz Moyano,SF,2816053,A. Tibe,SF,2816669,A. Marotte,SF,1752455,I. Conde Duran,SF,0.6,37.0,2.0,2.0,0.0,129.7,129.7,0.0
2480203,13,981242,C.B. SANTFELIUENC,HOME,2151715,J. Nogués Martí,SF,2050086,M. Muñoz Moyano,SF,2816669,A. Marotte,SF,1752455,I. Conde Duran,SF,2816051,E. Tenbrock,SF,5.0,299.0,10.0,5.0,5.0,80.3,40.1,40.1
2480203,13,981242,C.B. SANTFELIUENC,HOME,2151715,J. Nogués Martí,SF,2155489,X. Salzmann Romeu,SF,1752455,I. Conde Duran,SF,2073654,C. Gil Abad,SF,2816051,E. Tenbrock,SF,2.1,124.0,3.0,7.0,-4.0,58.1,135.5,-77.4
2480203,13,981242,C.B. SANTFELIUENC,HOME,2151715,J. Nogués Martí,SF,2155489,X. Salzmann Romeu,SF,2190844,S. Pares Vilaseca,SF,2816669,A. Marotte,SF,1752455,I. Conde Duran,SF,2.0,117.0,3.0,4.0,-1.0,61.5,82.1,-20.5
2480203,13,981242,C.B. SANTFELIUENC,HOME,2151715,J. Nogués Martí,SF,2155489,X. Salzmann Romeu,SF,2816669,A. Marotte,SF,1752455,I. Conde Duran,SF,2073654,C. Gil Abad,SF,3.9,235.0,8.0,12.0,-4.0,81.7,122.6,-40.9
2480203,13,981242,C.B. SANTFELIUENC,HOME,2151715,J. Nogués Martí,SF,2190844,S. Pares Vilaseca,SF,1752455,I. Conde Duran,SF,2073654,C. Gil Abad,SF,2816051,E. Tenbrock,SF,2.6,159.0,3.0,2.0,1.0,45.3,30.2,15.1
2480203,13,981242,C.B. SANTFELIUENC,HOME,2151715,J. Nogués Martí,SF,2190844,S. Pares Vilaseca,SF,2816669,A. Marotte,SF,1752455,I. Conde Duran,SF,2816051,E. Tenbrock,SF,5.5,329.0,13.0,17.0,-4.0,94.8,124.0,-29.2
2480203,13,981242,C.B. SANTFELIUENC,HOME,2151715,J. Nogués Martí,SF,2816053,A. Tibe,SF,2155489,X. Salzmann Romeu,SF,1752455,I. Conde Duran,SF,2073654,C. Gil Abad,SF,6.1,366.0,9.0,10.0,-1.0,59.0,65.6,-6.6
2480203,13,981242,C.B. SANTFELIUENC,HOME,2155489,X. Salzmann Romeu,SF,2190844,S. Pares Vilaseca,SF,2816669,A. Marotte,SF,1752455,I. Conde Duran,SF,2073654,C. Gil Abad,SF,3.6,220.0,3.0,0.0,3.0,32.7,0.0,32.7
2480203,13,981242,C.B. SANTFELIUENC,HOME,2190844,S. Pares Vilaseca,SF,2816669,A. Marotte,SF,1752455,I. Conde Duran,SF,2073654,C. Gil Abad,SF,2816051,E. Tenbrock,SF,1.3,78.0,2.0,4.0,-2.0,61.5,123.1,-61.5
2480203,13,981492,CELTA  FEMXA ZORKA,AWAY,2049773,D. Bermejo Escribano,SF,2276545,M. Vizmanos Iglesis,SF,2815029,J. Thomas,SF,2121212,P. Salinas Mascuñana,SF,2814638,J. Kelliher,SF,2.1,127.0,4.0,5.0,-1.0,75.6,94.5,-18.9
2480203,13,981492,CELTA  FEMXA ZORKA,AWAY,2179703,N. Martínez Quintana,SF,1875311,C. Menendez Torres,SF,2815029,J. Thomas,SF,2121212,P. Salinas Mascuñana,SF,2814638,J. Kelliher,SF,0.3,16.0,2.0,3.0,-1.0,300.0,450.0,-150.0
2480203,13,981492,CELTA  FEMXA ZORKA,AWAY,2179703,N. Martínez Quintana,SF,2049773,D. Bermejo Escribano,SF,1875311,C. Menendez Torres,SF,2121212,P. Salinas Mascuñana,SF,2814638,J. Kelliher,SF,2.7,161.0,5.0,6.0,-1.0,74.5,89.4,-14.9
2480203,13,981492,CELTA  FEMXA ZORKA,AWAY,2179703,N. Martínez Quintana,SF,2049773,D. Bermejo Escribano,SF,1875311,C. Menendez Torres,SF,2815029,J. Thomas,SF,2121212,P. Salinas Mascuñana,SF,2.0,117.0,4.0,3.0,1.0,82.1,61.5,20.5
2480203,13,981492,CELTA  FEMXA ZORKA,AWAY,2179703,N. Martínez Quintana,SF,2049773,D. Bermejo Escribano,SF,2179984,U. Rodríguez Silva,SF,2276545,M. Vizmanos Iglesis,SF,2815029,J. Thomas,SF,0.9,56.0,0.0,0.0,0.0,0.0,0.0,0.0
2480203,13,981492,CELTA  FEMXA ZORKA,AWAY,2179703,N. Martínez Quintana,SF,2049773,D. Bermejo Escribano,SF,2179984,U. Rodríguez Silva,SF,2815029,J. Thomas,SF,2121212,P. Salinas Mascuñana,SF,1.8,108.0,5.0,3.0,2.0,111.1,66.7,44.4
2480203,13,981492,CELTA  FEMXA ZORKA,AWAY,2179703,N. Martínez Quintana,SF,2049773,D. Bermejo Escribano,SF,2815029,J. Thomas,SF,2121212,P. Salinas Mascuñana,SF,2814638,J. Kelliher,SF,4.0,244.0,10.0,4.0,6.0,98.4,39.3,59.0
2480203,13,981492,CELTA  FEMXA ZORKA,AWAY,2743289,D. Cabrera Baccon,SF,2049773,D. Bermejo Escribano,SF,2276545,M. Vizmanos Iglesis,SF,2121212,P. Salinas Mascuñana,SF,2651124,A. Boquete Manna,SF,2.2,131.0,2.0,6.0,-4.0,36.6,109.9,-73.3
2480203,13,981492,CELTA  FEMXA ZORKA,AWAY,2743289,D. Cabrera Baccon,SF,2049773,D. Bermejo Escribano,SF,2276545,M. Vizmanos Iglesis,SF,2815029,J. Thomas,SF,2121212,P. Salinas Mascuñana,SF,0.4,23.0,0.0,0.0,0.0,0.0,0.0,0.0
2480203,13,981492,CELTA  FEMXA ZORKA,AWAY,2743289,D. Cabrera Baccon,SF,2179703,N. Martínez Quintana,SF,1875311,C. Menendez Torres,SF,2121212,P. Salinas Mascuñana,SF,2814638,J. Kelliher,SF,4.4,262.0,12.0,10.0,2.0,109.9,91.6,18.3
2480203,13,981492,CELTA  FEMXA ZORKA,AWAY,2743289,D. Cabrera Baccon,SF,2179703,N. Martínez Quintana,SF,2049773,D. Bermejo Escribano,SF,1875311,C. Menendez Torres,SF,2121212,P. Salinas Mascuñana,SF,2.2,132.0,5.0,5.0,0.0,90.9,90.9,0.0
2480203,13,981492,CELTA  FEMXA ZORKA,AWAY,2743289,D. Cabrera Baccon,SF,2179703,N. Martínez Quintana,SF,2049773,D. Bermejo Escribano,SF,1875311,C. Menendez Torres,SF,2815029,J. Thomas,SF,1.2,73.0,0.0,2.0,-2.0,0.0,65.8,-65.8
2480203,13,981492,CELTA  FEMXA ZORKA,AWAY,2743289,D. Cabrera Baccon,SF,2179703,N. Martínez Quintana,SF,2049773,D. Bermejo Escribano,SF,2179984,U. Rodríguez Silva,SF,2121212,P. Salinas Mascuñana,SF,0.7,40.0,3.0,2.0,1.0,180.0,120.0,60.0
2480203,13,981492,CELTA  FEMXA ZORKA,AWAY,2743289,D. Cabrera Baccon,SF,2179703,N. Martínez Quintana,SF,2049773,D. Bermejo Escribano,SF,2179984,U. Rodríguez Silva,SF,2276545,M. Vizmanos Iglesis,SF,4.8,291.0,7.0,8.0,-1.0,57.7,66.0,-8.2
2480203,13,981492,CELTA  FEMXA ZORKA,AWAY,2743289,D. Cabrera Baccon,SF,2179703,N. Martínez Quintana,SF,2179984,U. Rodríguez Silva,SF,1875311,C. Menendez Torres,SF,2121212,P. Salinas Mascuñana,SF,5.8,347.0,9.0,6.0,3.0,62.2,41.5,20.7
2480203,13,981492,CELTA  FEMXA ZORKA,AWAY,2743289,D. Cabrera Baccon,SF,2179984,U. Rodríguez Silva,SF,1875311,C. Menendez Torres,SF,2814638,J. Kelliher,SF,2651124,A. Boquete Manna,SF,4.5,272.0,10.0,5.0,5.0,88.2,44.1,44.1
2480204,13,979971,OSES CONSTRUCCION,AWAY,1044456,M. Asurmendi Villaverde,SF,2432778,J. Mungo Lanzetti,SF,1824910,S. Castro Marrero,SF,2561102,M. Blanco Morcillo,SF,1820835,A. Wone Aranaz,SF,1.9,111.0,2.0,0.0,2.0,43.2,0.0,43.2
2480204,13,979971,OSES CONSTRUCCION,AWAY,1044456,M. Asurmendi Villaverde,SF,2561097,A. Diez Pastor,SF,2432778,J. Mungo Lanzetti,SF,2561102,M. Blanco Morcillo,SF,1820835,A. Wone Aranaz,SF,1.5,92.0,0.0,1.0,-1.0,0.0,26.1,-26.1
2480204,13,979971,OSES CONSTRUCCION,AWAY,1588922,L. Gutierrez Lancho,SF,2364706,F. Parra,SF,1044456,M. Asurmendi Villaverde,SF,2432778,J. Mungo Lanzetti,SF,2432513,V. Llorente,SF,2.5,145.0,3.0,5.0,-2.0,49.7,82.8,-33.1
2480204,13,979971,OSES CONSTRUCCION,AWAY,1588922,L. Gutierrez Lancho,SF,2364706,F. Parra,SF,2432778,J. Mungo Lanzetti,SF,1824910,S. Castro Marrero,SF,1820835,A. Wone Aranaz,SF,5.8,351.0,13.0,12.0,1.0,88.9,82.1,6.8
2480204,13,979971,OSES CONSTRUCCION,AWAY,1588922,L. Gutierrez Lancho,SF,2364706,F. Parra,SF,2432778,J. Mungo Lanzetti,SF,1824910,S. Castro Marrero,SF,2432513,V. Llorente,SF,7.0,413.0,9.0,14.0,-5.0,52.3,81.4,-29.1
2480204,13,979971,OSES CONSTRUCCION,AWAY,1588922,L. Gutierrez Lancho,SF,2432778,J. Mungo Lanzetti,SF,1824910,S. Castro Marrero,SF,2561102,M. Blanco Morcillo,SF,2432513,V. Llorente,SF,2.1,130.0,2.0,1.0,1.0,36.9,18.5,18.5
2480204,13,979971,OSES CONSTRUCCION,AWAY,1824910,S. Castro Marrero,SF,2561102,M. Blanco Morcillo,SF,2432513,V. Llorente,SF,1820835,A. Wone Aranaz,SF,1882395,A. Elso Aramendia,SF,1.1,67.0,2.0,0.0,2.0,71.6,0.0,71.6
2480204,13,979971,OSES CONSTRUCCION,AWAY,2364706,F. Parra,SF,1044456,M. Asurmendi Villaverde,SF,2432778,J. Mungo Lanzetti,SF,1824910,S. Castro Marrero,SF,1820835,A. Wone Aranaz,SF,2.5,148.0,5.0,5.0,0.0,81.1,81.1,0.0
2480204,13,979971,OSES CONSTRUCCION,AWAY,2364706,F. Parra,SF,1044456,M. Asurmendi Villaverde,SF,2432778,J. Mungo Lanzetti,SF,1824910,S. Castro Marrero,SF,2432513,V. Llorente,SF,1.8,106.0,2.0,0.0,2.0,45.3,0.0,45.3
2480204,13,979971,OSES CONSTRUCCION,AWAY,2364706,F. Parra,SF,1044456,M. Asurmendi Villaverde,SF,2432778,J. Mungo Lanzetti,SF,1824910,S. Castro Marrero,SF,2561102,M. Blanco Morcillo,SF,0.2,13.0,2.0,2.0,0.0,369.2,369.2,0.0
2480204,13,979971,OSES CONSTRUCCION,AWAY,2364706,F. Parra,SF,1044456,M. Asurmendi Villaverde,SF,2432778,J. Mungo Lanzetti,SF,2561102,M. Blanco Morcillo,SF,1820835,A. Wone Aranaz,SF,2.9,175.0,8.0,3.0,5.0,109.7,41.1,68.6
2480204,13,979971,OSES CONSTRUCCION,AWAY,2364706,F. Parra,SF,1044456,M. Asurmendi Villaverde,SF,2432778,J. Mungo Lanzetti,SF,2561102,M. Blanco Morcillo,SF,2432513,V. Llorente,SF,3.1,181.0,8.0,7.0,1.0,106.1,92.8,13.3
2480204,13,979971,OSES CONSTRUCCION,AWAY,2364706,F. Parra,SF,1824910,S. Castro Marrero,SF,2561102,M. Blanco Morcillo,SF,2432513,V. Llorente,SF,1820835,A. Wone Aranaz,SF,0.9,56.0,3.0,3.0,0.0,128.6,128.6,0.0
2480204,13,979971,OSES CONSTRUCCION,AWAY,2364706,F. Parra,SF,2432778,J. Mungo Lanzetti,SF,1824910,S. Castro Marrero,SF,2561102,M. Blanco Morcillo,SF,2432513,V. Llorente,SF,1.2,70.0,3.0,4.0,-1.0,102.9,137.1,-34.3
2480204,13,979971,OSES CONSTRUCCION,AWAY,2364706,F. Parra,SF,2561097,A. Diez Pastor,SF,2432778,J. Mungo Lanzetti,SF,2561102,M. Blanco Morcillo,SF,2432513,V. Llorente,SF,0.8,51.0,0.0,0.0,0.0,0.0,0.0,0.0
2480204,13,979971,OSES CONSTRUCCION,AWAY,2561097,A. Diez Pastor,SF,2432778,J. Mungo Lanzetti,SF,2561102,M. Blanco Morcillo,SF,2432513,V. Llorente,SF,1882395,A. Elso Aramendia,SF,4.9,291.0,11.0,12.0,-1.0,90.7,99.0,-8.2
2480204,13,981356,BOSONIT UNIBASKET,HOME,1626810,C. Aldecoa Rodriguez,SF,1778980,I. Losada Gonzalez-Babe,SF,2735759,L. Van Schaik,SF,1821692,M. Alonso Guadaño,SF,1834784,E. Florez Pascual,SF,0.1,3.0,0.0,0.0,0.0,0.0,0.0,0.0
2480204,13,981356,BOSONIT UNIBASKET,HOME,1626810,C. Aldecoa Rodriguez,SF,2819119,T. Sedláková,SF,1678734,M. Llorente Ruiz,SF,1778980,I. Losada Gonzalez-Babe,SF,1821692,M. Alonso Guadaño,SF,1.3,77.0,0.0,2.0,-2.0,0.0,62.3,-62.3
2480204,13,981356,BOSONIT UNIBASKET,HOME,1626810,C. Aldecoa Rodriguez,SF,2819119,T. Sedláková,SF,1678734,M. Llorente Ruiz,SF,1778980,I. Losada Gonzalez-Babe,SF,2735759,L. Van Schaik,SF,0.3,16.0,0.0,2.0,-2.0,0.0,300.0,-300.0
2480204,13,981356,BOSONIT UNIBASKET,HOME,1626810,C. Aldecoa Rodriguez,SF,2819119,T. Sedláková,SF,1678734,M. Llorente Ruiz,SF,2735759,L. Van Schaik,SF,1834784,E. Florez Pascual,SF,0.5,30.0,1.0,0.0,1.0,80.0,0.0,80.0
2480204,13,981356,BOSONIT UNIBASKET,HOME,1626810,C. Aldecoa Rodriguez,SF,2819119,T. Sedláková,SF,1778980,I. Losada Gonzalez-Babe,SF,2735759,L. Van Schaik,SF,1821692,M. Alonso Guadaño,SF,1.7,101.0,4.0,4.0,0.0,95.0,95.0,0.0
2480204,13,981356,BOSONIT UNIBASKET,HOME,1626810,C. Aldecoa Rodriguez,SF,2819119,T. Sedláková,SF,2735759,L. Van Schaik,SF,1821692,M. Alonso Guadaño,SF,1834784,E. Florez Pascual,SF,5.2,306.0,11.0,9.0,2.0,86.3,70.6,15.7
2480204,13,981356,BOSONIT UNIBASKET,HOME,1626810,C. Aldecoa Rodriguez,SF,2819121,H. Forster,SF,1678734,M. Llorente Ruiz,SF,1778980,I. Losada Gonzalez-Babe,SF,1821692,M. Alonso Guadaño,SF,2.4,143.0,8.0,5.0,3.0,134.3,83.9,50.3
2480204,13,981356,BOSONIT UNIBASKET,HOME,1626810,C. Aldecoa Rodriguez,SF,2819121,H. Forster,SF,1678734,M. Llorente Ruiz,SF,1778980,I. Losada Gonzalez-Babe,SF,2151019,N. Padrosa Mons,SF,3.3,199.0,4.0,6.0,-2.0,48.2,72.4,-24.1
2480204,13,981356,BOSONIT UNIBASKET,HOME,1626810,C. Aldecoa Rodriguez,SF,2819121,H. Forster,SF,1678734,M. Llorente Ruiz,SF,1778980,I. Losada Gonzalez-Babe,SF,2735759,L. Van Schaik,SF,1.6,93.0,4.0,0.0,4.0,103.2,0.0,103.2
2480204,13,981356,BOSONIT UNIBASKET,HOME,1626810,C. Aldecoa Rodriguez,SF,2819121,H. Forster,SF,1678734,M. Llorente Ruiz,SF,2735759,L. Van Schaik,SF,1834784,E. Florez Pascual,SF,0.4,22.0,0.0,3.0,-3.0,0.0,327.3,-327.3
2480204,13,981356,BOSONIT UNIBASKET,HOME,1626810,C. Aldecoa Rodriguez,SF,2819121,H. Forster,SF,2735759,L. Van Schaik,SF,1821692,M. Alonso Guadaño,SF,1834784,E. Florez Pascual,SF,5.2,315.0,10.0,6.0,4.0,76.2,45.7,30.5
2480204,13,981356,BOSONIT UNIBASKET,HOME,2819119,T. Sedláková,SF,1626810,C. Aldecoa Rodriguez,SF,2735759,L. Van Schaik,SF,1821692,M. Alonso Guadaño,SF,1834784,E. Florez Pascual,SF,4.2,254.0,8.0,10.0,-2.0,75.6,94.5,-18.9
2480204,13,981356,BOSONIT UNIBASKET,HOME,2819119,T. Sedláková,SF,1678734,M. Llorente Ruiz,SF,1778980,I. Losada Gonzalez-Babe,SF,2735759,L. Van Schaik,SF,1821692,M. Alonso Guadaño,SF,1.6,98.0,0.0,3.0,-3.0,0.0,73.5,-73.5
2480204,13,981356,BOSONIT UNIBASKET,HOME,2819119,T. Sedláková,SF,1678734,M. Llorente Ruiz,SF,1778980,I. Losada Gonzalez-Babe,SF,2735759,L. Van Schaik,SF,2151019,N. Padrosa Mons,SF,1.5,92.0,1.0,0.0,1.0,26.1,0.0,26.1
2480204,13,981356,BOSONIT UNIBASKET,HOME,2819119,T. Sedláková,SF,1678734,M. Llorente Ruiz,SF,2735759,L. Van Schaik,SF,1821692,M. Alonso Guadaño,SF,1834784,E. Florez Pascual,SF,2.3,140.0,5.0,5.0,0.0,85.7,85.7,0.0
2480204,13,981356,BOSONIT UNIBASKET,HOME,2819119,T. Sedláková,SF,1678734,M. Llorente Ruiz,SF,2735759,L. Van Schaik,SF,2151019,N. Padrosa Mons,SF,1834784,E. Florez Pascual,SF,2.9,175.0,3.0,8.0,-5.0,41.1,109.7,-68.6
2480204,13,981356,BOSONIT UNIBASKET,HOME,2819119,T. Sedláková,SF,2735759,L. Van Schaik,SF,2151019,N. Padrosa Mons,SF,1821692,M. Alonso Guadaño,SF,1834784,E. Florez Pascual,SF,0.8,47.0,2.0,0.0,2.0,102.1,0.0,102.1
2480204,13,981356,BOSONIT UNIBASKET,HOME,2819121,H. Forster,SF,1678734,M. Llorente Ruiz,SF,1778980,I. Losada Gonzalez-Babe,SF,2735759,L. Van Schaik,SF,1821692,M. Alonso Guadaño,SF,0.9,50.0,1.0,0.0,1.0,48.0,0.0,48.0
2480204,13,981356,BOSONIT UNIBASKET,HOME,2819121,H. Forster,SF,1678734,M. Llorente Ruiz,SF,2735759,L. Van Schaik,SF,1821692,M. Alonso Guadaño,SF,1834784,E. Florez Pascual,SF,1.6,97.0,4.0,3.0,1.0,99.0,74.2,24.7
2480204,13,981356,BOSONIT UNIBASKET,HOME,2819121,H. Forster,SF,2735759,L. Van Schaik,SF,2151019,N. Padrosa Mons,SF,1821692,M. Alonso Guadaño,SF,1834784,E. Florez Pascual,SF,2.4,142.0,3.0,7.0,-4.0,50.7,118.3,-67.6
2480205,13,979988,FUSTECMA NBF CASTELLÓ,AWAY,1680760,S. Carli Del Pino,SF,2131367,S. Basaez Narvaez,SF,1460562,C. Perez Relancio,SF,2087212,L. Ruiz De La Hermosa Arce,SF,2144678,L. Jovena Meseguer,SF,2.1,128.0,2.0,2.0,0.0,37.5,37.5,0.0
2480205,13,979988,FUSTECMA NBF CASTELLÓ,AWAY,1680760,S. Carli Del Pino,SF,2131367,S. Basaez Narvaez,SF,1460562,C. Perez Relancio,SF,2087212,L. Ruiz De La Hermosa Arce,SF,2815082,M. Agyei,SF,1.4,84.0,2.0,4.0,-2.0,57.1,114.3,-57.1
2480205,13,979988,FUSTECMA NBF CASTELLÓ,AWAY,1680760,S. Carli Del Pino,SF,2131367,S. Basaez Narvaez,SF,1460562,C. Perez Relancio,SF,2144678,L. Jovena Meseguer,SF,1618451,L. Campos De Bengoa,SF,1.8,106.0,2.0,2.0,0.0,45.3,45.3,0.0
2480205,13,979988,FUSTECMA NBF CASTELLÓ,AWAY,1680760,S. Carli Del Pino,SF,2131367,S. Basaez Narvaez,SF,1460562,C. Perez Relancio,SF,2815082,M. Agyei,SF,2144678,L. Jovena Meseguer,SF,4.1,246.0,6.0,7.0,-1.0,58.5,68.3,-9.8
2480205,13,979988,FUSTECMA NBF CASTELLÓ,AWAY,1680760,S. Carli Del Pino,SF,2131367,S. Basaez Narvaez,SF,2087212,L. Ruiz De La Hermosa Arce,SF,1460562,C. Perez Relancio,SF,2144678,L. Jovena Meseguer,SF,3.5,209.0,9.0,9.0,0.0,103.3,103.3,0.0
2480205,13,979988,FUSTECMA NBF CASTELLÓ,AWAY,1680760,S. Carli Del Pino,SF,2131367,S. Basaez Narvaez,SF,2087212,L. Ruiz De La Hermosa Arce,SF,1460562,C. Perez Relancio,SF,2815082,M. Agyei,SF,1.2,71.0,3.0,0.0,3.0,101.4,0.0,101.4
2480205,13,979988,FUSTECMA NBF CASTELLÓ,AWAY,1680760,S. Carli Del Pino,SF,2131367,S. Basaez Narvaez,SF,2274867,L. De Giacomo,SF,2087212,L. Ruiz De La Hermosa Arce,SF,2144678,L. Jovena Meseguer,SF,1.6,94.0,2.0,4.0,-2.0,51.1,102.1,-51.1
2480205,13,979988,FUSTECMA NBF CASTELLÓ,AWAY,1680760,S. Carli Del Pino,SF,2131367,S. Basaez Narvaez,SF,2274867,L. De Giacomo,SF,2815082,M. Agyei,SF,2144678,L. Jovena Meseguer,SF,1.1,68.0,0.0,4.0,-4.0,0.0,141.2,-141.2
2480205,13,979988,FUSTECMA NBF CASTELLÓ,AWAY,1680760,S. Carli Del Pino,SF,2274867,L. De Giacomo,SF,1460562,C. Perez Relancio,SF,2087212,L. Ruiz De La Hermosa Arce,SF,1618451,L. Campos De Bengoa,SF,0.5,28.0,0.0,0.0,0.0,0.0,0.0,0.0
2480205,13,979988,FUSTECMA NBF CASTELLÓ,AWAY,1680760,S. Carli Del Pino,SF,2274867,L. De Giacomo,SF,2087212,L. Ruiz De La Hermosa Arce,SF,2815082,M. Agyei,SF,2144678,L. Jovena Meseguer,SF,0.2,10.0,2.0,0.0,2.0,480.0,0.0,480.0
2480205,13,979988,FUSTECMA NBF CASTELLÓ,AWAY,1680760,S. Carli Del Pino,SF,2829993,G. Aiello,SF,2131367,S. Basaez Narvaez,SF,1460562,C. Perez Relancio,SF,1618451,L. Campos De Bengoa,SF,1.5,88.0,4.0,3.0,1.0,109.1,81.8,27.3
2480205,13,979988,FUSTECMA NBF CASTELLÓ,AWAY,1680760,S. Carli Del Pino,SF,2829993,G. Aiello,SF,2131367,S. Basaez Narvaez,SF,1460562,C. Perez Relancio,SF,2087212,L. Ruiz De La Hermosa Arce,SF,4.2,250.0,6.0,3.0,3.0,57.6,28.8,28.8
2480205,13,979988,FUSTECMA NBF CASTELLÓ,AWAY,1680760,S. Carli Del Pino,SF,2829993,G. Aiello,SF,2131367,S. Basaez Narvaez,SF,1460562,C. Perez Relancio,SF,2815082,M. Agyei,SF,2.7,158.0,7.0,5.0,2.0,106.3,75.9,30.4
2480205,13,979988,FUSTECMA NBF CASTELLÓ,AWAY,1680760,S. Carli Del Pino,SF,2829993,G. Aiello,SF,2131367,S. Basaez Narvaez,SF,2274867,L. De Giacomo,SF,1618451,L. Campos De Bengoa,SF,0.9,56.0,3.0,2.0,1.0,128.6,85.7,42.9
2480205,13,979988,FUSTECMA NBF CASTELLÓ,AWAY,1680760,S. Carli Del Pino,SF,2829993,G. Aiello,SF,2131367,S. Basaez Narvaez,SF,2274867,L. De Giacomo,SF,2087212,L. Ruiz De La Hermosa Arce,SF,2.8,172.0,2.0,7.0,-5.0,27.9,97.7,-69.8
2480205,13,979988,FUSTECMA NBF CASTELLÓ,AWAY,1680760,S. Carli Del Pino,SF,2829993,G. Aiello,SF,2274867,L. De Giacomo,SF,2087212,L. Ruiz De La Hermosa Arce,SF,2815082,M. Agyei,SF,6.2,368.0,12.0,17.0,-5.0,78.3,110.9,-32.6
2480205,13,979988,FUSTECMA NBF CASTELLÓ,AWAY,2829993,G. Aiello,SF,2274867,L. De Giacomo,SF,2815082,M. Agyei,SF,2087212,L. Ruiz De La Hermosa Arce,SF,1618451,L. Campos De Bengoa,SF,4.5,264.0,7.0,8.0,-1.0,63.6,72.7,-9.1
2480205,13,981334,UNICAJA MIJAS,HOME,1317227,C. Garcia Paunero,SF,1884837,M. Roters Dubinina,SF,1723860,S. Galeron Alvarez,SF,2012623,S. Lo Sylla,SF,2643500,C. Capellan Santana,SF,0.2,14.0,0.0,0.0,0.0,0.0,0.0,0.0
2480205,13,981334,UNICAJA MIJAS,HOME,1884837,M. Roters Dubinina,SF,1723860,S. Galeron Alvarez,SF,2012623,S. Lo Sylla,SF,1949233,A. Orois Aznarez,SF,1994192,E. Moreno Fernandez,SF,1.6,96.0,2.0,4.0,-2.0,50.0,100.0,-50.0
2480205,13,981334,UNICAJA MIJAS,HOME,1884837,M. Roters Dubinina,SF,1723860,S. Galeron Alvarez,SF,2012623,S. Lo Sylla,SF,1949233,A. Orois Aznarez,SF,2643500,C. Capellan Santana,SF,3.6,212.0,8.0,7.0,1.0,90.6,79.2,11.3
2480205,13,981334,UNICAJA MIJAS,HOME,1884837,M. Roters Dubinina,SF,2413042,C. Guillen Uriguen,SF,1723860,S. Galeron Alvarez,SF,1949233,A. Orois Aznarez,SF,2643500,C. Capellan Santana,SF,2.1,125.0,6.0,6.0,0.0,115.2,115.2,0.0
2480205,13,981334,UNICAJA MIJAS,HOME,1884837,M. Roters Dubinina,SF,2413042,C. Guillen Uriguen,SF,2012623,S. Lo Sylla,SF,1949233,A. Orois Aznarez,SF,1994192,E. Moreno Fernandez,SF,0.2,10.0,0.0,2.0,-2.0,0.0,480.0,-480.0
2480205,13,981334,UNICAJA MIJAS,HOME,1884837,M. Roters Dubinina,SF,2814756,C. Zimmerman,SF,2012623,S. Lo Sylla,SF,1949233,A. Orois Aznarez,SF,1994192,E. Moreno Fernandez,SF,4.7,282.0,10.0,4.0,6.0,85.1,34.0,51.1
2480205,13,981334,UNICAJA MIJAS,HOME,2096249,T. Eke Benitez,SF,1317227,C. Garcia Paunero,SF,1884837,M. Roters Dubinina,SF,1723860,S. Galeron Alvarez,SF,2643500,C. Capellan Santana,SF,4.9,294.0,3.0,6.0,-3.0,24.5,49.0,-24.5
2480205,13,981334,UNICAJA MIJAS,HOME,2096249,T. Eke Benitez,SF,1317227,C. Garcia Paunero,SF,1884837,M. Roters Dubinina,SF,2814756,C. Zimmerman,SF,1954737,E. Puiggros Rovira,SF,5.0,297.0,16.0,8.0,8.0,129.3,64.6,64.6
2480205,13,981334,UNICAJA MIJAS,HOME,2096249,T. Eke Benitez,SF,1317227,C. Garcia Paunero,SF,1884837,M. Roters Dubinina,SF,2814756,C. Zimmerman,SF,2643500,C. Capellan Santana,SF,1.4,86.0,4.0,0.0,4.0,111.6,0.0,111.6
2480205,13,981334,UNICAJA MIJAS,HOME,2096249,T. Eke Benitez,SF,1884837,M. Roters Dubinina,SF,1317227,C. Garcia Paunero,SF,1723860,S. Galeron Alvarez,SF,1954737,E. Puiggros Rovira,SF,1.8,105.0,5.0,4.0,1.0,114.3,91.4,22.9
2480205,13,981334,UNICAJA MIJAS,HOME,2096249,T. Eke Benitez,SF,1884837,M. Roters Dubinina,SF,1317227,C. Garcia Paunero,SF,1723860,S. Galeron Alvarez,SF,2643500,C. Capellan Santana,SF,2.8,171.0,0.0,10.0,-10.0,0.0,140.4,-140.4
2480205,13,981334,UNICAJA MIJAS,HOME,2096249,T. Eke Benitez,SF,1884837,M. Roters Dubinina,SF,1317227,C. Garcia Paunero,SF,1954737,E. Puiggros Rovira,SF,1994192,E. Moreno Fernandez,SF,0.9,53.0,0.0,2.0,-2.0,0.0,90.6,-90.6
2480205,13,981334,UNICAJA MIJAS,HOME,2096249,T. Eke Benitez,SF,1884837,M. Roters Dubinina,SF,1317227,C. Garcia Paunero,SF,2643500,C. Capellan Santana,SF,1994192,E. Moreno Fernandez,SF,0.3,18.0,0.0,1.0,-1.0,0.0,133.3,-133.3
2480205,13,981334,UNICAJA MIJAS,HOME,2096249,T. Eke Benitez,SF,1884837,M. Roters Dubinina,SF,1723860,S. Galeron Alvarez,SF,1949233,A. Orois Aznarez,SF,1994192,E. Moreno Fernandez,SF,0.8,45.0,2.0,0.0,2.0,106.7,0.0,106.7
2480205,13,981334,UNICAJA MIJAS,HOME,2096249,T. Eke Benitez,SF,1884837,M. Roters Dubinina,SF,2814756,C. Zimmerman,SF,1949233,A. Orois Aznarez,SF,2643500,C. Capellan Santana,SF,1.6,94.0,7.0,0.0,7.0,178.7,0.0,178.7
2480205,13,981334,UNICAJA MIJAS,HOME,2096249,T. Eke Benitez,SF,1884837,M. Roters Dubinina,SF,2814756,C. Zimmerman,SF,2643500,C. Capellan Santana,SF,1994192,E. Moreno Fernandez,SF,0.3,18.0,0.0,1.0,-1.0,0.0,133.3,-133.3
2480205,13,981334,UNICAJA MIJAS,HOME,2096249,T. Eke Benitez,SF,2271751,E. Jiménez Losada,SF,1317227,C. Garcia Paunero,SF,1884837,M. Roters Dubinina,SF,2814756,C. Zimmerman,SF,1.9,111.0,4.0,2.0,2.0,86.5,43.2,43.2
2480205,13,981334,UNICAJA MIJAS,HOME,2096249,T. Eke Benitez,SF,2271751,E. Jiménez Losada,SF,1884837,M. Roters Dubinina,SF,1723860,S. Galeron Alvarez,SF,2643500,C. Capellan Santana,SF,1.0,61.0,0.0,2.0,-2.0,0.0,78.7,-78.7
2480205,13,981334,UNICAJA MIJAS,HOME,2096249,T. Eke Benitez,SF,2814756,C. Zimmerman,SF,1317227,C. Garcia Paunero,SF,1884837,M. Roters Dubinina,SF,1954737,E. Puiggros Rovira,SF,1.4,83.0,2.0,3.0,-1.0,57.8,86.7,-28.9
2480205,13,981334,UNICAJA MIJAS,HOME,2096249,T. Eke Benitez,SF,2814756,C. Zimmerman,SF,1317227,C. Garcia Paunero,SF,1954737,E. Puiggros Rovira,SF,1994192,E. Moreno Fernandez,SF,3.8,225.0,8.0,7.0,1.0,85.3,74.7,10.7
2480206,13,981288,SERNOVA RENOVABLES REAL CANOE,AWAY,2097038,P. De Mier Espina,SF,1927626,C. Flores Garcia,SF,1242234,C. Rodriguez Nuñez,SF,2506665,I. Baeza Diez,SF,1859345,L. Fleta Robles,SF,3.0,182.0,4.0,5.0,-1.0,52.7,65.9,-13.2
2480206,13,981288,SERNOVA RENOVABLES REAL CANOE,AWAY,2097038,P. De Mier Espina,SF,1927626,C. Flores Garcia,SF,2506665,I. Baeza Diez,SF,2818945,O. Santana Moldavsky,SF,1859345,L. Fleta Robles,SF,2.0,121.0,3.0,7.0,-4.0,59.5,138.8,-79.3
2480206,13,981288,SERNOVA RENOVABLES REAL CANOE,AWAY,2097038,P. De Mier Espina,SF,2021397,A. Esnal Aguirre,SF,1787143,C. Mato De Prada,SF,1242234,C. Rodriguez Nuñez,SF,1745108,M. Torres Municio,SF,16.1,976.0,31.0,23.0,8.0,76.2,56.6,19.7
2480206,13,981288,SERNOVA RENOVABLES REAL CANOE,AWAY,2097038,P. De Mier Espina,SF,2021397,A. Esnal Aguirre,SF,1787143,C. Mato De Prada,SF,1242234,C. Rodriguez Nuñez,SF,2506665,I. Baeza Diez,SF,2.8,170.0,5.0,4.0,1.0,70.6,56.5,14.1
2480206,13,981288,SERNOVA RENOVABLES REAL CANOE,AWAY,2097038,P. De Mier Espina,SF,2021397,A. Esnal Aguirre,SF,1787143,C. Mato De Prada,SF,1242234,C. Rodriguez Nuñez,SF,2818945,O. Santana Moldavsky,SF,6.8,409.0,10.0,11.0,-1.0,58.7,64.5,-5.9
2480206,13,981288,SERNOVA RENOVABLES REAL CANOE,AWAY,2097038,P. De Mier Espina,SF,2021397,A. Esnal Aguirre,SF,1787143,C. Mato De Prada,SF,2506665,I. Baeza Diez,SF,2818945,O. Santana Moldavsky,SF,0.9,54.0,2.0,0.0,2.0,88.9,0.0,88.9
2480206,13,981288,SERNOVA RENOVABLES REAL CANOE,AWAY,2097038,P. De Mier Espina,SF,2021397,A. Esnal Aguirre,SF,1927626,C. Flores Garcia,SF,1242234,C. Rodriguez Nuñez,SF,2506665,I. Baeza Diez,SF,4.1,245.0,7.0,0.0,7.0,68.6,0.0,68.6
2480206,13,981288,SERNOVA RENOVABLES REAL CANOE,AWAY,2097038,P. De Mier Espina,SF,2021397,A. Esnal Aguirre,SF,1927626,C. Flores Garcia,SF,1242234,C. Rodriguez Nuñez,SF,2818945,O. Santana Moldavsky,SF,0.8,49.0,0.0,0.0,0.0,0.0,0.0,0.0
2480206,13,981288,SERNOVA RENOVABLES REAL CANOE,AWAY,2097038,P. De Mier Espina,SF,2021397,A. Esnal Aguirre,SF,1927626,C. Flores Garcia,SF,2506665,I. Baeza Diez,SF,2818945,O. Santana Moldavsky,SF,3.3,194.0,5.0,7.0,-2.0,61.9,86.6,-24.7
2480206,13,981306,CAJASOL BALONCESTO SEVILLA FEMENINO,HOME,1679391,M. Martinez Carranza,SF,1758184,C. Sanchez Fernandez-Satorre,SF,1999405,N. Anitua Garcia,SF,2848574,E. Elliott,SF,1723585,A. Morales Sancho,SF,4.2,255.0,2.0,7.0,-5.0,18.8,65.9,-47.1
2480206,13,981306,CAJASOL BALONCESTO SEVILLA FEMENINO,HOME,1679391,M. Martinez Carranza,SF,1758184,C. Sanchez Fernandez-Satorre,SF,2004240,N. Sanchez Robayo,SF,1999405,N. Anitua Garcia,SF,1811227,C. Arfinengo Del Carpio,SF,35.6,2145.0,55.0,60.0,-5.0,61.5,67.1,-5.6
2480207,13,979770,MELILLA CIUDAD DEL DEPORTE LA SALLE,AWAY,1756623,A. Hernangomez Geuer,SF,1946976,L. Moya Blanch,SF,1454479,A. Senosiain Vergarachea,SF,1587316,C. Caceres Ayala,SF,2648563,M. D'Urso Vallina,SF,1.6,94.0,4.0,4.0,0.0,102.1,102.1,0.0
2480207,13,979770,MELILLA CIUDAD DEL DEPORTE LA SALLE,AWAY,1756623,A. Hernangomez Geuer,SF,1946976,L. Moya Blanch,SF,1454479,A. Senosiain Vergarachea,SF,1829640,A. Sanchez Davila,SF,2814864,R. Monteiro Da Silva,SF,1.5,92.0,2.0,3.0,-1.0,52.2,78.3,-26.1
2480207,13,979770,MELILLA CIUDAD DEL DEPORTE LA SALLE,AWAY,1756623,A. Hernangomez Geuer,SF,1946976,L. Moya Blanch,SF,1454479,A. Senosiain Vergarachea,SF,2814864,R. Monteiro Da Silva,SF,1587316,C. Caceres Ayala,SF,0.6,33.0,3.0,0.0,3.0,218.2,0.0,218.2
2480207,13,979770,MELILLA CIUDAD DEL DEPORTE LA SALLE,AWAY,1756623,A. Hernangomez Geuer,SF,1946976,L. Moya Blanch,SF,1454479,A. Senosiain Vergarachea,SF,2814864,R. Monteiro Da Silva,SF,2648563,M. D'Urso Vallina,SF,1.8,107.0,2.0,5.0,-3.0,44.9,112.1,-67.3
2480207,13,979770,MELILLA CIUDAD DEL DEPORTE LA SALLE,AWAY,1756623,A. Hernangomez Geuer,SF,2104399,C. Garcia Muñoz,SF,1454479,A. Senosiain Vergarachea,SF,1829640,A. Sanchez Davila,SF,2814864,R. Monteiro Da Silva,SF,1.7,100.0,6.0,0.0,6.0,144.0,0.0,144.0
2480207,13,979770,MELILLA CIUDAD DEL DEPORTE LA SALLE,AWAY,1756623,A. Hernangomez Geuer,SF,2104399,C. Garcia Muñoz,SF,1713801,C. Torrubia Cano,SF,1454479,A. Senosiain Vergarachea,SF,1587316,C. Caceres Ayala,SF,1.1,65.0,0.0,5.0,-5.0,0.0,184.6,-184.6
2480207,13,979770,MELILLA CIUDAD DEL DEPORTE LA SALLE,AWAY,1756623,A. Hernangomez Geuer,SF,2104399,C. Garcia Muñoz,SF,1713801,C. Torrubia Cano,SF,1454479,A. Senosiain Vergarachea,SF,1829640,A. Sanchez Davila,SF,4.0,240.0,6.0,4.0,2.0,60.0,40.0,20.0
2480207,13,979770,MELILLA CIUDAD DEL DEPORTE LA SALLE,AWAY,2104399,C. Garcia Muñoz,SF,1756623,A. Hernangomez Geuer,SF,1454479,A. Senosiain Vergarachea,SF,1829640,A. Sanchez Davila,SF,1587316,C. Caceres Ayala,SF,1.1,69.0,0.0,6.0,-6.0,0.0,208.7,-208.7
2480207,13,979770,MELILLA CIUDAD DEL DEPORTE LA SALLE,AWAY,2104399,C. Garcia Muñoz,SF,1756623,A. Hernangomez Geuer,SF,1454479,A. Senosiain Vergarachea,SF,1829640,A. Sanchez Davila,SF,2814864,R. Monteiro Da Silva,SF,1.9,116.0,0.0,2.0,-2.0,0.0,41.4,-41.4
2480207,13,979770,MELILLA CIUDAD DEL DEPORTE LA SALLE,AWAY,2104399,C. Garcia Muñoz,SF,1756623,A. Hernangomez Geuer,SF,1454479,A. Senosiain Vergarachea,SF,2814864,R. Monteiro Da Silva,SF,1587316,C. Caceres Ayala,SF,0.7,39.0,1.0,0.0,1.0,61.5,0.0,61.5
2480207,13,979770,MELILLA CIUDAD DEL DEPORTE LA SALLE,AWAY,2104399,C. Garcia Muñoz,SF,1756623,A. Hernangomez Geuer,SF,1713801,C. Torrubia Cano,SF,1454479,A. Senosiain Vergarachea,SF,1587316,C. Caceres Ayala,SF,2.3,142.0,4.0,4.0,0.0,67.6,67.6,0.0
2480207,13,979770,MELILLA CIUDAD DEL DEPORTE LA SALLE,AWAY,2104399,C. Garcia Muñoz,SF,1946976,L. Moya Blanch,SF,1454479,A. Senosiain Vergarachea,SF,1829640,A. Sanchez Davila,SF,2814864,R. Monteiro Da Silva,SF,1.2,72.0,3.0,0.0,3.0,100.0,0.0,100.0
2480207,13,979770,MELILLA CIUDAD DEL DEPORTE LA SALLE,AWAY,2104399,C. Garcia Muñoz,SF,1946976,L. Moya Blanch,SF,1454479,A. Senosiain Vergarachea,SF,2814864,R. Monteiro Da Silva,SF,1587316,C. Caceres Ayala,SF,2.6,155.0,6.0,8.0,-2.0,92.9,123.9,-31.0
2480207,13,979770,MELILLA CIUDAD DEL DEPORTE LA SALLE,AWAY,2104399,C. Garcia Muñoz,SF,1946976,L. Moya Blanch,SF,1454479,A. Senosiain Vergarachea,SF,2814864,R. Monteiro Da Silva,SF,2648563,M. D'Urso Vallina,SF,2.8,166.0,5.0,8.0,-3.0,72.3,115.7,-43.4
2480207,13,979770,MELILLA CIUDAD DEL DEPORTE LA SALLE,AWAY,2432929,M. Davydova,SF,1756623,A. Hernangomez Geuer,SF,1454479,A. Senosiain Vergarachea,SF,1829640,A. Sanchez Davila,SF,2814864,R. Monteiro Da Silva,SF,1.1,66.0,2.0,2.0,0.0,72.7,72.7,0.0
2480207,13,979770,MELILLA CIUDAD DEL DEPORTE LA SALLE,AWAY,2432929,M. Davydova,SF,1756623,A. Hernangomez Geuer,SF,1454479,A. Senosiain Vergarachea,SF,2814864,R. Monteiro Da Silva,SF,1587316,C. Caceres Ayala,SF,1.0,60.0,0.0,3.0,-3.0,0.0,120.0,-120.0
2480207,13,979770,MELILLA CIUDAD DEL DEPORTE LA SALLE,AWAY,2432929,M. Davydova,SF,1946976,L. Moya Blanch,SF,1454479,A. Senosiain Vergarachea,SF,1587316,C. Caceres Ayala,SF,2648563,M. D'Urso Vallina,SF,0.5,28.0,0.0,0.0,0.0,0.0,0.0,0.0
2480207,13,979770,MELILLA CIUDAD DEL DEPORTE LA SALLE,AWAY,2432929,M. Davydova,SF,1946976,L. Moya Blanch,SF,1454479,A. Senosiain Vergarachea,SF,1829640,A. Sanchez Davila,SF,2814864,R. Monteiro Da Silva,SF,2.2,132.0,4.0,4.0,0.0,72.7,72.7,0.0
2480207,13,979770,MELILLA CIUDAD DEL DEPORTE LA SALLE,AWAY,2432929,M. Davydova,SF,1946976,L. Moya Blanch,SF,1454479,A. Senosiain Vergarachea,SF,2814864,R. Monteiro Da Silva,SF,2648563,M. D'Urso Vallina,SF,10.4,624.0,12.0,23.0,-11.0,46.2,88.5,-42.3
2480207,13,981213,AZULMARINO MALLORCA PALMA,HOME,2791252,A. Bulgak,SF,2793759,J. Asinde,SF,1083354,M. España Almendro,SF,1865395,M. Garcia Mateo,SF,1434977,C. Grande Pardo,SF,5.6,336.0,12.0,7.0,5.0,85.7,50.0,35.7
2480207,13,981213,AZULMARINO MALLORCA PALMA,HOME,2791252,A. Bulgak,SF,2793759,J. Asinde,SF,2815892,A. Siciliano,SF,1083354,M. España Almendro,SF,1865395,M. Garcia Mateo,SF,34.5,2064.0,69.0,53.0,16.0,80.2,61.6,18.6
2480208,13,979919,RECOLETAS ZAMORA,HOME,1599354,A. Tainta Lizalde,SF,1942017,A. Martin Tejedor,SF,2110765,A. Perez Relancio,SF,1259670,B. Sanchez Marrufo,SF,2047146,M. Fernandez Muñoz,SF,1.6,94.0,0.0,1.0,-1.0,0.0,25.5,-25.5
2480208,13,979919,RECOLETAS ZAMORA,HOME,1599354,A. Tainta Lizalde,SF,1942017,A. Martin Tejedor,SF,2239381,D. Angel Villen,SF,2110765,A. Perez Relancio,SF,1259670,B. Sanchez Marrufo,SF,0.1,8.0,1.0,2.0,-1.0,300.0,600.0,-300.0
2480208,13,979919,RECOLETAS ZAMORA,HOME,1599354,A. Tainta Lizalde,SF,1942017,A. Martin Tejedor,SF,2239381,D. Angel Villen,SF,2734310,E. Resende Carregosa,SF,2110765,A. Perez Relancio,SF,4.6,276.0,8.0,8.0,0.0,69.6,69.6,0.0
2480208,13,979919,RECOLETAS ZAMORA,HOME,1599354,A. Tainta Lizalde,SF,1942017,A. Martin Tejedor,SF,2561100,F. Pouye,SF,1259670,B. Sanchez Marrufo,SF,2047146,M. Fernandez Muñoz,SF,4.1,248.0,5.0,6.0,-1.0,48.4,58.1,-9.7
2480208,13,979919,RECOLETAS ZAMORA,HOME,1599354,A. Tainta Lizalde,SF,1942017,A. Martin Tejedor,SF,2561100,F. Pouye,SF,2734310,E. Resende Carregosa,SF,1259670,B. Sanchez Marrufo,SF,2.1,125.0,5.0,2.0,3.0,96.0,38.4,57.6
2480208,13,979919,RECOLETAS ZAMORA,HOME,1599354,A. Tainta Lizalde,SF,1942017,A. Martin Tejedor,SF,2734310,E. Resende Carregosa,SF,2110765,A. Perez Relancio,SF,1259670,B. Sanchez Marrufo,SF,7.7,461.0,7.0,9.0,-2.0,36.4,46.9,-10.4
2480208,13,979919,RECOLETAS ZAMORA,HOME,1599354,A. Tainta Lizalde,SF,2239381,D. Angel Villen,SF,2734310,E. Resende Carregosa,SF,2110765,A. Perez Relancio,SF,1259670,B. Sanchez Marrufo,SF,4.8,287.0,4.0,11.0,-7.0,33.4,92.0,-58.5
2480208,13,979919,RECOLETAS ZAMORA,HOME,1599354,A. Tainta Lizalde,SF,2817152,F. Filor,SF,1942017,A. Martin Tejedor,SF,2239381,D. Angel Villen,SF,1259670,B. Sanchez Marrufo,SF,1.7,101.0,0.0,2.0,-2.0,0.0,47.5,-47.5
2480208,13,979919,RECOLETAS ZAMORA,HOME,1599354,A. Tainta Lizalde,SF,2817152,F. Filor,SF,1942017,A. Martin Tejedor,SF,2239381,D. Angel Villen,SF,2734310,E. Resende Carregosa,SF,3.7,219.0,8.0,2.0,6.0,87.7,21.9,65.8
2480208,13,979919,RECOLETAS ZAMORA,HOME,1599354,A. Tainta Lizalde,SF,2817152,F. Filor,SF,1942017,A. Martin Tejedor,SF,2561100,F. Pouye,SF,2047146,M. Fernandez Muñoz,SF,1.7,106.0,3.0,2.0,1.0,67.9,45.3,22.6
2480208,13,979919,RECOLETAS ZAMORA,HOME,1599354,A. Tainta Lizalde,SF,2817152,F. Filor,SF,1942017,A. Martin Tejedor,SF,2561100,F. Pouye,SF,2734310,E. Resende Carregosa,SF,1.1,64.0,0.0,3.0,-3.0,0.0,112.5,-112.5
2480208,13,979919,RECOLETAS ZAMORA,HOME,1599354,A. Tainta Lizalde,SF,2817152,F. Filor,SF,1942017,A. Martin Tejedor,SF,2734310,E. Resende Carregosa,SF,2110765,A. Perez Relancio,SF,3.9,233.0,6.0,6.0,0.0,61.8,61.8,0.0
2480208,13,979919,RECOLETAS ZAMORA,HOME,1599354,A. Tainta Lizalde,SF,2817152,F. Filor,SF,1942017,A. Martin Tejedor,SF,2734310,E. Resende Carregosa,SF,2561100,F. Pouye,SF,3.0,178.0,6.0,3.0,3.0,80.9,40.4,40.4
2480208,13,981208,ALTER ENERSUN AL-QÁZERES EXTREMADURA,AWAY,1860325,L. Fontela Cabaleiro,SF,1112483,L. Mendez Lamas,SF,2432389,J. De Barros Filipe,SF,1902336,N. Liste Alfonsin,SF,2044012,C. Suárez Fernández,SF,0.9,55.0,1.0,0.0,1.0,43.6,0.0,43.6
2480208,13,981208,ALTER ENERSUN AL-QÁZERES EXTREMADURA,AWAY,1860325,L. Fontela Cabaleiro,SF,1112483,L. Mendez Lamas,SF,2432389,J. De Barros Filipe,SF,1902336,N. Liste Alfonsin,SF,2815234,I. Tavares Ramos,SF,6.6,392.0,5.0,13.0,-8.0,30.6,79.6,-49.0
2480208,13,981208,ALTER ENERSUN AL-QÁZERES EXTREMADURA,AWAY,1860325,L. Fontela Cabaleiro,SF,2815153,V. Gauna,SF,1112483,L. Mendez Lamas,SF,2432389,J. De Barros Filipe,SF,1902336,N. Liste Alfonsin,SF,4.2,252.0,5.0,6.0,-1.0,47.6,57.1,-9.5
2480208,13,981208,ALTER ENERSUN AL-QÁZERES EXTREMADURA,AWAY,1860325,L. Fontela Cabaleiro,SF,2815153,V. Gauna,SF,1902336,N. Liste Alfonsin,SF,2815234,I. Tavares Ramos,SF,2044012,C. Suárez Fernández,SF,0.5,27.0,0.0,0.0,0.0,0.0,0.0,0.0
2480208,13,981208,ALTER ENERSUN AL-QÁZERES EXTREMADURA,AWAY,1860325,L. Fontela Cabaleiro,SF,2815153,V. Gauna,SF,1902336,N. Liste Alfonsin,SF,2815234,I. Tavares Ramos,SF,2432389,J. De Barros Filipe,SF,1.4,84.0,4.0,2.0,2.0,114.3,57.1,57.1
2480208,13,981208,ALTER ENERSUN AL-QÁZERES EXTREMADURA,AWAY,1860325,L. Fontela Cabaleiro,SF,2815153,V. Gauna,SF,2432389,J. De Barros Filipe,SF,1902336,N. Liste Alfonsin,SF,2815234,I. Tavares Ramos,SF,1.8,103.0,0.0,1.0,-1.0,0.0,23.3,-23.3
2480208,13,981208,ALTER ENERSUN AL-QÁZERES EXTREMADURA,AWAY,2056237,L. Salmeron Segu,SF,1112483,L. Mendez Lamas,SF,1902336,N. Liste Alfonsin,SF,2432389,J. De Barros Filipe,SF,1889214,C. Prieto Pereda,SF,0.9,57.0,0.0,2.0,-2.0,0.0,84.2,-84.2
2480208,13,981208,ALTER ENERSUN AL-QÁZERES EXTREMADURA,AWAY,2056237,L. Salmeron Segu,SF,1112483,L. Mendez Lamas,SF,1902336,N. Liste Alfonsin,SF,2432389,J. De Barros Filipe,SF,2815234,I. Tavares Ramos,SF,0.1,8.0,2.0,1.0,1.0,600.0,300.0,300.0
2480208,13,981208,ALTER ENERSUN AL-QÁZERES EXTREMADURA,AWAY,2056237,L. Salmeron Segu,SF,1860325,L. Fontela Cabaleiro,SF,1902336,N. Liste Alfonsin,SF,2815234,I. Tavares Ramos,SF,2432389,J. De Barros Filipe,SF,1.1,66.0,0.0,1.0,-1.0,0.0,36.4,-36.4
2480208,13,981208,ALTER ENERSUN AL-QÁZERES EXTREMADURA,AWAY,2056237,L. Salmeron Segu,SF,1860325,L. Fontela Cabaleiro,SF,2815153,V. Gauna,SF,1112483,L. Mendez Lamas,SF,1902336,N. Liste Alfonsin,SF,0.5,28.0,0.0,0.0,0.0,0.0,0.0,0.0
2480208,13,981208,ALTER ENERSUN AL-QÁZERES EXTREMADURA,AWAY,2056237,L. Salmeron Segu,SF,1860325,L. Fontela Cabaleiro,SF,2815153,V. Gauna,SF,1902336,N. Liste Alfonsin,SF,2815234,I. Tavares Ramos,SF,8.7,525.0,17.0,8.0,9.0,77.7,36.6,41.1
2480208,13,981208,ALTER ENERSUN AL-QÁZERES EXTREMADURA,AWAY,2056237,L. Salmeron Segu,SF,2815153,V. Gauna,SF,1112483,L. Mendez Lamas,SF,1902336,N. Liste Alfonsin,SF,2815234,I. Tavares Ramos,SF,2.9,174.0,6.0,3.0,3.0,82.8,41.4,41.4
2480208,13,981208,ALTER ENERSUN AL-QÁZERES EXTREMADURA,AWAY,2056237,L. Salmeron Segu,SF,2815153,V. Gauna,SF,1902336,N. Liste Alfonsin,SF,2432389,J. De Barros Filipe,SF,1889214,C. Prieto Pereda,SF,2.1,125.0,2.0,5.0,-3.0,38.4,96.0,-57.6
2480208,13,981208,ALTER ENERSUN AL-QÁZERES EXTREMADURA,AWAY,2056237,L. Salmeron Segu,SF,2815153,V. Gauna,SF,2432389,J. De Barros Filipe,SF,1902336,N. Liste Alfonsin,SF,2815234,I. Tavares Ramos,SF,8.0,482.0,15.0,11.0,4.0,74.7,54.8,19.9
2480208,13,981208,ALTER ENERSUN AL-QÁZERES EXTREMADURA,AWAY,2815153,V. Gauna,SF,1112483,L. Mendez Lamas,SF,2432389,J. De Barros Filipe,SF,1902336,N. Liste Alfonsin,SF,2815234,I. Tavares Ramos,SF,0.4,22.0,0.0,0.0,0.0,0.0,0.0,0.0
2480209,14,981206,MCR LIMA-HORTA BARCELONA,HOME,1494221,L. Soler Madariaga,SF,1908281,M. Aguado Tortella,SF,1959765,J. Rueda Choni,SF,1958425,L. Roig I Salrach,SF,2042157,C. Ripoll Moya,SF,1.3,76.0,2.0,1.0,1.0,63.2,31.6,31.6
2480209,14,981206,MCR LIMA-HORTA BARCELONA,HOME,2049841,E. Trawally Porta,SF,1494221,L. Soler Madariaga,SF,1908281,M. Aguado Tortella,SF,1958425,L. Roig I Salrach,SF,1886093,E. Escuder Gonzalez,SF,1.4,87.0,3.0,3.0,0.0,82.8,82.8,0.0
2480209,14,981206,MCR LIMA-HORTA BARCELONA,HOME,2049841,E. Trawally Porta,SF,1494221,L. Soler Madariaga,SF,1908281,M. Aguado Tortella,SF,1958425,L. Roig I Salrach,SF,1912814,N. Barrientos Pereira,SF,3.0,183.0,3.0,4.0,-1.0,39.3,52.5,-13.1
2480209,14,981206,MCR LIMA-HORTA BARCELONA,HOME,2049841,E. Trawally Porta,SF,1494221,L. Soler Madariaga,SF,1908281,M. Aguado Tortella,SF,1959765,J. Rueda Choni,SF,1886093,E. Escuder Gonzalez,SF,1.6,99.0,2.0,2.0,0.0,48.5,48.5,0.0
2480209,14,981206,MCR LIMA-HORTA BARCELONA,HOME,2049841,E. Trawally Porta,SF,1494221,L. Soler Madariaga,SF,1908281,M. Aguado Tortella,SF,1959765,J. Rueda Choni,SF,1912814,N. Barrientos Pereira,SF,0.8,48.0,2.0,0.0,2.0,100.0,0.0,100.0
2480209,14,981206,MCR LIMA-HORTA BARCELONA,HOME,2049841,E. Trawally Porta,SF,1494221,L. Soler Madariaga,SF,1908281,M. Aguado Tortella,SF,1959765,J. Rueda Choni,SF,1958425,L. Roig I Salrach,SF,4.4,262.0,4.0,5.0,-1.0,36.6,45.8,-9.2
2480209,14,981206,MCR LIMA-HORTA BARCELONA,HOME,2049841,E. Trawally Porta,SF,1494221,L. Soler Madariaga,SF,1908281,M. Aguado Tortella,SF,1968768,I. Subirats Teruel,SF,1958425,L. Roig I Salrach,SF,2.4,143.0,8.0,0.0,8.0,134.3,0.0,134.3
2480209,14,981206,MCR LIMA-HORTA BARCELONA,HOME,2049841,E. Trawally Porta,SF,1494221,L. Soler Madariaga,SF,1959765,J. Rueda Choni,SF,1958425,L. Roig I Salrach,SF,1912814,N. Barrientos Pereira,SF,0.8,51.0,0.0,2.0,-2.0,0.0,94.1,-94.1
2480209,14,981206,MCR LIMA-HORTA BARCELONA,HOME,2049841,E. Trawally Porta,SF,1494221,L. Soler Madariaga,SF,1968768,I. Subirats Teruel,SF,1958425,L. Roig I Salrach,SF,1912814,N. Barrientos Pereira,SF,1.1,65.0,0.0,0.0,0.0,0.0,0.0,0.0
2480209,14,981206,MCR LIMA-HORTA BARCELONA,HOME,2049841,E. Trawally Porta,SF,1908281,M. Aguado Tortella,SF,1968768,I. Subirats Teruel,SF,1958425,L. Roig I Salrach,SF,1886093,E. Escuder Gonzalez,SF,0.1,4.0,0.0,2.0,-2.0,0.0,1200.0,-1200.0
2480209,14,981206,MCR LIMA-HORTA BARCELONA,HOME,2049841,E. Trawally Porta,SF,1959765,J. Rueda Choni,SF,1968768,I. Subirats Teruel,SF,1886093,E. Escuder Gonzalez,SF,1912814,N. Barrientos Pereira,SF,2.7,162.0,5.0,0.0,5.0,74.1,0.0,74.1
2480209,14,981206,MCR LIMA-HORTA BARCELONA,HOME,2049841,E. Trawally Porta,SF,1959765,J. Rueda Choni,SF,1968768,I. Subirats Teruel,SF,1958425,L. Roig I Salrach,SF,1886093,E. Escuder Gonzalez,SF,1.1,66.0,3.0,5.0,-2.0,109.1,181.8,-72.7
2480209,14,981206,MCR LIMA-HORTA BARCELONA,HOME,2235190,E. Morales López,SF,1494221,L. Soler Madariaga,SF,1908281,M. Aguado Tortella,SF,1958425,L. Roig I Salrach,SF,1886093,E. Escuder Gonzalez,SF,2.2,130.0,0.0,5.0,-5.0,0.0,92.3,-92.3
2480209,14,981206,MCR LIMA-HORTA BARCELONA,HOME,2235190,E. Morales López,SF,1494221,L. Soler Madariaga,SF,1908281,M. Aguado Tortella,SF,1959765,J. Rueda Choni,SF,1912814,N. Barrientos Pereira,SF,3.2,193.0,4.0,4.0,0.0,49.7,49.7,0.0
2480209,14,981206,MCR LIMA-HORTA BARCELONA,HOME,2235190,E. Morales López,SF,1494221,L. Soler Madariaga,SF,1908281,M. Aguado Tortella,SF,1959765,J. Rueda Choni,SF,1958425,L. Roig I Salrach,SF,1.5,89.0,2.0,5.0,-3.0,53.9,134.8,-80.9
2480209,14,981206,MCR LIMA-HORTA BARCELONA,HOME,2235190,E. Morales López,SF,1494221,L. Soler Madariaga,SF,1908281,M. Aguado Tortella,SF,1968768,I. Subirats Teruel,SF,1958425,L. Roig I Salrach,SF,1.0,62.0,0.0,1.0,-1.0,0.0,38.7,-38.7
2480209,14,981206,MCR LIMA-HORTA BARCELONA,HOME,2235190,E. Morales López,SF,1908281,M. Aguado Tortella,SF,1959765,J. Rueda Choni,SF,1958425,L. Roig I Salrach,SF,2042157,C. Ripoll Moya,SF,1.4,87.0,0.0,2.0,-2.0,0.0,55.2,-55.2
2480209,14,981206,MCR LIMA-HORTA BARCELONA,HOME,2235190,E. Morales López,SF,1959765,J. Rueda Choni,SF,1968768,I. Subirats Teruel,SF,1958425,L. Roig I Salrach,SF,2042157,C. Ripoll Moya,SF,1.3,77.0,2.0,0.0,2.0,62.3,0.0,62.3
2480209,14,981206,MCR LIMA-HORTA BARCELONA,HOME,2235190,E. Morales López,SF,2049841,E. Trawally Porta,SF,1908281,M. Aguado Tortella,SF,1959765,J. Rueda Choni,SF,1886093,E. Escuder Gonzalez,SF,1.3,80.0,2.0,0.0,2.0,60.0,0.0,60.0
2480209,14,981206,MCR LIMA-HORTA BARCELONA,HOME,2235190,E. Morales López,SF,2049841,E. Trawally Porta,SF,1908281,M. Aguado Tortella,SF,1959765,J. Rueda Choni,SF,1958425,L. Roig I Salrach,SF,2.4,143.0,4.0,3.0,1.0,67.1,50.3,16.8
2480209,14,981206,MCR LIMA-HORTA BARCELONA,HOME,2235190,E. Morales López,SF,2049841,E. Trawally Porta,SF,1908281,M. Aguado Tortella,SF,1968768,I. Subirats Teruel,SF,1958425,L. Roig I Salrach,SF,3.4,208.0,3.0,11.0,-8.0,34.6,126.9,-92.3
2480209,14,981206,MCR LIMA-HORTA BARCELONA,HOME,2235190,E. Morales López,SF,2049841,E. Trawally Porta,SF,1959765,J. Rueda Choni,SF,1968768,I. Subirats Teruel,SF,1958425,L. Roig I Salrach,SF,0.3,19.0,2.0,0.0,2.0,252.6,0.0,252.6
2480209,14,981206,MCR LIMA-HORTA BARCELONA,HOME,2235190,E. Morales López,SF,2049841,E. Trawally Porta,SF,1968768,I. Subirats Teruel,SF,1958425,L. Roig I Salrach,SF,1886093,E. Escuder Gonzalez,SF,1.1,66.0,0.0,2.0,-2.0,0.0,72.7,-72.7
2480209,14,981208,ALTER ENERSUN AL-QÁZERES EXTREMADURA,AWAY,1860325,L. Fontela Cabaleiro,SF,1112483,L. Mendez Lamas,SF,2432389,J. De Barros Filipe,SF,1902336,N. Liste Alfonsin,SF,1889214,C. Prieto Pereda,SF,1.4,84.0,0.0,5.0,-5.0,0.0,142.9,-142.9
2480209,14,981208,ALTER ENERSUN AL-QÁZERES EXTREMADURA,AWAY,1860325,L. Fontela Cabaleiro,SF,2815153,V. Gauna,SF,1902336,N. Liste Alfonsin,SF,2815234,I. Tavares Ramos,SF,2044012,C. Suárez Fernández,SF,3.0,180.0,4.0,4.0,0.0,53.3,53.3,0.0
2480209,14,981208,ALTER ENERSUN AL-QÁZERES EXTREMADURA,AWAY,1860325,L. Fontela Cabaleiro,SF,2815153,V. Gauna,SF,2432389,J. De Barros Filipe,SF,1902336,N. Liste Alfonsin,SF,2815234,I. Tavares Ramos,SF,0.7,43.0,2.0,0.0,2.0,111.6,0.0,111.6
2480209,14,981208,ALTER ENERSUN AL-QÁZERES EXTREMADURA,AWAY,2056237,L. Salmeron Segu,SF,1112483,L. Mendez Lamas,SF,2432389,J. De Barros Filipe,SF,1902336,N. Liste Alfonsin,SF,2815234,I. Tavares Ramos,SF,0.8,51.0,2.0,0.0,2.0,94.1,0.0,94.1
2480209,14,981208,ALTER ENERSUN AL-QÁZERES EXTREMADURA,AWAY,2056237,L. Salmeron Segu,SF,1860325,L. Fontela Cabaleiro,SF,1112483,L. Mendez Lamas,SF,1902336,N. Liste Alfonsin,SF,2815234,I. Tavares Ramos,SF,2.6,162.0,4.0,5.0,-1.0,59.3,74.1,-14.8
2480209,14,981208,ALTER ENERSUN AL-QÁZERES EXTREMADURA,AWAY,2056237,L. Salmeron Segu,SF,1860325,L. Fontela Cabaleiro,SF,1112483,L. Mendez Lamas,SF,2432389,J. De Barros Filipe,SF,1902336,N. Liste Alfonsin,SF,3.1,182.0,4.0,3.0,1.0,52.7,39.6,13.2
2480209,14,981208,ALTER ENERSUN AL-QÁZERES EXTREMADURA,AWAY,2056237,L. Salmeron Segu,SF,1860325,L. Fontela Cabaleiro,SF,2432389,J. De Barros Filipe,SF,1902336,N. Liste Alfonsin,SF,2815234,I. Tavares Ramos,SF,4.1,242.0,10.0,2.0,8.0,99.2,19.8,79.3
2480209,14,981208,ALTER ENERSUN AL-QÁZERES EXTREMADURA,AWAY,2056237,L. Salmeron Segu,SF,1860325,L. Fontela Cabaleiro,SF,2815153,V. Gauna,SF,1112483,L. Mendez Lamas,SF,1902336,N. Liste Alfonsin,SF,4.0,241.0,4.0,6.0,-2.0,39.8,59.8,-19.9
2480209,14,981208,ALTER ENERSUN AL-QÁZERES EXTREMADURA,AWAY,2056237,L. Salmeron Segu,SF,1860325,L. Fontela Cabaleiro,SF,2815153,V. Gauna,SF,1902336,N. Liste Alfonsin,SF,1889214,C. Prieto Pereda,SF,0.3,18.0,0.0,0.0,0.0,0.0,0.0,0.0
2480209,14,981208,ALTER ENERSUN AL-QÁZERES EXTREMADURA,AWAY,2056237,L. Salmeron Segu,SF,1860325,L. Fontela Cabaleiro,SF,2815153,V. Gauna,SF,1902336,N. Liste Alfonsin,SF,2815234,I. Tavares Ramos,SF,1.6,94.0,0.0,0.0,0.0,0.0,0.0,0.0
2480209,14,981208,ALTER ENERSUN AL-QÁZERES EXTREMADURA,AWAY,2056237,L. Salmeron Segu,SF,1860325,L. Fontela Cabaleiro,SF,2815153,V. Gauna,SF,2432389,J. De Barros Filipe,SF,1902336,N. Liste Alfonsin,SF,3.3,203.0,3.0,6.0,-3.0,35.5,70.9,-35.5
2480209,14,981208,ALTER ENERSUN AL-QÁZERES EXTREMADURA,AWAY,2056237,L. Salmeron Segu,SF,2815153,V. Gauna,SF,1112483,L. Mendez Lamas,SF,2432389,J. De Barros Filipe,SF,1902336,N. Liste Alfonsin,SF,2.4,141.0,0.0,4.0,-4.0,0.0,68.1,-68.1
2480209,14,981208,ALTER ENERSUN AL-QÁZERES EXTREMADURA,AWAY,2056237,L. Salmeron Segu,SF,2815153,V. Gauna,SF,2432389,J. De Barros Filipe,SF,1902336,N. Liste Alfonsin,SF,1889214,C. Prieto Pereda,SF,2.9,177.0,8.0,2.0,6.0,108.5,27.1,81.4
2480209,14,981208,ALTER ENERSUN AL-QÁZERES EXTREMADURA,AWAY,2056237,L. Salmeron Segu,SF,2815153,V. Gauna,SF,2432389,J. De Barros Filipe,SF,1902336,N. Liste Alfonsin,SF,2815234,I. Tavares Ramos,SF,4.9,294.0,14.0,5.0,9.0,114.3,40.8,73.5
2480209,14,981208,ALTER ENERSUN AL-QÁZERES EXTREMADURA,AWAY,2815153,V. Gauna,SF,2432389,J. De Barros Filipe,SF,1902336,N. Liste Alfonsin,SF,2815234,I. Tavares Ramos,SF,2044012,C. Suárez Fernández,SF,4.7,288.0,2.0,9.0,-7.0,16.7,75.0,-58.3
2480210,14,979770,MELILLA CIUDAD DEL DEPORTE LA SALLE,HOME,1756623,A. Hernangomez Geuer,SF,1946976,L. Moya Blanch,SF,1454479,A. Senosiain Vergarachea,SF,2814864,R. Monteiro Da Silva,SF,1587316,C. Caceres Ayala,SF,1.3,76.0,3.0,2.0,1.0,94.7,63.2,31.6
2480210,14,979770,MELILLA CIUDAD DEL DEPORTE LA SALLE,HOME,1756623,A. Hernangomez Geuer,SF,1946976,L. Moya Blanch,SF,1454479,A. Senosiain Vergarachea,SF,2814864,R. Monteiro Da Silva,SF,2648563,M. D'Urso Vallina,SF,1.2,67.0,3.0,3.0,0.0,107.5,107.5,0.0
2480210,14,979770,MELILLA CIUDAD DEL DEPORTE LA SALLE,HOME,1756623,A. Hernangomez Geuer,SF,2104399,C. Garcia Muñoz,SF,1454479,A. Senosiain Vergarachea,SF,1587316,C. Caceres Ayala,SF,2648563,M. D'Urso Vallina,SF,0.3,20.0,0.0,3.0,-3.0,0.0,360.0,-360.0
2480210,14,979770,MELILLA CIUDAD DEL DEPORTE LA SALLE,HOME,1756623,A. Hernangomez Geuer,SF,2104399,C. Garcia Muñoz,SF,1454479,A. Senosiain Vergarachea,SF,2648563,M. D'Urso Vallina,SF,1829640,A. Sanchez Davila,SF,1.3,76.0,2.0,3.0,-1.0,63.2,94.7,-31.6
2480210,14,979770,MELILLA CIUDAD DEL DEPORTE LA SALLE,HOME,2104399,C. Garcia Muñoz,SF,1713801,C. Torrubia Cano,SF,1454479,A. Senosiain Vergarachea,SF,2814864,R. Monteiro Da Silva,SF,1587316,C. Caceres Ayala,SF,0.1,5.0,0.0,0.0,0.0,0.0,0.0,0.0
2480210,14,979770,MELILLA CIUDAD DEL DEPORTE LA SALLE,HOME,2104399,C. Garcia Muñoz,SF,1756623,A. Hernangomez Geuer,SF,1454479,A. Senosiain Vergarachea,SF,1587316,C. Caceres Ayala,SF,2648563,M. D'Urso Vallina,SF,1.2,72.0,0.0,0.0,0.0,0.0,0.0,0.0
2480210,14,979770,MELILLA CIUDAD DEL DEPORTE LA SALLE,HOME,2104399,C. Garcia Muñoz,SF,1756623,A. Hernangomez Geuer,SF,1454479,A. Senosiain Vergarachea,SF,2814864,R. Monteiro Da Silva,SF,1587316,C. Caceres Ayala,SF,9.2,551.0,14.0,13.0,1.0,61.0,56.6,4.4
2480210,14,979770,MELILLA CIUDAD DEL DEPORTE LA SALLE,HOME,2104399,C. Garcia Muñoz,SF,1756623,A. Hernangomez Geuer,SF,1454479,A. Senosiain Vergarachea,SF,2814864,R. Monteiro Da Silva,SF,2648563,M. D'Urso Vallina,SF,0.5,32.0,0.0,2.0,-2.0,0.0,150.0,-150.0
2480210,14,979770,MELILLA CIUDAD DEL DEPORTE LA SALLE,HOME,2432929,M. Davydova,SF,1713801,C. Torrubia Cano,SF,1756623,A. Hernangomez Geuer,SF,1454479,A. Senosiain Vergarachea,SF,1587316,C. Caceres Ayala,SF,3.0,178.0,4.0,5.0,-1.0,53.9,67.4,-13.5
2480210,14,979770,MELILLA CIUDAD DEL DEPORTE LA SALLE,HOME,2432929,M. Davydova,SF,1713801,C. Torrubia Cano,SF,1756623,A. Hernangomez Geuer,SF,1454479,A. Senosiain Vergarachea,SF,2648563,M. D'Urso Vallina,SF,1.2,70.0,2.0,3.0,-1.0,68.6,102.9,-34.3
2480210,14,979770,MELILLA CIUDAD DEL DEPORTE LA SALLE,HOME,2432929,M. Davydova,SF,1756623,A. Hernangomez Geuer,SF,1454479,A. Senosiain Vergarachea,SF,2648563,M. D'Urso Vallina,SF,1829640,A. Sanchez Davila,SF,1.0,62.0,0.0,1.0,-1.0,0.0,38.7,-38.7
2480210,14,979770,MELILLA CIUDAD DEL DEPORTE LA SALLE,HOME,2432929,M. Davydova,SF,1756623,A. Hernangomez Geuer,SF,1454479,A. Senosiain Vergarachea,SF,2814864,R. Monteiro Da Silva,SF,1587316,C. Caceres Ayala,SF,0.8,47.0,0.0,0.0,0.0,0.0,0.0,0.0
2480210,14,979770,MELILLA CIUDAD DEL DEPORTE LA SALLE,HOME,2432929,M. Davydova,SF,1756623,A. Hernangomez Geuer,SF,1454479,A. Senosiain Vergarachea,SF,2814864,R. Monteiro Da Silva,SF,2648563,M. D'Urso Vallina,SF,2.7,165.0,2.0,5.0,-3.0,29.1,72.7,-43.6
2480210,14,979770,MELILLA CIUDAD DEL DEPORTE LA SALLE,HOME,2432929,M. Davydova,SF,1946976,L. Moya Blanch,SF,1454479,A. Senosiain Vergarachea,SF,2648563,M. D'Urso Vallina,SF,1829640,A. Sanchez Davila,SF,0.3,17.0,0.0,2.0,-2.0,0.0,282.4,-282.4
2480210,14,979770,MELILLA CIUDAD DEL DEPORTE LA SALLE,HOME,2432929,M. Davydova,SF,1946976,L. Moya Blanch,SF,1454479,A. Senosiain Vergarachea,SF,2814864,R. Monteiro Da Silva,SF,1829640,A. Sanchez Davila,SF,4.5,267.0,6.0,6.0,0.0,53.9,53.9,0.0
2480210,14,979770,MELILLA CIUDAD DEL DEPORTE LA SALLE,HOME,2432929,M. Davydova,SF,1946976,L. Moya Blanch,SF,1454479,A. Senosiain Vergarachea,SF,2814864,R. Monteiro Da Silva,SF,2648563,M. D'Urso Vallina,SF,11.5,695.0,20.0,24.0,-4.0,69.1,82.9,-13.8
2480210,14,979919,RECOLETAS ZAMORA,AWAY,1599354,A. Tainta Lizalde,SF,1942017,A. Martin Tejedor,SF,2110765,A. Perez Relancio,SF,1259670,B. Sanchez Marrufo,SF,2047146,M. Fernandez Muñoz,SF,2.9,172.0,5.0,2.0,3.0,69.8,27.9,41.9
2480210,14,979919,RECOLETAS ZAMORA,AWAY,1599354,A. Tainta Lizalde,SF,1942017,A. Martin Tejedor,SF,2561100,F. Pouye,SF,1259670,B. Sanchez Marrufo,SF,2047146,M. Fernandez Muñoz,SF,4.2,254.0,6.0,5.0,1.0,56.7,47.2,9.4
2480210,14,979919,RECOLETAS ZAMORA,AWAY,1599354,A. Tainta Lizalde,SF,1942017,A. Martin Tejedor,SF,2734310,E. Resende Carregosa,SF,2110765,A. Perez Relancio,SF,1259670,B. Sanchez Marrufo,SF,2.2,130.0,0.0,2.0,-2.0,0.0,36.9,-36.9
2480210,14,979919,RECOLETAS ZAMORA,AWAY,1599354,A. Tainta Lizalde,SF,1942017,A. Martin Tejedor,SF,2734310,E. Resende Carregosa,SF,2561100,F. Pouye,SF,1259670,B. Sanchez Marrufo,SF,3.7,225.0,14.0,6.0,8.0,149.3,64.0,85.3
2480210,14,979919,RECOLETAS ZAMORA,AWAY,1599354,A. Tainta Lizalde,SF,2239381,D. Angel Villen,SF,1942017,A. Martin Tejedor,SF,2110765,A. Perez Relancio,SF,1259670,B. Sanchez Marrufo,SF,2.7,164.0,10.0,5.0,5.0,146.3,73.2,73.2
2480210,14,979919,RECOLETAS ZAMORA,AWAY,1599354,A. Tainta Lizalde,SF,2239381,D. Angel Villen,SF,1942017,A. Martin Tejedor,SF,2561100,F. Pouye,SF,1259670,B. Sanchez Marrufo,SF,1.4,81.0,0.0,2.0,-2.0,0.0,59.3,-59.3
2480210,14,979919,RECOLETAS ZAMORA,AWAY,1599354,A. Tainta Lizalde,SF,2239381,D. Angel Villen,SF,1942017,A. Martin Tejedor,SF,2734310,E. Resende Carregosa,SF,1259670,B. Sanchez Marrufo,SF,2.5,147.0,3.0,4.0,-1.0,49.0,65.3,-16.3
2480210,14,979919,RECOLETAS ZAMORA,AWAY,1599354,A. Tainta Lizalde,SF,2239381,D. Angel Villen,SF,1942017,A. Martin Tejedor,SF,2734310,E. Resende Carregosa,SF,2561100,F. Pouye,SF,6.7,408.0,13.0,5.0,8.0,76.5,29.4,47.1
2480210,14,979919,RECOLETAS ZAMORA,AWAY,1599354,A. Tainta Lizalde,SF,2817152,F. Filor,SF,1942017,A. Martin Tejedor,SF,2734310,E. Resende Carregosa,SF,2561100,F. Pouye,SF,1.6,96.0,5.0,2.0,3.0,125.0,50.0,75.0
2480210,14,979919,RECOLETAS ZAMORA,AWAY,1599354,A. Tainta Lizalde,SF,2817152,F. Filor,SF,2239381,D. Angel Villen,SF,1942017,A. Martin Tejedor,SF,2110765,A. Perez Relancio,SF,0.2,11.0,0.0,0.0,0.0,0.0,0.0,0.0
2480210,14,979919,RECOLETAS ZAMORA,AWAY,1599354,A. Tainta Lizalde,SF,2817152,F. Filor,SF,2239381,D. Angel Villen,SF,1942017,A. Martin Tejedor,SF,2561100,F. Pouye,SF,1.5,87.0,0.0,5.0,-5.0,0.0,137.9,-137.9
2480210,14,979919,RECOLETAS ZAMORA,AWAY,1599354,A. Tainta Lizalde,SF,2817152,F. Filor,SF,2239381,D. Angel Villen,SF,1942017,A. Martin Tejedor,SF,2734310,E. Resende Carregosa,SF,6.4,381.0,10.0,12.0,-2.0,63.0,75.6,-12.6
2480210,14,979919,RECOLETAS ZAMORA,AWAY,1599354,A. Tainta Lizalde,SF,2817152,F. Filor,SF,2239381,D. Angel Villen,SF,2734310,E. Resende Carregosa,SF,2110765,A. Perez Relancio,SF,4.1,244.0,6.0,6.0,0.0,59.0,59.0,0.0
2480211,14,981213,AZULMARINO MALLORCA PALMA,AWAY,2791252,A. Bulgak,SF,1083354,M. España Almendro,SF,1865395,M. Garcia Mateo,SF,1434977,C. Grande Pardo,SF,1527601,I. Junio Mbulito,SF,5.5,329.0,12.0,8.0,4.0,87.5,58.4,29.2
2480211,14,981213,AZULMARINO MALLORCA PALMA,AWAY,2791252,A. Bulgak,SF,2793759,J. Asinde,SF,2815892,A. Siciliano,SF,1083354,M. España Almendro,SF,1865395,M. Garcia Mateo,SF,33.0,1976.0,67.0,49.0,18.0,81.4,59.5,21.9
2480211,14,981213,AZULMARINO MALLORCA PALMA,AWAY,2791252,A. Bulgak,SF,2815892,A. Siciliano,SF,1083354,M. España Almendro,SF,1865395,M. Garcia Mateo,SF,1434977,C. Grande Pardo,SF,1.6,95.0,3.0,5.0,-2.0,75.8,126.3,-50.5
2480211,14,981288,SERNOVA RENOVABLES REAL CANOE,HOME,2021397,A. Esnal Aguirre,SF,1787143,C. Mato De Prada,SF,1242234,C. Rodriguez Nuñez,SF,2818945,O. Santana Moldavsky,SF,1859345,L. Fleta Robles,SF,1.6,95.0,5.0,3.0,2.0,126.3,75.8,50.5
2480211,14,981288,SERNOVA RENOVABLES REAL CANOE,HOME,2021397,A. Esnal Aguirre,SF,1787143,C. Mato De Prada,SF,1927626,C. Flores Garcia,SF,1242234,C. Rodriguez Nuñez,SF,1859345,L. Fleta Robles,SF,2.6,158.0,3.0,6.0,-3.0,45.6,91.1,-45.6
2480211,14,981288,SERNOVA RENOVABLES REAL CANOE,HOME,2021397,A. Esnal Aguirre,SF,1927626,C. Flores Garcia,SF,1242234,C. Rodriguez Nuñez,SF,1859345,L. Fleta Robles,SF,1745108,M. Torres Municio,SF,2.9,171.0,5.0,6.0,-1.0,70.2,84.2,-14.0
2480211,14,981288,SERNOVA RENOVABLES REAL CANOE,HOME,2097038,P. De Mier Espina,SF,1787143,C. Mato De Prada,SF,1242234,C. Rodriguez Nuñez,SF,2818945,O. Santana Moldavsky,SF,1859345,L. Fleta Robles,SF,5.1,307.0,5.0,14.0,-9.0,39.1,109.4,-70.4
2480211,14,981288,SERNOVA RENOVABLES REAL CANOE,HOME,2097038,P. De Mier Espina,SF,1787143,C. Mato De Prada,SF,1927626,C. Flores Garcia,SF,2818945,O. Santana Moldavsky,SF,1859345,L. Fleta Robles,SF,1.6,96.0,2.0,5.0,-3.0,50.0,125.0,-75.0
2480211,14,981288,SERNOVA RENOVABLES REAL CANOE,HOME,2097038,P. De Mier Espina,SF,1927626,C. Flores Garcia,SF,1242234,C. Rodriguez Nuñez,SF,2818945,O. Santana Moldavsky,SF,1859345,L. Fleta Robles,SF,5.1,307.0,17.0,11.0,6.0,132.9,86.0,46.9
2480211,14,981288,SERNOVA RENOVABLES REAL CANOE,HOME,2097038,P. De Mier Espina,SF,2021397,A. Esnal Aguirre,SF,1787143,C. Mato De Prada,SF,1242234,C. Rodriguez Nuñez,SF,2818945,O. Santana Moldavsky,SF,9.6,575.0,8.0,20.0,-12.0,33.4,83.5,-50.1
2480211,14,981288,SERNOVA RENOVABLES REAL CANOE,HOME,2097038,P. De Mier Espina,SF,2021397,A. Esnal Aguirre,SF,1787143,C. Mato De Prada,SF,1927626,C. Flores Garcia,SF,1242234,C. Rodriguez Nuñez,SF,6.0,359.0,9.0,7.0,2.0,60.2,46.8,13.4
2480211,14,981288,SERNOVA RENOVABLES REAL CANOE,HOME,2097038,P. De Mier Espina,SF,2021397,A. Esnal Aguirre,SF,1787143,C. Mato De Prada,SF,1927626,C. Flores Garcia,SF,2818945,O. Santana Moldavsky,SF,1.7,100.0,2.0,4.0,-2.0,48.0,96.0,-48.0
2480211,14,981288,SERNOVA RENOVABLES REAL CANOE,HOME,2097038,P. De Mier Espina,SF,2021397,A. Esnal Aguirre,SF,1927626,C. Flores Garcia,SF,1242234,C. Rodriguez Nuñez,SF,1859345,L. Fleta Robles,SF,1.7,102.0,2.0,2.0,0.0,47.1,47.1,0.0
2480211,14,981288,SERNOVA RENOVABLES REAL CANOE,HOME,2097038,P. De Mier Espina,SF,2021397,A. Esnal Aguirre,SF,1927626,C. Flores Garcia,SF,2818945,O. Santana Moldavsky,SF,1859345,L. Fleta Robles,SF,2.2,130.0,4.0,4.0,0.0,73.8,73.8,0.0
2480212,14,979988,FUSTECMA NBF CASTELLÓ,HOME,1680760,S. Carli Del Pino,SF,2131367,S. Basaez Narvaez,SF,1460562,C. Perez Relancio,SF,2087212,L. Ruiz De La Hermosa Arce,SF,2815082,M. Agyei,SF,1.1,69.0,0.0,0.0,0.0,0.0,0.0,0.0
2480212,14,979988,FUSTECMA NBF CASTELLÓ,HOME,1680760,S. Carli Del Pino,SF,2131367,S. Basaez Narvaez,SF,1460562,C. Perez Relancio,SF,2815082,M. Agyei,SF,2144678,L. Jovena Meseguer,SF,3.5,209.0,5.0,0.0,5.0,57.4,0.0,57.4
2480212,14,979988,FUSTECMA NBF CASTELLÓ,HOME,1680760,S. Carli Del Pino,SF,2131367,S. Basaez Narvaez,SF,2274867,L. De Giacomo,SF,1460562,C. Perez Relancio,SF,2087212,L. Ruiz De La Hermosa Arce,SF,2.3,134.0,7.0,3.0,4.0,125.4,53.7,71.6
2480212,14,979988,FUSTECMA NBF CASTELLÓ,HOME,1680760,S. Carli Del Pino,SF,2131367,S. Basaez Narvaez,SF,2274867,L. De Giacomo,SF,2815082,M. Agyei,SF,1460562,C. Perez Relancio,SF,1.4,85.0,0.0,2.0,-2.0,0.0,56.5,-56.5
2480212,14,979988,FUSTECMA NBF CASTELLÓ,HOME,1680760,S. Carli Del Pino,SF,2131367,S. Basaez Narvaez,SF,2274867,L. De Giacomo,SF,2815082,M. Agyei,SF,2087212,L. Ruiz De La Hermosa Arce,SF,0.1,8.0,3.0,2.0,1.0,900.0,600.0,300.0
2480212,14,979988,FUSTECMA NBF CASTELLÓ,HOME,1680760,S. Carli Del Pino,SF,2131367,S. Basaez Narvaez,SF,2815082,M. Agyei,SF,1460562,C. Perez Relancio,SF,2144678,L. Jovena Meseguer,SF,1.7,105.0,2.0,5.0,-3.0,45.7,114.3,-68.6
2480212,14,979988,FUSTECMA NBF CASTELLÓ,HOME,1680760,S. Carli Del Pino,SF,2815082,M. Agyei,SF,1460562,C. Perez Relancio,SF,2087212,L. Ruiz De La Hermosa Arce,SF,2144678,L. Jovena Meseguer,SF,3.7,223.0,2.0,0.0,2.0,21.5,0.0,21.5
2480212,14,979988,FUSTECMA NBF CASTELLÓ,HOME,1680760,S. Carli Del Pino,SF,2829993,G. Aiello,SF,1460562,C. Perez Relancio,SF,2087212,L. Ruiz De La Hermosa Arce,SF,2815082,M. Agyei,SF,1.2,75.0,5.0,0.0,5.0,160.0,0.0,160.0
2480212,14,979988,FUSTECMA NBF CASTELLÓ,HOME,1680760,S. Carli Del Pino,SF,2829993,G. Aiello,SF,2131367,S. Basaez Narvaez,SF,1460562,C. Perez Relancio,SF,2087212,L. Ruiz De La Hermosa Arce,SF,5.4,327.0,10.0,7.0,3.0,73.4,51.4,22.0
2480212,14,979988,FUSTECMA NBF CASTELLÓ,HOME,1680760,S. Carli Del Pino,SF,2829993,G. Aiello,SF,2131367,S. Basaez Narvaez,SF,2274867,L. De Giacomo,SF,1618451,L. Campos De Bengoa,SF,2.6,156.0,2.0,2.0,0.0,30.8,30.8,0.0
2480212,14,979988,FUSTECMA NBF CASTELLÓ,HOME,1680760,S. Carli Del Pino,SF,2829993,G. Aiello,SF,2131367,S. Basaez Narvaez,SF,2274867,L. De Giacomo,SF,2087212,L. Ruiz De La Hermosa Arce,SF,6.1,365.0,7.0,10.0,-3.0,46.0,65.8,-19.7
2480212,14,979988,FUSTECMA NBF CASTELLÓ,HOME,1680760,S. Carli Del Pino,SF,2829993,G. Aiello,SF,2131367,S. Basaez Narvaez,SF,2815082,M. Agyei,SF,1460562,C. Perez Relancio,SF,2.4,146.0,2.0,5.0,-3.0,32.9,82.2,-49.3
2480212,14,979988,FUSTECMA NBF CASTELLÓ,HOME,1680760,S. Carli Del Pino,SF,2829993,G. Aiello,SF,2274867,L. De Giacomo,SF,2087212,L. Ruiz De La Hermosa Arce,SF,1618451,L. Campos De Bengoa,SF,3.4,205.0,6.0,0.0,6.0,70.2,0.0,70.2
2480212,14,979988,FUSTECMA NBF CASTELLÓ,HOME,2829993,G. Aiello,SF,2274867,L. De Giacomo,SF,2815082,M. Agyei,SF,2087212,L. Ruiz De La Hermosa Arce,SF,1618451,L. Campos De Bengoa,SF,4.9,293.0,2.0,12.0,-10.0,16.4,98.3,-81.9
2480212,14,981306,CAJASOL BALONCESTO SEVILLA FEMENINO,AWAY,1679391,M. Martinez Carranza,SF,1758184,C. Sanchez Fernandez-Satorre,SF,2791616,L. Vorphal,SF,1811227,C. Arfinengo Del Carpio,SF,1999405,N. Anitua Garcia,SF,0.7,44.0,0.0,5.0,-5.0,0.0,272.7,-272.7
2480212,14,981306,CAJASOL BALONCESTO SEVILLA FEMENINO,AWAY,1679391,M. Martinez Carranza,SF,1758184,C. Sanchez Fernandez-Satorre,SF,2791616,L. Vorphal,SF,1811227,C. Arfinengo Del Carpio,SF,2848574,E. Elliott,SF,4.9,293.0,12.0,2.0,10.0,98.3,16.4,81.9
2480212,14,981306,CAJASOL BALONCESTO SEVILLA FEMENINO,AWAY,1679391,M. Martinez Carranza,SF,1758184,C. Sanchez Fernandez-Satorre,SF,2791616,L. Vorphal,SF,2004240,N. Sanchez Robayo,SF,1811227,C. Arfinengo Del Carpio,SF,34.2,2063.0,36.0,46.0,-10.0,41.9,53.5,-11.6
2480213,14,979971,OSES CONSTRUCCION,HOME,1044456,M. Asurmendi Villaverde,SF,1593987,M. Recarte Mendive,SF,2561102,M. Blanco Morcillo,SF,2432513,V. Llorente,SF,1824910,S. Castro Marrero,SF,2.8,166.0,6.0,2.0,4.0,86.7,28.9,57.8
2480213,14,979971,OSES CONSTRUCCION,HOME,1044456,M. Asurmendi Villaverde,SF,2432778,J. Mungo Lanzetti,SF,2561102,M. Blanco Morcillo,SF,1593987,M. Recarte Mendive,SF,1824910,S. Castro Marrero,SF,2.0,123.0,0.0,3.0,-3.0,0.0,58.5,-58.5
2480213,14,979971,OSES CONSTRUCCION,HOME,1044456,M. Asurmendi Villaverde,SF,2432778,J. Mungo Lanzetti,SF,2561102,M. Blanco Morcillo,SF,2432513,V. Llorente,SF,1824910,S. Castro Marrero,SF,1.9,115.0,4.0,2.0,2.0,83.5,41.7,41.7
2480213,14,979971,OSES CONSTRUCCION,HOME,1044456,M. Asurmendi Villaverde,SF,2561097,A. Diez Pastor,SF,2432778,J. Mungo Lanzetti,SF,2561102,M. Blanco Morcillo,SF,1824910,S. Castro Marrero,SF,1.4,82.0,0.0,2.0,-2.0,0.0,58.5,-58.5
2480213,14,979971,OSES CONSTRUCCION,HOME,1044456,M. Asurmendi Villaverde,SF,2561097,A. Diez Pastor,SF,2432778,J. Mungo Lanzetti,SF,2561102,M. Blanco Morcillo,SF,2432513,V. Llorente,SF,3.6,222.0,5.0,6.0,-1.0,54.1,64.9,-10.8
2480213,14,979971,OSES CONSTRUCCION,HOME,1588922,L. Gutierrez Lancho,SF,1044456,M. Asurmendi Villaverde,SF,2432778,J. Mungo Lanzetti,SF,1593987,M. Recarte Mendive,SF,1824910,S. Castro Marrero,SF,1.5,87.0,2.0,5.0,-3.0,55.2,137.9,-82.8
2480213,14,979971,OSES CONSTRUCCION,HOME,1588922,L. Gutierrez Lancho,SF,2364706,F. Parra,SF,1593987,M. Recarte Mendive,SF,2432513,V. Llorente,SF,1824910,S. Castro Marrero,SF,0.1,8.0,0.0,0.0,0.0,0.0,0.0,0.0
2480213,14,979971,OSES CONSTRUCCION,HOME,1588922,L. Gutierrez Lancho,SF,2364706,F. Parra,SF,2432778,J. Mungo Lanzetti,SF,1593987,M. Recarte Mendive,SF,1824910,S. Castro Marrero,SF,2.0,125.0,0.0,2.0,-2.0,0.0,38.4,-38.4
2480213,14,979971,OSES CONSTRUCCION,HOME,1588922,L. Gutierrez Lancho,SF,2364706,F. Parra,SF,2432778,J. Mungo Lanzetti,SF,1824910,S. Castro Marrero,SF,2432513,V. Llorente,SF,6.9,412.0,13.0,13.0,0.0,75.7,75.7,0.0
2480213,14,979971,OSES CONSTRUCCION,HOME,1588922,L. Gutierrez Lancho,SF,2364706,F. Parra,SF,2432778,J. Mungo Lanzetti,SF,2432513,V. Llorente,SF,1824910,S. Castro Marrero,SF,5.4,322.0,4.0,11.0,-7.0,29.8,82.0,-52.2
2480213,14,979971,OSES CONSTRUCCION,HOME,1588922,L. Gutierrez Lancho,SF,2364706,F. Parra,SF,2432778,J. Mungo Lanzetti,SF,2561102,M. Blanco Morcillo,SF,1824910,S. Castro Marrero,SF,5.2,311.0,15.0,13.0,2.0,115.8,100.3,15.4
2480213,14,979971,OSES CONSTRUCCION,HOME,2364706,F. Parra,SF,1044456,M. Asurmendi Villaverde,SF,2432778,J. Mungo Lanzetti,SF,2432513,V. Llorente,SF,1824910,S. Castro Marrero,SF,0.4,22.0,0.0,0.0,0.0,0.0,0.0,0.0
2480213,14,979971,OSES CONSTRUCCION,HOME,2364706,F. Parra,SF,1044456,M. Asurmendi Villaverde,SF,2561097,A. Diez Pastor,SF,2432513,V. Llorente,SF,1824910,S. Castro Marrero,SF,3.4,201.0,0.0,2.0,-2.0,0.0,23.9,-23.9
2480213,14,979971,OSES CONSTRUCCION,HOME,2364706,F. Parra,SF,2432778,J. Mungo Lanzetti,SF,2561102,M. Blanco Morcillo,SF,1593987,M. Recarte Mendive,SF,1824910,S. Castro Marrero,SF,0.3,16.0,0.0,0.0,0.0,0.0,0.0,0.0
2480213,14,979971,OSES CONSTRUCCION,HOME,2364706,F. Parra,SF,2561097,A. Diez Pastor,SF,1593987,M. Recarte Mendive,SF,2561102,M. Blanco Morcillo,SF,2432513,V. Llorente,SF,0.5,31.0,2.0,0.0,2.0,154.8,0.0,154.8
2480213,14,979971,OSES CONSTRUCCION,HOME,2364706,F. Parra,SF,2561097,A. Diez Pastor,SF,2432778,J. Mungo Lanzetti,SF,1593987,M. Recarte Mendive,SF,2561102,M. Blanco Morcillo,SF,2.7,157.0,4.0,7.0,-3.0,61.1,107.0,-45.9
2480213,14,981334,UNICAJA MIJAS,AWAY,1317227,C. Garcia Paunero,SF,1884837,M. Roters Dubinina,SF,2413042,C. Guillen Uriguen,SF,1723860,S. Galeron Alvarez,SF,1954737,E. Puiggros Rovira,SF,1.5,89.0,2.0,0.0,2.0,53.9,0.0,53.9
2480213,14,981334,UNICAJA MIJAS,AWAY,1884837,M. Roters Dubinina,SF,1723860,S. Galeron Alvarez,SF,2012623,S. Lo Sylla,SF,1949233,A. Orois Aznarez,SF,1954737,E. Puiggros Rovira,SF,1.6,94.0,2.0,2.0,0.0,51.1,51.1,0.0
2480213,14,981334,UNICAJA MIJAS,AWAY,1884837,M. Roters Dubinina,SF,1723860,S. Galeron Alvarez,SF,2012623,S. Lo Sylla,SF,1949233,A. Orois Aznarez,SF,1994192,E. Moreno Fernandez,SF,4.4,268.0,5.0,9.0,-4.0,44.8,80.6,-35.8
2480213,14,981334,UNICAJA MIJAS,AWAY,1884837,M. Roters Dubinina,SF,2814756,C. Zimmerman,SF,2012623,S. Lo Sylla,SF,1949233,A. Orois Aznarez,SF,1994192,E. Moreno Fernandez,SF,2.0,123.0,3.0,0.0,3.0,58.5,0.0,58.5
2480213,14,981334,UNICAJA MIJAS,AWAY,2096249,T. Eke Benitez,SF,1317227,C. Garcia Paunero,SF,1884837,M. Roters Dubinina,SF,1723860,S. Galeron Alvarez,SF,1949233,A. Orois Aznarez,SF,1.6,97.0,0.0,0.0,0.0,0.0,0.0,0.0
2480213,14,981334,UNICAJA MIJAS,AWAY,2096249,T. Eke Benitez,SF,1317227,C. Garcia Paunero,SF,1884837,M. Roters Dubinina,SF,1723860,S. Galeron Alvarez,SF,1954737,E. Puiggros Rovira,SF,7.9,466.0,13.0,13.0,0.0,67.0,67.0,0.0
2480213,14,981334,UNICAJA MIJAS,AWAY,2096249,T. Eke Benitez,SF,1884837,M. Roters Dubinina,SF,1317227,C. Garcia Paunero,SF,1723860,S. Galeron Alvarez,SF,1954737,E. Puiggros Rovira,SF,3.0,182.0,5.0,2.0,3.0,65.9,26.4,39.6
2480213,14,981334,UNICAJA MIJAS,AWAY,2096249,T. Eke Benitez,SF,1884837,M. Roters Dubinina,SF,1723860,S. Galeron Alvarez,SF,1949233,A. Orois Aznarez,SF,1954737,E. Puiggros Rovira,SF,1.1,64.0,5.0,2.0,3.0,187.5,75.0,112.5
2480213,14,981334,UNICAJA MIJAS,AWAY,2096249,T. Eke Benitez,SF,2814756,C. Zimmerman,SF,1317227,C. Garcia Paunero,SF,1884837,M. Roters Dubinina,SF,1949233,A. Orois Aznarez,SF,1.2,72.0,0.0,0.0,0.0,0.0,0.0,0.0
2480213,14,981334,UNICAJA MIJAS,AWAY,2096249,T. Eke Benitez,SF,2814756,C. Zimmerman,SF,1884837,M. Roters Dubinina,SF,1317227,C. Garcia Paunero,SF,1949233,A. Orois Aznarez,SF,5.0,296.0,13.0,13.0,0.0,105.4,105.4,0.0
2480213,14,981334,UNICAJA MIJAS,AWAY,2096249,T. Eke Benitez,SF,2814756,C. Zimmerman,SF,1884837,M. Roters Dubinina,SF,1317227,C. Garcia Paunero,SF,1954737,E. Puiggros Rovira,SF,5.5,331.0,13.0,4.0,9.0,94.3,29.0,65.3
2480213,14,981334,UNICAJA MIJAS,AWAY,2096249,T. Eke Benitez,SF,2814756,C. Zimmerman,SF,1884837,M. Roters Dubinina,SF,1949233,A. Orois Aznarez,SF,1954737,E. Puiggros Rovira,SF,0.5,34.0,0.0,0.0,0.0,0.0,0.0,0.0
2480213,14,981334,UNICAJA MIJAS,AWAY,2814756,C. Zimmerman,SF,1317227,C. Garcia Paunero,SF,1884837,M. Roters Dubinina,SF,2012623,S. Lo Sylla,SF,1949233,A. Orois Aznarez,SF,1.9,112.0,5.0,4.0,1.0,107.1,85.7,21.4
2480213,14,981334,UNICAJA MIJAS,AWAY,2814756,C. Zimmerman,SF,1884837,M. Roters Dubinina,SF,2012623,S. Lo Sylla,SF,1949233,A. Orois Aznarez,SF,1954737,E. Puiggros Rovira,SF,2.5,148.0,2.0,6.0,-4.0,32.4,97.3,-64.9
2480213,14,981334,UNICAJA MIJAS,AWAY,2814756,C. Zimmerman,SF,1884837,M. Roters Dubinina,SF,2413042,C. Guillen Uriguen,SF,1949233,A. Orois Aznarez,SF,1954737,E. Puiggros Rovira,SF,0.4,24.0,0.0,0.0,0.0,0.0,0.0,0.0
2480214,14,981356,BOSONIT UNIBASKET,AWAY,1626810,C. Aldecoa Rodriguez,SF,1834784,E. Florez Pascual,SF,2819121,H. Forster,SF,2561556,C. Sañudo Trillo,SF,2151019,N. Padrosa Mons,SF,1.8,105.0,0.0,3.0,-3.0,0.0,68.6,-68.6
2480214,14,981356,BOSONIT UNIBASKET,AWAY,1626810,C. Aldecoa Rodriguez,SF,1834784,E. Florez Pascual,SF,2819121,H. Forster,SF,2735759,L. Van Schaik,SF,1821692,M. Alonso Guadaño,SF,1.1,66.0,0.0,0.0,0.0,0.0,0.0,0.0
2480214,14,981356,BOSONIT UNIBASKET,AWAY,1626810,C. Aldecoa Rodriguez,SF,1834784,E. Florez Pascual,SF,2819121,H. Forster,SF,2735759,L. Van Schaik,SF,2151019,N. Padrosa Mons,SF,1.8,113.0,2.0,5.0,-3.0,42.5,106.2,-63.7
2480214,14,981356,BOSONIT UNIBASKET,AWAY,1626810,C. Aldecoa Rodriguez,SF,2819119,T. Sedláková,SF,1678734,M. Llorente Ruiz,SF,1778980,I. Losada Gonzalez-Babe,SF,1821692,M. Alonso Guadaño,SF,5.2,309.0,6.0,7.0,-1.0,46.6,54.4,-7.8
2480214,14,981356,BOSONIT UNIBASKET,AWAY,1626810,C. Aldecoa Rodriguez,SF,2819119,T. Sedláková,SF,1778980,I. Losada Gonzalez-Babe,SF,2735759,L. Van Schaik,SF,1821692,M. Alonso Guadaño,SF,3.4,202.0,2.0,7.0,-5.0,23.8,83.2,-59.4
2480214,14,981356,BOSONIT UNIBASKET,AWAY,1626810,C. Aldecoa Rodriguez,SF,2819119,T. Sedláková,SF,1834784,E. Florez Pascual,SF,2735759,L. Van Schaik,SF,1821692,M. Alonso Guadaño,SF,0.3,21.0,0.0,3.0,-3.0,0.0,342.9,-342.9
2480214,14,981356,BOSONIT UNIBASKET,AWAY,1626810,C. Aldecoa Rodriguez,SF,2819119,T. Sedláková,SF,2561556,C. Sañudo Trillo,SF,2735759,L. Van Schaik,SF,1821692,M. Alonso Guadaño,SF,0.8,46.0,5.0,4.0,1.0,260.9,208.7,52.2
2480214,14,981356,BOSONIT UNIBASKET,AWAY,1626810,C. Aldecoa Rodriguez,SF,2819121,H. Forster,SF,1678734,M. Llorente Ruiz,SF,1778980,I. Losada Gonzalez-Babe,SF,1821692,M. Alonso Guadaño,SF,0.3,18.0,0.0,0.0,0.0,0.0,0.0,0.0
2480214,14,981356,BOSONIT UNIBASKET,AWAY,1626810,C. Aldecoa Rodriguez,SF,2819121,H. Forster,SF,1678734,M. Llorente Ruiz,SF,1778980,I. Losada Gonzalez-Babe,SF,2151019,N. Padrosa Mons,SF,2.2,133.0,4.0,4.0,0.0,72.2,72.2,0.0
2480214,14,981356,BOSONIT UNIBASKET,AWAY,1626810,C. Aldecoa Rodriguez,SF,2819121,H. Forster,SF,1778980,I. Losada Gonzalez-Babe,SF,2735759,L. Van Schaik,SF,1821692,M. Alonso Guadaño,SF,0.7,39.0,3.0,1.0,2.0,184.6,61.5,123.1
2480214,14,981356,BOSONIT UNIBASKET,AWAY,1626810,C. Aldecoa Rodriguez,SF,2819121,H. Forster,SF,1834784,E. Florez Pascual,SF,2735759,L. Van Schaik,SF,1821692,M. Alonso Guadaño,SF,0.9,53.0,0.0,1.0,-1.0,0.0,45.3,-45.3
2480214,14,981356,BOSONIT UNIBASKET,AWAY,1626810,C. Aldecoa Rodriguez,SF,2819121,H. Forster,SF,1834784,E. Florez Pascual,SF,2735759,L. Van Schaik,SF,2151019,N. Padrosa Mons,SF,4.9,291.0,8.0,10.0,-2.0,66.0,82.5,-16.5
2480214,14,981356,BOSONIT UNIBASKET,AWAY,1626810,C. Aldecoa Rodriguez,SF,2819121,H. Forster,SF,2819119,T. Sedláková,SF,2735759,L. Van Schaik,SF,1821692,M. Alonso Guadaño,SF,0.2,11.0,1.0,0.0,1.0,218.2,0.0,218.2
2480214,14,981356,BOSONIT UNIBASKET,AWAY,1834784,E. Florez Pascual,SF,2819119,T. Sedláková,SF,1678734,M. Llorente Ruiz,SF,2735759,L. Van Schaik,SF,1821692,M. Alonso Guadaño,SF,0.8,45.0,0.0,1.0,-1.0,0.0,53.3,-53.3
2480214,14,981356,BOSONIT UNIBASKET,AWAY,2819119,T. Sedláková,SF,1626810,C. Aldecoa Rodriguez,SF,1678734,M. Llorente Ruiz,SF,1778980,I. Losada Gonzalez-Babe,SF,1821692,M. Alonso Guadaño,SF,3.0,184.0,7.0,3.0,4.0,91.3,39.1,52.2
2480214,14,981356,BOSONIT UNIBASKET,AWAY,2819119,T. Sedláková,SF,1626810,C. Aldecoa Rodriguez,SF,1778980,I. Losada Gonzalez-Babe,SF,2735759,L. Van Schaik,SF,1821692,M. Alonso Guadaño,SF,1.7,103.0,2.0,6.0,-4.0,46.6,139.8,-93.2
2480214,14,981356,BOSONIT UNIBASKET,AWAY,2819119,T. Sedláková,SF,1626810,C. Aldecoa Rodriguez,SF,2735759,L. Van Schaik,SF,1821692,M. Alonso Guadaño,SF,1834784,E. Florez Pascual,SF,2.2,133.0,3.0,3.0,0.0,54.1,54.1,0.0
2480214,14,981356,BOSONIT UNIBASKET,AWAY,2819119,T. Sedláková,SF,1626810,C. Aldecoa Rodriguez,SF,2819121,H. Forster,SF,1678734,M. Llorente Ruiz,SF,1821692,M. Alonso Guadaño,SF,0.9,56.0,0.0,0.0,0.0,0.0,0.0,0.0
2480214,14,981356,BOSONIT UNIBASKET,AWAY,2819119,T. Sedláková,SF,1678734,M. Llorente Ruiz,SF,1778980,I. Losada Gonzalez-Babe,SF,2735759,L. Van Schaik,SF,1821692,M. Alonso Guadaño,SF,0.5,30.0,0.0,3.0,-3.0,0.0,240.0,-240.0
2480214,14,981356,BOSONIT UNIBASKET,AWAY,2819119,T. Sedláková,SF,1834784,E. Florez Pascual,SF,2561556,C. Sañudo Trillo,SF,2735759,L. Van Schaik,SF,1821692,M. Alonso Guadaño,SF,1.7,100.0,6.0,3.0,3.0,144.0,72.0,72.0
2480214,14,981356,BOSONIT UNIBASKET,AWAY,2819119,T. Sedláková,SF,2561556,C. Sañudo Trillo,SF,1778980,I. Losada Gonzalez-Babe,SF,2735759,L. Van Schaik,SF,1821692,M. Alonso Guadaño,SF,2.9,174.0,5.0,10.0,-5.0,69.0,137.9,-69.0
2480214,14,981356,BOSONIT UNIBASKET,AWAY,2819121,H. Forster,SF,1678734,M. Llorente Ruiz,SF,1778980,I. Losada Gonzalez-Babe,SF,2735759,L. Van Schaik,SF,1821692,M. Alonso Guadaño,SF,1.2,75.0,3.0,0.0,3.0,96.0,0.0,96.0
2480214,14,981356,BOSONIT UNIBASKET,AWAY,2819121,H. Forster,SF,1678734,M. Llorente Ruiz,SF,1778980,I. Losada Gonzalez-Babe,SF,2735759,L. Van Schaik,SF,2151019,N. Padrosa Mons,SF,1.0,61.0,4.0,1.0,3.0,157.4,39.3,118.0
2480214,14,981356,BOSONIT UNIBASKET,AWAY,2819121,H. Forster,SF,1834784,E. Florez Pascual,SF,2561556,C. Sañudo Trillo,SF,2735759,L. Van Schaik,SF,2151019,N. Padrosa Mons,SF,0.5,32.0,0.0,2.0,-2.0,0.0,150.0,-150.0
2480214,14,981492,CELTA  FEMXA ZORKA,HOME,2049773,D. Bermejo Escribano,SF,2276545,M. Vizmanos Iglesis,SF,1875311,C. Menendez Torres,SF,2121212,P. Salinas Mascuñana,SF,2814638,J. Kelliher,SF,0.9,53.0,2.0,2.0,0.0,90.6,90.6,0.0
2480214,14,981492,CELTA  FEMXA ZORKA,HOME,2049773,D. Bermejo Escribano,SF,2276545,M. Vizmanos Iglesis,SF,2121212,P. Salinas Mascuñana,SF,2814638,J. Kelliher,SF,2651124,A. Boquete Manna,SF,0.6,38.0,1.0,1.0,0.0,63.2,63.2,0.0
2480214,14,981492,CELTA  FEMXA ZORKA,HOME,2179703,N. Martínez Quintana,SF,2049773,D. Bermejo Escribano,SF,2179984,U. Rodríguez Silva,SF,2276545,M. Vizmanos Iglesis,SF,2121212,P. Salinas Mascuñana,SF,1.4,90.0,6.0,0.0,6.0,160.0,0.0,160.0
2480214,14,981492,CELTA  FEMXA ZORKA,HOME,2179703,N. Martínez Quintana,SF,2049773,D. Bermejo Escribano,SF,2276545,M. Vizmanos Iglesis,SF,1875311,C. Menendez Torres,SF,2121212,P. Salinas Mascuñana,SF,0.4,26.0,0.0,0.0,0.0,0.0,0.0,0.0
2480214,14,981492,CELTA  FEMXA ZORKA,HOME,2179703,N. Martínez Quintana,SF,2179984,U. Rodríguez Silva,SF,2276545,M. Vizmanos Iglesis,SF,1875311,C. Menendez Torres,SF,2121212,P. Salinas Mascuñana,SF,2.7,161.0,5.0,6.0,-1.0,74.5,89.4,-14.9
2480214,14,981492,CELTA  FEMXA ZORKA,HOME,2179703,N. Martínez Quintana,SF,2276545,M. Vizmanos Iglesis,SF,1875311,C. Menendez Torres,SF,2121212,P. Salinas Mascuñana,SF,2814638,J. Kelliher,SF,2.4,143.0,3.0,0.0,3.0,50.3,0.0,50.3
2480214,14,981492,CELTA  FEMXA ZORKA,HOME,2286825,M. Cabello Cañas,SF,2179703,N. Martínez Quintana,SF,2049773,D. Bermejo Escribano,SF,2291495,A. Rodriguez Vidal,SF,2121212,P. Salinas Mascuñana,SF,1.7,100.0,4.0,3.0,1.0,96.0,72.0,24.0
2480214,14,981492,CELTA  FEMXA ZORKA,HOME,2743289,D. Cabrera Baccon,SF,2049773,D. Bermejo Escribano,SF,2121212,P. Salinas Mascuñana,SF,2814638,J. Kelliher,SF,2651124,A. Boquete Manna,SF,0.4,23.0,0.0,3.0,-3.0,0.0,313.0,-313.0
2480214,14,981492,CELTA  FEMXA ZORKA,HOME,2743289,D. Cabrera Baccon,SF,2049773,D. Bermejo Escribano,SF,2179984,U. Rodríguez Silva,SF,2276545,M. Vizmanos Iglesis,SF,2121212,P. Salinas Mascuñana,SF,1.6,95.0,5.0,3.0,2.0,126.3,75.8,50.5
2480214,14,981492,CELTA  FEMXA ZORKA,HOME,2743289,D. Cabrera Baccon,SF,2049773,D. Bermejo Escribano,SF,2276545,M. Vizmanos Iglesis,SF,1875311,C. Menendez Torres,SF,2121212,P. Salinas Mascuñana,SF,4.7,289.0,5.0,7.0,-2.0,41.5,58.1,-16.6
2480214,14,981492,CELTA  FEMXA ZORKA,HOME,2743289,D. Cabrera Baccon,SF,2179703,N. Martínez Quintana,SF,2049773,D. Bermejo Escribano,SF,1875311,C. Menendez Torres,SF,2121212,P. Salinas Mascuñana,SF,1.5,90.0,4.0,2.0,2.0,106.7,53.3,53.3
2480214,14,981492,CELTA  FEMXA ZORKA,HOME,2743289,D. Cabrera Baccon,SF,2179703,N. Martínez Quintana,SF,2049773,D. Bermejo Escribano,SF,2179984,U. Rodríguez Silva,SF,2121212,P. Salinas Mascuñana,SF,7.0,418.0,16.0,4.0,12.0,91.9,23.0,68.9
2480214,14,981492,CELTA  FEMXA ZORKA,HOME,2743289,D. Cabrera Baccon,SF,2179703,N. Martínez Quintana,SF,2049773,D. Bermejo Escribano,SF,2179984,U. Rodríguez Silva,SF,2276545,M. Vizmanos Iglesis,SF,2.5,147.0,6.0,6.0,0.0,98.0,98.0,0.0
2480214,14,981492,CELTA  FEMXA ZORKA,HOME,2743289,D. Cabrera Baccon,SF,2179703,N. Martínez Quintana,SF,2049773,D. Bermejo Escribano,SF,2276545,M. Vizmanos Iglesis,SF,1875311,C. Menendez Torres,SF,1.6,92.0,1.0,0.0,1.0,26.1,0.0,26.1
2480214,14,981492,CELTA  FEMXA ZORKA,HOME,2743289,D. Cabrera Baccon,SF,2179703,N. Martínez Quintana,SF,2179984,U. Rodríguez Silva,SF,2276545,M. Vizmanos Iglesis,SF,1875311,C. Menendez Torres,SF,1.3,76.0,0.0,0.0,0.0,0.0,0.0,0.0
2480214,14,981492,CELTA  FEMXA ZORKA,HOME,2743289,D. Cabrera Baccon,SF,2179703,N. Martínez Quintana,SF,2276545,M. Vizmanos Iglesis,SF,1875311,C. Menendez Torres,SF,2121212,P. Salinas Mascuñana,SF,0.1,4.0,0.0,3.0,-3.0,0.0,1800.0,-1800.0
2480214,14,981492,CELTA  FEMXA ZORKA,HOME,2743289,D. Cabrera Baccon,SF,2179984,U. Rodríguez Silva,SF,1875311,C. Menendez Torres,SF,2121212,P. Salinas Mascuñana,SF,2814638,J. Kelliher,SF,3.4,205.0,9.0,10.0,-1.0,105.4,117.1,-11.7
2480214,14,981492,CELTA  FEMXA ZORKA,HOME,2743289,D. Cabrera Baccon,SF,2179984,U. Rodríguez Silva,SF,1875311,C. Menendez Torres,SF,2814638,J. Kelliher,SF,2651124,A. Boquete Manna,SF,5.8,350.0,10.0,11.0,-1.0,68.6,75.4,-6.9
2480215,14,979952,LA LAGUNA TOYOTA  ADAREVA,HOME,1128614,I. Arregui Mariezcurrena,SF,1379088,P. Soler Suarez,SF,1884959,M. Luque Caballero,SF,2432295,B. Stevanovic,SF,2735173,M. Forsyth,SF,13.8,837.0,27.0,22.0,5.0,77.4,63.1,14.3
2480215,14,979952,LA LAGUNA TOYOTA  ADAREVA,HOME,1128614,I. Arregui Mariezcurrena,SF,1379088,P. Soler Suarez,SF,2432295,B. Stevanovic,SF,1613926,M. Gomez Fernandez,SF,2735173,M. Forsyth,SF,0.5,29.0,0.0,0.0,0.0,0.0,0.0,0.0
2480215,14,979952,LA LAGUNA TOYOTA  ADAREVA,HOME,1128614,I. Arregui Mariezcurrena,SF,1884959,M. Luque Caballero,SF,1878753,N. Ibañez Silvestre,SF,2432295,B. Stevanovic,SF,2735173,M. Forsyth,SF,1.4,85.0,3.0,2.0,1.0,84.7,56.5,28.2
2480215,14,979952,LA LAGUNA TOYOTA  ADAREVA,HOME,1613926,M. Gomez Fernandez,SF,1379088,P. Soler Suarez,SF,1884959,M. Luque Caballero,SF,2432295,B. Stevanovic,SF,2735173,M. Forsyth,SF,1.9,111.0,5.0,2.0,3.0,108.1,43.2,64.9
2480215,14,979952,LA LAGUNA TOYOTA  ADAREVA,HOME,1613926,M. Gomez Fernandez,SF,1884959,M. Luque Caballero,SF,1878753,N. Ibañez Silvestre,SF,2432295,B. Stevanovic,SF,2735173,M. Forsyth,SF,1.2,73.0,0.0,2.0,-2.0,0.0,65.8,-65.8
2480215,14,979952,LA LAGUNA TOYOTA  ADAREVA,HOME,1884959,M. Luque Caballero,SF,1878753,N. Ibañez Silvestre,SF,2287971,M. Herrera Picar,SF,2341227,A. Montaño Muñoz,SF,2735173,M. Forsyth,SF,2.9,176.0,0.0,8.0,-8.0,0.0,109.1,-109.1
2480215,14,979952,LA LAGUNA TOYOTA  ADAREVA,HOME,2639428,C. Parisi,SF,1379088,P. Soler Suarez,SF,1884959,M. Luque Caballero,SF,1613926,M. Gomez Fernandez,SF,2735173,M. Forsyth,SF,0.7,42.0,2.0,0.0,2.0,114.3,0.0,114.3
2480215,14,979952,LA LAGUNA TOYOTA  ADAREVA,HOME,2639428,C. Parisi,SF,1379088,P. Soler Suarez,SF,1884959,M. Luque Caballero,SF,2432295,B. Stevanovic,SF,1613926,M. Gomez Fernandez,SF,3.0,179.0,7.0,2.0,5.0,93.9,26.8,67.0
2480215,14,979952,LA LAGUNA TOYOTA  ADAREVA,HOME,2639428,C. Parisi,SF,1379088,P. Soler Suarez,SF,1884959,M. Luque Caballero,SF,2432295,B. Stevanovic,SF,2735173,M. Forsyth,SF,1.5,90.0,7.0,1.0,6.0,186.7,26.7,160.0
2480215,14,979952,LA LAGUNA TOYOTA  ADAREVA,HOME,2639428,C. Parisi,SF,1379088,P. Soler Suarez,SF,2432295,B. Stevanovic,SF,1613926,M. Gomez Fernandez,SF,2735173,M. Forsyth,SF,2.9,173.0,3.0,6.0,-3.0,41.6,83.2,-41.6
2480215,14,979952,LA LAGUNA TOYOTA  ADAREVA,HOME,2639428,C. Parisi,SF,1613926,M. Gomez Fernandez,SF,1379088,P. Soler Suarez,SF,1884959,M. Luque Caballero,SF,1878753,N. Ibañez Silvestre,SF,1.5,89.0,6.0,2.0,4.0,161.8,53.9,107.9
2480215,14,979952,LA LAGUNA TOYOTA  ADAREVA,HOME,2639428,C. Parisi,SF,1613926,M. Gomez Fernandez,SF,1878753,N. Ibañez Silvestre,SF,2287971,M. Herrera Picar,SF,2341227,A. Montaño Muñoz,SF,1.3,76.0,1.0,0.0,1.0,31.6,0.0,31.6
2480215,14,979952,LA LAGUNA TOYOTA  ADAREVA,HOME,2639428,C. Parisi,SF,1613926,M. Gomez Fernandez,SF,1884959,M. Luque Caballero,SF,1878753,N. Ibañez Silvestre,SF,2432295,B. Stevanovic,SF,7.4,440.0,16.0,5.0,11.0,87.3,27.3,60.0
2480215,14,981242,C.B. SANTFELIUENC,AWAY,2050086,M. Muñoz Moyano,SF,2190844,S. Pares Vilaseca,SF,1752455,I. Conde Duran,SF,2073654,C. Gil Abad,SF,2816051,E. Tenbrock,SF,3.9,228.0,2.0,10.0,-8.0,21.1,105.3,-84.2
2480215,14,981242,C.B. SANTFELIUENC,AWAY,2050086,M. Muñoz Moyano,SF,2816766,A. Coulibaly,SF,2155489,X. Salzmann Romeu,SF,2190844,S. Pares Vilaseca,SF,2816051,E. Tenbrock,SF,1.4,86.0,2.0,2.0,0.0,55.8,55.8,0.0
2480215,14,981242,C.B. SANTFELIUENC,AWAY,2050086,M. Muñoz Moyano,SF,2816766,A. Coulibaly,SF,2190844,S. Pares Vilaseca,SF,2073654,C. Gil Abad,SF,2816051,E. Tenbrock,SF,5.2,310.0,4.0,15.0,-11.0,31.0,116.1,-85.2
2480215,14,981242,C.B. SANTFELIUENC,AWAY,2050086,M. Muñoz Moyano,SF,2816766,A. Coulibaly,SF,2190844,S. Pares Vilaseca,SF,2816669,A. Marotte,SF,2816051,E. Tenbrock,SF,2.7,158.0,2.0,5.0,-3.0,30.4,75.9,-45.6
2480215,14,981242,C.B. SANTFELIUENC,AWAY,2151715,J. Nogués Martí,SF,2050086,M. Muñoz Moyano,SF,2816766,A. Coulibaly,SF,1752455,I. Conde Duran,SF,2816051,E. Tenbrock,SF,5.8,347.0,6.0,7.0,-1.0,41.5,48.4,-6.9
2480215,14,981242,C.B. SANTFELIUENC,AWAY,2151715,J. Nogués Martí,SF,2155489,X. Salzmann Romeu,SF,2816669,A. Marotte,SF,1752455,I. Conde Duran,SF,2073654,C. Gil Abad,SF,4.6,276.0,8.0,14.0,-6.0,69.6,121.7,-52.2
2480215,14,981242,C.B. SANTFELIUENC,AWAY,2151715,J. Nogués Martí,SF,2816766,A. Coulibaly,SF,2155489,X. Salzmann Romeu,SF,2816669,A. Marotte,SF,1752455,I. Conde Duran,SF,8.0,480.0,12.0,14.0,-2.0,60.0,70.0,-10.0
2480215,14,981242,C.B. SANTFELIUENC,AWAY,2151715,J. Nogués Martí,SF,2816766,A. Coulibaly,SF,2155489,X. Salzmann Romeu,SF,2816669,A. Marotte,SF,2073654,C. Gil Abad,SF,2.9,176.0,8.0,0.0,8.0,109.1,0.0,109.1
2480215,14,981242,C.B. SANTFELIUENC,AWAY,2151715,J. Nogués Martí,SF,2816766,A. Coulibaly,SF,2816669,A. Marotte,SF,1752455,I. Conde Duran,SF,2073654,C. Gil Abad,SF,0.8,52.0,2.0,3.0,-1.0,92.3,138.5,-46.2
2480215,14,981242,C.B. SANTFELIUENC,AWAY,2151715,J. Nogués Martí,SF,2816766,A. Coulibaly,SF,2816669,A. Marotte,SF,2073654,C. Gil Abad,SF,2816051,E. Tenbrock,SF,0.6,38.0,2.0,0.0,2.0,126.3,0.0,126.3
2480215,14,981242,C.B. SANTFELIUENC,AWAY,2190844,S. Pares Vilaseca,SF,2816669,A. Marotte,SF,1752455,I. Conde Duran,SF,2073654,C. Gil Abad,SF,2816051,E. Tenbrock,SF,1.3,84.0,2.0,4.0,-2.0,57.1,114.3,-57.1
2480215,14,981242,C.B. SANTFELIUENC,AWAY,2816766,A. Coulibaly,SF,2155489,X. Salzmann Romeu,SF,2190844,S. Pares Vilaseca,SF,2816669,A. Marotte,SF,1752455,I. Conde Duran,SF,0.3,17.0,0.0,0.0,0.0,0.0,0.0,0.0
2480215,14,981242,C.B. SANTFELIUENC,AWAY,2816766,A. Coulibaly,SF,2155489,X. Salzmann Romeu,SF,2190844,S. Pares Vilaseca,SF,2816669,A. Marotte,SF,2073654,C. Gil Abad,SF,2.5,148.0,2.0,3.0,-1.0,32.4,48.6,-16.2
2480216,14,979912,DOMUSA TEKNIK ISB,AWAY,1894119,S. Iparraguirre Alustiza,SF,2364470,G. Leaupepe,SF,2021400,M. Gutierrez Ibañez,SF,2818813,E. Lalotte,SF,2818816,I. Araújo Gouveia Vieira,SF,3.0,180.0,12.0,2.0,10.0,160.0,26.7,133.3
2480216,14,979912,DOMUSA TEKNIK ISB,AWAY,2364470,G. Leaupepe,SF,1826917,J. Azcue Jauregui,SF,2818813,E. Lalotte,SF,2021400,M. Gutierrez Ibañez,SF,2818816,I. Araújo Gouveia Vieira,SF,1.7,106.0,2.0,0.0,2.0,45.3,0.0,45.3
2480216,14,979912,DOMUSA TEKNIK ISB,AWAY,2364470,G. Leaupepe,SF,2021400,M. Gutierrez Ibañez,SF,2145033,A. Lizundia Arozena,SF,2818813,E. Lalotte,SF,2818816,I. Araújo Gouveia Vieira,SF,5.8,350.0,17.0,8.0,9.0,116.6,54.9,61.7
2480216,14,979912,DOMUSA TEKNIK ISB,AWAY,2364470,G. Leaupepe,SF,2145033,A. Lizundia Arozena,SF,2818813,E. Lalotte,SF,2021400,M. Gutierrez Ibañez,SF,2818816,I. Araújo Gouveia Vieira,SF,0.7,41.0,0.0,2.0,-2.0,0.0,117.1,-117.1
2480216,14,979912,DOMUSA TEKNIK ISB,AWAY,2478361,N. Arozena Illarramendi,SF,1721468,C. Villamor Aparicio,SF,1894119,S. Iparraguirre Alustiza,SF,1826917,J. Azcue Jauregui,SF,2021400,M. Gutierrez Ibañez,SF,1.9,116.0,5.0,0.0,5.0,103.4,0.0,103.4
2480216,14,979912,DOMUSA TEKNIK ISB,AWAY,2478361,N. Arozena Illarramendi,SF,1721468,C. Villamor Aparicio,SF,1894119,S. Iparraguirre Alustiza,SF,2021400,M. Gutierrez Ibañez,SF,1826917,J. Azcue Jauregui,SF,0.3,18.0,2.0,0.0,2.0,266.7,0.0,266.7
2480216,14,979912,DOMUSA TEKNIK ISB,AWAY,2478361,N. Arozena Illarramendi,SF,1721468,C. Villamor Aparicio,SF,1894119,S. Iparraguirre Alustiza,SF,2021400,M. Gutierrez Ibañez,SF,2818816,I. Araújo Gouveia Vieira,SF,0.2,13.0,0.0,0.0,0.0,0.0,0.0,0.0
2480216,14,979912,DOMUSA TEKNIK ISB,AWAY,2478361,N. Arozena Illarramendi,SF,1721468,C. Villamor Aparicio,SF,1894119,S. Iparraguirre Alustiza,SF,2364470,G. Leaupepe,SF,2145033,A. Lizundia Arozena,SF,1.5,88.0,4.0,2.0,2.0,109.1,54.5,54.5
2480216,14,979912,DOMUSA TEKNIK ISB,AWAY,2478361,N. Arozena Illarramendi,SF,1721468,C. Villamor Aparicio,SF,2364470,G. Leaupepe,SF,1826917,J. Azcue Jauregui,SF,2021400,M. Gutierrez Ibañez,SF,3.3,203.0,9.0,8.0,1.0,106.4,94.6,11.8
2480216,14,979912,DOMUSA TEKNIK ISB,AWAY,2478361,N. Arozena Illarramendi,SF,1721468,C. Villamor Aparicio,SF,2364470,G. Leaupepe,SF,2145033,A. Lizundia Arozena,SF,2021400,M. Gutierrez Ibañez,SF,0.8,48.0,0.0,1.0,-1.0,0.0,50.0,-50.0
2480216,14,979912,DOMUSA TEKNIK ISB,AWAY,2478361,N. Arozena Illarramendi,SF,2364470,G. Leaupepe,SF,2021400,M. Gutierrez Ibañez,SF,2145033,A. Lizundia Arozena,SF,2818816,I. Araújo Gouveia Vieira,SF,2.9,173.0,7.0,8.0,-1.0,97.1,111.0,-13.9
2480216,14,979912,DOMUSA TEKNIK ISB,AWAY,2478361,N. Arozena Illarramendi,SF,2364470,G. Leaupepe,SF,2145033,A. Lizundia Arozena,SF,2021400,M. Gutierrez Ibañez,SF,2818816,I. Araújo Gouveia Vieira,SF,0.3,20.0,0.0,2.0,-2.0,0.0,240.0,-240.0
2480216,14,979912,DOMUSA TEKNIK ISB,AWAY,2818717,S. Van,SF,1721468,C. Villamor Aparicio,SF,1894119,S. Iparraguirre Alustiza,SF,1826917,J. Azcue Jauregui,SF,2818813,E. Lalotte,SF,1.4,84.0,2.0,7.0,-5.0,57.1,200.0,-142.9
2480216,14,979912,DOMUSA TEKNIK ISB,AWAY,2818717,S. Van,SF,1894119,S. Iparraguirre Alustiza,SF,1826917,J. Azcue Jauregui,SF,2818813,E. Lalotte,SF,2818816,I. Araújo Gouveia Vieira,SF,6.7,402.0,11.0,21.0,-10.0,65.7,125.4,-59.7
2480216,14,979912,DOMUSA TEKNIK ISB,AWAY,2818717,S. Van,SF,1894119,S. Iparraguirre Alustiza,SF,2145033,A. Lizundia Arozena,SF,2818813,E. Lalotte,SF,2818816,I. Araújo Gouveia Vieira,SF,2.0,117.0,4.0,7.0,-3.0,82.1,143.6,-61.5
2480216,14,979912,DOMUSA TEKNIK ISB,AWAY,2818717,S. Van,SF,2478361,N. Arozena Illarramendi,SF,1721468,C. Villamor Aparicio,SF,1894119,S. Iparraguirre Alustiza,SF,1826917,J. Azcue Jauregui,SF,6.8,407.0,13.0,3.0,10.0,76.7,17.7,59.0
2480216,14,979912,DOMUSA TEKNIK ISB,AWAY,2818717,S. Van,SF,2478361,N. Arozena Illarramendi,SF,1894119,S. Iparraguirre Alustiza,SF,1826917,J. Azcue Jauregui,SF,2818816,I. Araújo Gouveia Vieira,SF,0.6,34.0,2.0,0.0,2.0,141.2,0.0,141.2
2480216,14,981346,LA CORDÁ DE PATERNA NB,HOME,1508657,V. Saez Moreno,SF,1632609,C. Che Tortola,SF,1687305,L. Segura Moreno,SF,2024557,M. Bleda Ortega,SF,2031045,M. Galiana Miralles,SF,1.7,102.0,0.0,4.0,-4.0,0.0,94.1,-94.1
2480216,14,981346,LA CORDÁ DE PATERNA NB,HOME,2049442,I. Broncano Avellaneda,SF,1508657,V. Saez Moreno,SF,1632609,C. Che Tortola,SF,1687305,L. Segura Moreno,SF,2024557,M. Bleda Ortega,SF,0.3,18.0,0.0,2.0,-2.0,0.0,266.7,-266.7
2480216,14,981346,LA CORDÁ DE PATERNA NB,HOME,2049442,I. Broncano Avellaneda,SF,2653963,A. Traore,SF,1508657,V. Saez Moreno,SF,1632609,C. Che Tortola,SF,2024557,M. Bleda Ortega,SF,1.3,80.0,0.0,4.0,-4.0,0.0,120.0,-120.0
2480216,14,981346,LA CORDÁ DE PATERNA NB,HOME,2049442,I. Broncano Avellaneda,SF,2653963,A. Traore,SF,1508657,V. Saez Moreno,SF,1632609,C. Che Tortola,SF,2173687,M. Llompart Perello,SF,0.9,55.0,0.0,6.0,-6.0,0.0,261.8,-261.8
2480216,14,981346,LA CORDÁ DE PATERNA NB,HOME,2049442,I. Broncano Avellaneda,SF,2653963,A. Traore,SF,1632609,C. Che Tortola,SF,1687305,L. Segura Moreno,SF,2024557,M. Bleda Ortega,SF,5.3,319.0,14.0,12.0,2.0,105.3,90.3,15.0
2480216,14,981346,LA CORDÁ DE PATERNA NB,HOME,2049442,I. Broncano Avellaneda,SF,2653963,A. Traore,SF,1632609,C. Che Tortola,SF,2024557,M. Bleda Ortega,SF,2071471,P. Saravia Logroño,SF,0.8,48.0,3.0,0.0,3.0,150.0,0.0,150.0
2480216,14,981346,LA CORDÁ DE PATERNA NB,HOME,2049442,I. Broncano Avellaneda,SF,2653963,A. Traore,SF,1632609,C. Che Tortola,SF,2173687,M. Llompart Perello,SF,1687305,L. Segura Moreno,SF,0.8,49.0,0.0,4.0,-4.0,0.0,195.9,-195.9
2480216,14,981346,LA CORDÁ DE PATERNA NB,HOME,2049442,I. Broncano Avellaneda,SF,2653963,A. Traore,SF,1632609,C. Che Tortola,SF,2173687,M. Llompart Perello,SF,2071471,P. Saravia Logroño,SF,0.5,30.0,0.0,4.0,-4.0,0.0,320.0,-320.0
2480216,14,981346,LA CORDÁ DE PATERNA NB,HOME,2049442,I. Broncano Avellaneda,SF,2653963,A. Traore,SF,2163606,C. Sancho Mauri,SF,1508657,V. Saez Moreno,SF,2173687,M. Llompart Perello,SF,1.1,67.0,0.0,3.0,-3.0,0.0,107.5,-107.5
2480216,14,981346,LA CORDÁ DE PATERNA NB,HOME,2049442,I. Broncano Avellaneda,SF,2653963,A. Traore,SF,2173687,M. Llompart Perello,SF,1687305,L. Segura Moreno,SF,2024557,M. Bleda Ortega,SF,0.5,31.0,0.0,0.0,0.0,0.0,0.0,0.0
2480216,14,981346,LA CORDÁ DE PATERNA NB,HOME,2049442,I. Broncano Avellaneda,SF,2796302,P. Gabriel,SF,1632609,C. Che Tortola,SF,1687305,L. Segura Moreno,SF,2071471,P. Saravia Logroño,SF,2.2,130.0,2.0,4.0,-2.0,36.9,73.8,-36.9
2480216,14,981346,LA CORDÁ DE PATERNA NB,HOME,2049442,I. Broncano Avellaneda,SF,2796302,P. Gabriel,SF,1632609,C. Che Tortola,SF,2024557,M. Bleda Ortega,SF,2071471,P. Saravia Logroño,SF,1.6,95.0,5.0,3.0,2.0,126.3,75.8,50.5
2480216,14,981346,LA CORDÁ DE PATERNA NB,HOME,2049442,I. Broncano Avellaneda,SF,2796302,P. Gabriel,SF,1632609,C. Che Tortola,SF,2173687,M. Llompart Perello,SF,1687305,L. Segura Moreno,SF,1.6,98.0,6.0,4.0,2.0,146.9,98.0,49.0
2480216,14,981346,LA CORDÁ DE PATERNA NB,HOME,2049442,I. Broncano Avellaneda,SF,2796302,P. Gabriel,SF,1632609,C. Che Tortola,SF,2173687,M. Llompart Perello,SF,2071471,P. Saravia Logroño,SF,2.5,150.0,2.0,5.0,-3.0,32.0,80.0,-48.0
2480216,14,981346,LA CORDÁ DE PATERNA NB,HOME,2653963,A. Traore,SF,1508657,V. Saez Moreno,SF,2173687,M. Llompart Perello,SF,2031045,M. Galiana Miralles,SF,2071471,P. Saravia Logroño,SF,1.3,80.0,0.0,2.0,-2.0,0.0,60.0,-60.0
2480216,14,981346,LA CORDÁ DE PATERNA NB,HOME,2653963,A. Traore,SF,1632609,C. Che Tortola,SF,2173687,M. Llompart Perello,SF,1687305,L. Segura Moreno,SF,2024557,M. Bleda Ortega,SF,0.6,35.0,0.0,2.0,-2.0,0.0,137.1,-137.1
2480216,14,981346,LA CORDÁ DE PATERNA NB,HOME,2653963,A. Traore,SF,1632609,C. Che Tortola,SF,2173687,M. Llompart Perello,SF,1687305,L. Segura Moreno,SF,2071471,P. Saravia Logroño,SF,1.1,67.0,0.0,1.0,-1.0,0.0,35.8,-35.8
2480216,14,981346,LA CORDÁ DE PATERNA NB,HOME,2653963,A. Traore,SF,2049442,I. Broncano Avellaneda,SF,1632609,C. Che Tortola,SF,2173687,M. Llompart Perello,SF,1687305,L. Segura Moreno,SF,1.4,84.0,0.0,3.0,-3.0,0.0,85.7,-85.7
2480216,14,981346,LA CORDÁ DE PATERNA NB,HOME,2653963,A. Traore,SF,2163606,C. Sancho Mauri,SF,1508657,V. Saez Moreno,SF,1632609,C. Che Tortola,SF,1687305,L. Segura Moreno,SF,1.3,78.0,5.0,2.0,3.0,153.8,61.5,92.3
2480216,14,981346,LA CORDÁ DE PATERNA NB,HOME,2653963,A. Traore,SF,2163606,C. Sancho Mauri,SF,1508657,V. Saez Moreno,SF,2173687,M. Llompart Perello,SF,1687305,L. Segura Moreno,SF,0.7,39.0,2.0,2.0,0.0,123.1,123.1,0.0
2480216,14,981346,LA CORDÁ DE PATERNA NB,HOME,2653963,A. Traore,SF,2173687,M. Llompart Perello,SF,1687305,L. Segura Moreno,SF,2024557,M. Bleda Ortega,SF,2071471,P. Saravia Logroño,SF,2.8,166.0,3.0,3.0,0.0,43.4,43.4,0.0
2480216,14,981346,LA CORDÁ DE PATERNA NB,HOME,2796302,P. Gabriel,SF,1508657,V. Saez Moreno,SF,1632609,C. Che Tortola,SF,1687305,L. Segura Moreno,SF,2071471,P. Saravia Logroño,SF,2.8,166.0,12.0,6.0,6.0,173.5,86.7,86.7
2480216,14,981346,LA CORDÁ DE PATERNA NB,HOME,2796302,P. Gabriel,SF,1508657,V. Saez Moreno,SF,2173687,M. Llompart Perello,SF,2031045,M. Galiana Miralles,SF,2071471,P. Saravia Logroño,SF,2.2,135.0,5.0,0.0,5.0,88.9,0.0,88.9
2480216,14,981346,LA CORDÁ DE PATERNA NB,HOME,2796302,P. Gabriel,SF,1632609,C. Che Tortola,SF,1687305,L. Segura Moreno,SF,2024557,M. Bleda Ortega,SF,2071471,P. Saravia Logroño,SF,2.3,139.0,2.0,8.0,-6.0,34.5,138.1,-103.6
2480216,14,981346,LA CORDÁ DE PATERNA NB,HOME,2796302,P. Gabriel,SF,1632609,C. Che Tortola,SF,2173687,M. Llompart Perello,SF,1687305,L. Segura Moreno,SF,2071471,P. Saravia Logroño,SF,0.5,30.0,3.0,0.0,3.0,240.0,0.0,240.0
2480216,14,981346,LA CORDÁ DE PATERNA NB,HOME,2796302,P. Gabriel,SF,2173687,M. Llompart Perello,SF,1687305,L. Segura Moreno,SF,2024557,M. Bleda Ortega,SF,2071471,P. Saravia Logroño,SF,1.8,109.0,7.0,6.0,1.0,154.1,132.1,22.0
2480217,15,979912,DOMUSA TEKNIK ISB,HOME,1721468,C. Villamor Aparicio,SF,2364470,G. Leaupepe,SF,1826917,J. Azcue Jauregui,SF,2021400,M. Gutierrez Ibañez,SF,2818816,I. Araújo Gouveia Vieira,SF,0.3,17.0,0.0,0.0,0.0,0.0,0.0,0.0
2480217,15,979912,DOMUSA TEKNIK ISB,HOME,2021400,M. Gutierrez Ibañez,SF,2145033,A. Lizundia Arozena,SF,2818813,E. Lalotte,SF,2137901,M. Otaegi Albizu,SF,2818816,I. Araújo Gouveia Vieira,SF,2.4,140.0,4.0,3.0,1.0,68.6,51.4,17.1
2480217,15,979912,DOMUSA TEKNIK ISB,HOME,2364470,G. Leaupepe,SF,1826917,J. Azcue Jauregui,SF,2021400,M. Gutierrez Ibañez,SF,2818813,E. Lalotte,SF,2818816,I. Araújo Gouveia Vieira,SF,1.2,73.0,0.0,4.0,-4.0,0.0,131.5,-131.5
2480217,15,979912,DOMUSA TEKNIK ISB,HOME,2478361,N. Arozena Illarramendi,SF,1721468,C. Villamor Aparicio,SF,2364470,G. Leaupepe,SF,1826917,J. Azcue Jauregui,SF,2021400,M. Gutierrez Ibañez,SF,4.6,278.0,9.0,5.0,4.0,77.7,43.2,34.5
2480217,15,979912,DOMUSA TEKNIK ISB,HOME,2478361,N. Arozena Illarramendi,SF,1721468,C. Villamor Aparicio,SF,2364470,G. Leaupepe,SF,2145033,A. Lizundia Arozena,SF,2021400,M. Gutierrez Ibañez,SF,6.5,391.0,14.0,6.0,8.0,85.9,36.8,49.1
2480217,15,979912,DOMUSA TEKNIK ISB,HOME,2478361,N. Arozena Illarramendi,SF,2364470,G. Leaupepe,SF,1826917,J. Azcue Jauregui,SF,2021400,M. Gutierrez Ibañez,SF,2818816,I. Araújo Gouveia Vieira,SF,0.5,32.0,0.0,1.0,-1.0,0.0,75.0,-75.0
2480217,15,979912,DOMUSA TEKNIK ISB,HOME,2478361,N. Arozena Illarramendi,SF,2364470,G. Leaupepe,SF,2145033,A. Lizundia Arozena,SF,2021400,M. Gutierrez Ibañez,SF,2818816,I. Araújo Gouveia Vieira,SF,0.7,43.0,2.0,0.0,2.0,111.6,0.0,111.6
2480217,15,979912,DOMUSA TEKNIK ISB,HOME,2818717,S. Van,SF,1721468,C. Villamor Aparicio,SF,1826917,J. Azcue Jauregui,SF,2818813,E. Lalotte,SF,2137901,M. Otaegi Albizu,SF,1.3,78.0,2.0,0.0,2.0,61.5,0.0,61.5
2480217,15,979912,DOMUSA TEKNIK ISB,HOME,2818717,S. Van,SF,1721468,C. Villamor Aparicio,SF,2145033,A. Lizundia Arozena,SF,1826917,J. Azcue Jauregui,SF,2818813,E. Lalotte,SF,1.1,67.0,2.0,0.0,2.0,71.6,0.0,71.6
2480217,15,979912,DOMUSA TEKNIK ISB,HOME,2818717,S. Van,SF,1721468,C. Villamor Aparicio,SF,2145033,A. Lizundia Arozena,SF,2818813,E. Lalotte,SF,2137901,M. Otaegi Albizu,SF,0.5,27.0,0.0,2.0,-2.0,0.0,177.8,-177.8
2480217,15,979912,DOMUSA TEKNIK ISB,HOME,2818717,S. Van,SF,1721468,C. Villamor Aparicio,SF,2364470,G. Leaupepe,SF,2145033,A. Lizundia Arozena,SF,2818813,E. Lalotte,SF,2.6,154.0,5.0,0.0,5.0,77.9,0.0,77.9
2480217,15,979912,DOMUSA TEKNIK ISB,HOME,2818717,S. Van,SF,1894119,S. Iparraguirre Alustiza,SF,1826917,J. Azcue Jauregui,SF,2818813,E. Lalotte,SF,2818816,I. Araújo Gouveia Vieira,SF,5.2,311.0,5.0,8.0,-3.0,38.6,61.7,-23.2
2480217,15,979912,DOMUSA TEKNIK ISB,HOME,2818717,S. Van,SF,1894119,S. Iparraguirre Alustiza,SF,2145033,A. Lizundia Arozena,SF,2818813,E. Lalotte,SF,2818816,I. Araújo Gouveia Vieira,SF,5.1,308.0,11.0,9.0,2.0,85.7,70.1,15.6
2480217,15,979912,DOMUSA TEKNIK ISB,HOME,2818717,S. Van,SF,2137901,M. Otaegi Albizu,SF,1894119,S. Iparraguirre Alustiza,SF,2818813,E. Lalotte,SF,2818816,I. Araújo Gouveia Vieira,SF,1.5,91.0,2.0,5.0,-3.0,52.7,131.9,-79.1
2480217,15,979912,DOMUSA TEKNIK ISB,HOME,2818717,S. Van,SF,2137901,M. Otaegi Albizu,SF,2145033,A. Lizundia Arozena,SF,2818813,E. Lalotte,SF,2818816,I. Araújo Gouveia Vieira,SF,2.1,121.0,2.0,4.0,-2.0,39.7,79.3,-39.7
2480217,15,979912,DOMUSA TEKNIK ISB,HOME,2818717,S. Van,SF,2145033,A. Lizundia Arozena,SF,2818813,E. Lalotte,SF,2137901,M. Otaegi Albizu,SF,2818816,I. Araújo Gouveia Vieira,SF,0.9,53.0,3.0,3.0,0.0,135.8,135.8,0.0
2480217,15,979912,DOMUSA TEKNIK ISB,HOME,2818717,S. Van,SF,2478361,N. Arozena Illarramendi,SF,1721468,C. Villamor Aparicio,SF,2364470,G. Leaupepe,SF,1826917,J. Azcue Jauregui,SF,2.1,126.0,2.0,6.0,-4.0,38.1,114.3,-76.2
2480217,15,979912,DOMUSA TEKNIK ISB,HOME,2818717,S. Van,SF,2478361,N. Arozena Illarramendi,SF,2364470,G. Leaupepe,SF,1826917,J. Azcue Jauregui,SF,2818816,I. Araújo Gouveia Vieira,SF,0.3,16.0,2.0,0.0,2.0,300.0,0.0,300.0
2480217,15,979912,DOMUSA TEKNIK ISB,HOME,2818717,S. Van,SF,2478361,N. Arozena Illarramendi,SF,2364470,G. Leaupepe,SF,2145033,A. Lizundia Arozena,SF,2818816,I. Araújo Gouveia Vieira,SF,1.3,74.0,5.0,0.0,5.0,162.2,0.0,162.2
2480217,15,981206,MCR LIMA-HORTA BARCELONA,AWAY,1494221,L. Soler Madariaga,SF,1908281,M. Aguado Tortella,SF,1886093,E. Escuder Gonzalez,SF,1958425,L. Roig I Salrach,SF,1912814,N. Barrientos Pereira,SF,2.2,132.0,2.0,6.0,-4.0,36.4,109.1,-72.7
2480217,15,981206,MCR LIMA-HORTA BARCELONA,AWAY,1494221,L. Soler Madariaga,SF,1908281,M. Aguado Tortella,SF,1958425,L. Roig I Salrach,SF,1959765,J. Rueda Choni,SF,2042157,C. Ripoll Moya,SF,3.7,222.0,4.0,7.0,-3.0,43.2,75.7,-32.4
2480217,15,981206,MCR LIMA-HORTA BARCELONA,AWAY,1494221,L. Soler Madariaga,SF,1958425,L. Roig I Salrach,SF,1959765,J. Rueda Choni,SF,1886093,E. Escuder Gonzalez,SF,1968768,I. Subirats Teruel,SF,1.0,58.0,2.0,0.0,2.0,82.8,0.0,82.8
2480217,15,981206,MCR LIMA-HORTA BARCELONA,AWAY,1494221,L. Soler Madariaga,SF,1959765,J. Rueda Choni,SF,1968768,I. Subirats Teruel,SF,1958425,L. Roig I Salrach,SF,1912814,N. Barrientos Pereira,SF,0.9,52.0,0.0,2.0,-2.0,0.0,92.3,-92.3
2480217,15,981206,MCR LIMA-HORTA BARCELONA,AWAY,2049841,E. Trawally Porta,SF,1494221,L. Soler Madariaga,SF,1959765,J. Rueda Choni,SF,1886093,E. Escuder Gonzalez,SF,1968768,I. Subirats Teruel,SF,0.0,1.0,0.0,0.0,0.0,0.0,0.0,0.0
2480217,15,981206,MCR LIMA-HORTA BARCELONA,AWAY,2049841,E. Trawally Porta,SF,1908281,M. Aguado Tortella,SF,1959765,J. Rueda Choni,SF,1958425,L. Roig I Salrach,SF,2042157,C. Ripoll Moya,SF,1.7,101.0,0.0,4.0,-4.0,0.0,95.0,-95.0
2480217,15,981206,MCR LIMA-HORTA BARCELONA,AWAY,2049841,E. Trawally Porta,SF,1959765,J. Rueda Choni,SF,1886093,E. Escuder Gonzalez,SF,1958425,L. Roig I Salrach,SF,2042157,C. Ripoll Moya,SF,2.0,113.0,8.0,3.0,5.0,169.9,63.7,106.2
2480217,15,981206,MCR LIMA-HORTA BARCELONA,AWAY,2049841,E. Trawally Porta,SF,1959765,J. Rueda Choni,SF,1886093,E. Escuder Gonzalez,SF,1968768,I. Subirats Teruel,SF,2042157,C. Ripoll Moya,SF,1.8,106.0,0.0,4.0,-4.0,0.0,90.6,-90.6
2480217,15,981206,MCR LIMA-HORTA BARCELONA,AWAY,2235190,E. Morales López,SF,1494221,L. Soler Madariaga,SF,1908281,M. Aguado Tortella,SF,1958425,L. Roig I Salrach,SF,1959765,J. Rueda Choni,SF,3.1,185.0,7.0,4.0,3.0,90.8,51.9,38.9
2480217,15,981206,MCR LIMA-HORTA BARCELONA,AWAY,2235190,E. Morales López,SF,1494221,L. Soler Madariaga,SF,1908281,M. Aguado Tortella,SF,1959765,J. Rueda Choni,SF,1886093,E. Escuder Gonzalez,SF,1.9,111.0,4.0,4.0,0.0,86.5,86.5,0.0
2480217,15,981206,MCR LIMA-HORTA BARCELONA,AWAY,2235190,E. Morales López,SF,1494221,L. Soler Madariaga,SF,1908281,M. Aguado Tortella,SF,1959765,J. Rueda Choni,SF,1968768,I. Subirats Teruel,SF,1.3,80.0,4.0,0.0,4.0,120.0,0.0,120.0
2480217,15,981206,MCR LIMA-HORTA BARCELONA,AWAY,2235190,E. Morales López,SF,1494221,L. Soler Madariaga,SF,1908281,M. Aguado Tortella,SF,1959765,J. Rueda Choni,SF,2042157,C. Ripoll Moya,SF,5.0,301.0,9.0,11.0,-2.0,71.8,87.7,-15.9
2480217,15,981206,MCR LIMA-HORTA BARCELONA,AWAY,2235190,E. Morales López,SF,1494221,L. Soler Madariaga,SF,1959765,J. Rueda Choni,SF,1968768,I. Subirats Teruel,SF,1912814,N. Barrientos Pereira,SF,2.6,160.0,2.0,9.0,-7.0,30.0,135.0,-105.0
2480217,15,981206,MCR LIMA-HORTA BARCELONA,AWAY,2235190,E. Morales López,SF,1494221,L. Soler Madariaga,SF,1959765,J. Rueda Choni,SF,1968768,I. Subirats Teruel,SF,2042157,C. Ripoll Moya,SF,2.0,118.0,2.0,2.0,0.0,40.7,40.7,0.0
2480217,15,981206,MCR LIMA-HORTA BARCELONA,AWAY,2235190,E. Morales López,SF,1908281,M. Aguado Tortella,SF,1958425,L. Roig I Salrach,SF,1959765,J. Rueda Choni,SF,2042157,C. Ripoll Moya,SF,0.5,27.0,2.0,0.0,2.0,177.8,0.0,177.8
2480217,15,981206,MCR LIMA-HORTA BARCELONA,AWAY,2235190,E. Morales López,SF,1908281,M. Aguado Tortella,SF,1959765,J. Rueda Choni,SF,1886093,E. Escuder Gonzalez,SF,1968768,I. Subirats Teruel,SF,0.5,32.0,1.0,0.0,1.0,75.0,0.0,75.0
2480217,15,981206,MCR LIMA-HORTA BARCELONA,AWAY,2235190,E. Morales López,SF,1908281,M. Aguado Tortella,SF,1959765,J. Rueda Choni,SF,1968768,I. Subirats Teruel,SF,2042157,C. Ripoll Moya,SF,0.7,44.0,0.0,0.0,0.0,0.0,0.0,0.0
2480217,15,981206,MCR LIMA-HORTA BARCELONA,AWAY,2235190,E. Morales López,SF,1958425,L. Roig I Salrach,SF,1959765,J. Rueda Choni,SF,1886093,E. Escuder Gonzalez,SF,1968768,I. Subirats Teruel,SF,4.9,295.0,5.0,9.0,-4.0,40.7,73.2,-32.5
2480217,15,981206,MCR LIMA-HORTA BARCELONA,AWAY,2235190,E. Morales López,SF,2049841,E. Trawally Porta,SF,1908281,M. Aguado Tortella,SF,1959765,J. Rueda Choni,SF,1968768,I. Subirats Teruel,SF,4.4,262.0,4.0,5.0,-1.0,36.6,45.8,-9.2
2480218,15,981242,C.B. SANTFELIUENC,HOME,2050086,M. Muñoz Moyano,SF,2816766,A. Coulibaly,SF,2155489,X. Salzmann Romeu,SF,2190844,S. Pares Vilaseca,SF,2073654,C. Gil Abad,SF,1.8,107.0,1.0,7.0,-6.0,22.4,157.0,-134.6
2480218,15,981242,C.B. SANTFELIUENC,HOME,2050086,M. Muñoz Moyano,SF,2864042,K. Trehub,SF,2155489,X. Salzmann Romeu,SF,2190844,S. Pares Vilaseca,SF,2073654,C. Gil Abad,SF,1.3,77.0,2.0,3.0,-1.0,62.3,93.5,-31.2
2480218,15,981242,C.B. SANTFELIUENC,HOME,2050086,M. Muñoz Moyano,SF,2864042,K. Trehub,SF,2155489,X. Salzmann Romeu,SF,2190844,S. Pares Vilaseca,SF,2816669,A. Marotte,SF,3.5,207.0,5.0,5.0,0.0,58.0,58.0,0.0
2480218,15,981242,C.B. SANTFELIUENC,HOME,2050086,M. Muñoz Moyano,SF,2864042,K. Trehub,SF,2190844,S. Pares Vilaseca,SF,2816669,A. Marotte,SF,2816051,E. Tenbrock,SF,0.7,44.0,0.0,0.0,0.0,0.0,0.0,0.0
2480218,15,981242,C.B. SANTFELIUENC,HOME,2151715,J. Nogués Martí,SF,2242362,B. Momblona Monrabal,SF,2155489,X. Salzmann Romeu,SF,2073654,C. Gil Abad,SF,2816051,E. Tenbrock,SF,0.1,4.0,3.0,0.0,3.0,1800.0,0.0,1800.0
2480218,15,981242,C.B. SANTFELIUENC,HOME,2151715,J. Nogués Martí,SF,2816766,A. Coulibaly,SF,2190844,S. Pares Vilaseca,SF,2816669,A. Marotte,SF,2816051,E. Tenbrock,SF,3.5,209.0,4.0,6.0,-2.0,45.9,68.9,-23.0
2480218,15,981242,C.B. SANTFELIUENC,HOME,2151715,J. Nogués Martí,SF,2816766,A. Coulibaly,SF,2816669,A. Marotte,SF,2073654,C. Gil Abad,SF,2816051,E. Tenbrock,SF,18.8,1134.0,32.0,28.0,4.0,67.7,59.3,8.5
2480218,15,981242,C.B. SANTFELIUENC,HOME,2151715,J. Nogués Martí,SF,2864042,K. Trehub,SF,2190844,S. Pares Vilaseca,SF,2816669,A. Marotte,SF,2816051,E. Tenbrock,SF,4.7,278.0,6.0,9.0,-3.0,51.8,77.7,-25.9
2480218,15,981242,C.B. SANTFELIUENC,HOME,2151715,J. Nogués Martí,SF,2864042,K. Trehub,SF,2816669,A. Marotte,SF,2073654,C. Gil Abad,SF,2816051,E. Tenbrock,SF,2.6,156.0,3.0,6.0,-3.0,46.2,92.3,-46.2
2480218,15,981242,C.B. SANTFELIUENC,HOME,2816766,A. Coulibaly,SF,2190844,S. Pares Vilaseca,SF,2816669,A. Marotte,SF,2073654,C. Gil Abad,SF,2816051,E. Tenbrock,SF,0.1,8.0,2.0,0.0,2.0,600.0,0.0,600.0
2480218,15,981242,C.B. SANTFELIUENC,HOME,2864042,K. Trehub,SF,2190844,S. Pares Vilaseca,SF,2816669,A. Marotte,SF,2073654,C. Gil Abad,SF,2816051,E. Tenbrock,SF,2.9,176.0,5.0,9.0,-4.0,68.2,122.7,-54.5
2480218,15,981346,LA CORDÁ DE PATERNA NB,AWAY,1508657,V. Saez Moreno,SF,1632609,C. Che Tortola,SF,1687305,L. Segura Moreno,SF,2024557,M. Bleda Ortega,SF,2031045,M. Galiana Miralles,SF,0.8,45.0,2.0,2.0,0.0,106.7,106.7,0.0
2480218,15,981346,LA CORDÁ DE PATERNA NB,AWAY,1632609,C. Che Tortola,SF,2173687,M. Llompart Perello,SF,1687305,L. Segura Moreno,SF,2024557,M. Bleda Ortega,SF,2031045,M. Galiana Miralles,SF,0.1,6.0,0.0,0.0,0.0,0.0,0.0,0.0
2480218,15,981346,LA CORDÁ DE PATERNA NB,AWAY,2049442,I. Broncano Avellaneda,SF,1508657,V. Saez Moreno,SF,2173687,M. Llompart Perello,SF,2561096,A. Prim Giro,SF,2031045,M. Galiana Miralles,SF,0.9,52.0,4.0,0.0,4.0,184.6,0.0,184.6
2480218,15,981346,LA CORDÁ DE PATERNA NB,AWAY,2049442,I. Broncano Avellaneda,SF,1632609,C. Che Tortola,SF,1687305,L. Segura Moreno,SF,2024557,M. Bleda Ortega,SF,2031045,M. Galiana Miralles,SF,1.9,116.0,0.0,7.0,-7.0,0.0,144.8,-144.8
2480218,15,981346,LA CORDÁ DE PATERNA NB,AWAY,2049442,I. Broncano Avellaneda,SF,1632609,C. Che Tortola,SF,2173687,M. Llompart Perello,SF,1687305,L. Segura Moreno,SF,2024557,M. Bleda Ortega,SF,0.4,24.0,2.0,3.0,-1.0,200.0,300.0,-100.0
2480218,15,981346,LA CORDÁ DE PATERNA NB,AWAY,2049442,I. Broncano Avellaneda,SF,2173687,M. Llompart Perello,SF,2024557,M. Bleda Ortega,SF,2561096,A. Prim Giro,SF,2031045,M. Galiana Miralles,SF,1.9,115.0,3.0,3.0,0.0,62.6,62.6,0.0
2480218,15,981346,LA CORDÁ DE PATERNA NB,AWAY,2049442,I. Broncano Avellaneda,SF,2173687,M. Llompart Perello,SF,2561096,A. Prim Giro,SF,2031045,M. Galiana Miralles,SF,2071471,P. Saravia Logroño,SF,0.5,32.0,0.0,3.0,-3.0,0.0,225.0,-225.0
2480218,15,981346,LA CORDÁ DE PATERNA NB,AWAY,2049442,I. Broncano Avellaneda,SF,2653963,A. Traore,SF,1632609,C. Che Tortola,SF,1687305,L. Segura Moreno,SF,2024557,M. Bleda Ortega,SF,2.2,133.0,2.0,3.0,-1.0,36.1,54.1,-18.0
2480218,15,981346,LA CORDÁ DE PATERNA NB,AWAY,2049442,I. Broncano Avellaneda,SF,2653963,A. Traore,SF,1632609,C. Che Tortola,SF,2024557,M. Bleda Ortega,SF,2071471,P. Saravia Logroño,SF,1.8,107.0,0.0,5.0,-5.0,0.0,112.1,-112.1
2480218,15,981346,LA CORDÁ DE PATERNA NB,AWAY,2049442,I. Broncano Avellaneda,SF,2653963,A. Traore,SF,2173687,M. Llompart Perello,SF,2024557,M. Bleda Ortega,SF,2561096,A. Prim Giro,SF,1.1,64.0,2.0,2.0,0.0,75.0,75.0,0.0
2480218,15,981346,LA CORDÁ DE PATERNA NB,AWAY,2049442,I. Broncano Avellaneda,SF,2796302,P. Gabriel,SF,1508657,V. Saez Moreno,SF,2173687,M. Llompart Perello,SF,2561096,A. Prim Giro,SF,1.9,111.0,2.0,3.0,-1.0,43.2,64.9,-21.6
2480218,15,981346,LA CORDÁ DE PATERNA NB,AWAY,2049442,I. Broncano Avellaneda,SF,2796302,P. Gabriel,SF,2173687,M. Llompart Perello,SF,2024557,M. Bleda Ortega,SF,2561096,A. Prim Giro,SF,1.1,66.0,0.0,2.0,-2.0,0.0,72.7,-72.7
2480218,15,981346,LA CORDÁ DE PATERNA NB,AWAY,2049442,I. Broncano Avellaneda,SF,2796302,P. Gabriel,SF,2173687,M. Llompart Perello,SF,2561096,A. Prim Giro,SF,2071471,P. Saravia Logroño,SF,2.1,129.0,4.0,0.0,4.0,74.4,0.0,74.4
2480218,15,981346,LA CORDÁ DE PATERNA NB,AWAY,2173687,M. Llompart Perello,SF,1687305,L. Segura Moreno,SF,2024557,M. Bleda Ortega,SF,2031045,M. Galiana Miralles,SF,2071471,P. Saravia Logroño,SF,1.6,99.0,5.0,2.0,3.0,121.2,48.5,72.7
2480218,15,981346,LA CORDÁ DE PATERNA NB,AWAY,2173687,M. Llompart Perello,SF,1687305,L. Segura Moreno,SF,2024557,M. Bleda Ortega,SF,2561096,A. Prim Giro,SF,2071471,P. Saravia Logroño,SF,0.1,4.0,0.0,3.0,-3.0,0.0,1800.0,-1800.0
2480218,15,981346,LA CORDÁ DE PATERNA NB,AWAY,2173687,M. Llompart Perello,SF,1687305,L. Segura Moreno,SF,2561096,A. Prim Giro,SF,2031045,M. Galiana Miralles,SF,2071471,P. Saravia Logroño,SF,4.3,254.0,9.0,3.0,6.0,85.0,28.3,56.7
2480218,15,981346,LA CORDÁ DE PATERNA NB,AWAY,2653963,A. Traore,SF,1508657,V. Saez Moreno,SF,1632609,C. Che Tortola,SF,1687305,L. Segura Moreno,SF,2024557,M. Bleda Ortega,SF,3.5,207.0,10.0,3.0,7.0,115.9,34.8,81.2
2480218,15,981346,LA CORDÁ DE PATERNA NB,AWAY,2653963,A. Traore,SF,1508657,V. Saez Moreno,SF,1632609,C. Che Tortola,SF,2173687,M. Llompart Perello,SF,1687305,L. Segura Moreno,SF,1.3,81.0,2.0,4.0,-2.0,59.3,118.5,-59.3
2480218,15,981346,LA CORDÁ DE PATERNA NB,AWAY,2653963,A. Traore,SF,1632609,C. Che Tortola,SF,1687305,L. Segura Moreno,SF,2024557,M. Bleda Ortega,SF,2071471,P. Saravia Logroño,SF,5.6,339.0,9.0,6.0,3.0,63.7,42.5,21.2
2480218,15,981346,LA CORDÁ DE PATERNA NB,AWAY,2653963,A. Traore,SF,1632609,C. Che Tortola,SF,1687305,L. Segura Moreno,SF,2024557,M. Bleda Ortega,SF,2561096,A. Prim Giro,SF,1.3,79.0,4.0,0.0,4.0,121.5,0.0,121.5
2480218,15,981346,LA CORDÁ DE PATERNA NB,AWAY,2653963,A. Traore,SF,1632609,C. Che Tortola,SF,2173687,M. Llompart Perello,SF,1687305,L. Segura Moreno,SF,2024557,M. Bleda Ortega,SF,4.0,237.0,8.0,4.0,4.0,81.0,40.5,40.5
2480218,15,981346,LA CORDÁ DE PATERNA NB,AWAY,2653963,A. Traore,SF,2173687,M. Llompart Perello,SF,1687305,L. Segura Moreno,SF,2561096,A. Prim Giro,SF,2071471,P. Saravia Logroño,SF,0.1,9.0,0.0,0.0,0.0,0.0,0.0,0.0
2480218,15,981346,LA CORDÁ DE PATERNA NB,AWAY,2796302,P. Gabriel,SF,2173687,M. Llompart Perello,SF,1687305,L. Segura Moreno,SF,2024557,M. Bleda Ortega,SF,2071471,P. Saravia Logroño,SF,1.5,91.0,5.0,5.0,0.0,131.9,131.9,0.0
2480219,15,979952,LA LAGUNA TOYOTA  ADAREVA,AWAY,1128614,I. Arregui Mariezcurrena,SF,1379088,P. Soler Suarez,SF,2246211,L. Yohann Siverio,SF,2432295,B. Stevanovic,SF,1613926,M. Gomez Fernandez,SF,1.6,96.0,0.0,4.0,-4.0,0.0,100.0,-100.0
2480219,15,979952,LA LAGUNA TOYOTA  ADAREVA,AWAY,1128614,I. Arregui Mariezcurrena,SF,1379088,P. Soler Suarez,SF,2246211,L. Yohann Siverio,SF,2432295,B. Stevanovic,SF,2735173,M. Forsyth,SF,2.2,132.0,9.0,5.0,4.0,163.6,90.9,72.7
2480219,15,979952,LA LAGUNA TOYOTA  ADAREVA,AWAY,1128614,I. Arregui Mariezcurrena,SF,1379088,P. Soler Suarez,SF,2432295,B. Stevanovic,SF,1613926,M. Gomez Fernandez,SF,2735173,M. Forsyth,SF,0.5,28.0,0.0,0.0,0.0,0.0,0.0,0.0
2480219,15,979952,LA LAGUNA TOYOTA  ADAREVA,AWAY,1128614,I. Arregui Mariezcurrena,SF,1878753,N. Ibañez Silvestre,SF,2432295,B. Stevanovic,SF,1613926,M. Gomez Fernandez,SF,2735173,M. Forsyth,SF,0.9,55.0,0.0,5.0,-5.0,0.0,218.2,-218.2
2480219,15,979952,LA LAGUNA TOYOTA  ADAREVA,AWAY,1128614,I. Arregui Mariezcurrena,SF,1884959,M. Luque Caballero,SF,1379088,P. Soler Suarez,SF,2432295,B. Stevanovic,SF,1613926,M. Gomez Fernandez,SF,5.3,316.0,9.0,9.0,0.0,68.4,68.4,0.0
2480219,15,979952,LA LAGUNA TOYOTA  ADAREVA,AWAY,1128614,I. Arregui Mariezcurrena,SF,1884959,M. Luque Caballero,SF,1379088,P. Soler Suarez,SF,2432295,B. Stevanovic,SF,2735173,M. Forsyth,SF,11.6,694.0,19.0,17.0,2.0,65.7,58.8,6.9
2480219,15,979952,LA LAGUNA TOYOTA  ADAREVA,AWAY,1128614,I. Arregui Mariezcurrena,SF,1884959,M. Luque Caballero,SF,1878753,N. Ibañez Silvestre,SF,2432295,B. Stevanovic,SF,1613926,M. Gomez Fernandez,SF,3.7,223.0,5.0,7.0,-2.0,53.8,75.3,-21.5
2480219,15,979952,LA LAGUNA TOYOTA  ADAREVA,AWAY,1128614,I. Arregui Mariezcurrena,SF,1884959,M. Luque Caballero,SF,1878753,N. Ibañez Silvestre,SF,2432295,B. Stevanovic,SF,2735173,M. Forsyth,SF,2.2,135.0,0.0,0.0,0.0,0.0,0.0,0.0
2480219,15,979952,LA LAGUNA TOYOTA  ADAREVA,AWAY,1884959,M. Luque Caballero,SF,1379088,P. Soler Suarez,SF,2432295,B. Stevanovic,SF,1613926,M. Gomez Fernandez,SF,2735173,M. Forsyth,SF,1.0,60.0,0.0,3.0,-3.0,0.0,120.0,-120.0
2480219,15,979952,LA LAGUNA TOYOTA  ADAREVA,AWAY,2639428,C. Parisi,SF,1884959,M. Luque Caballero,SF,1379088,P. Soler Suarez,SF,2432295,B. Stevanovic,SF,1613926,M. Gomez Fernandez,SF,7.2,431.0,12.0,5.0,7.0,66.8,27.8,39.0
2480219,15,979952,LA LAGUNA TOYOTA  ADAREVA,AWAY,2639428,C. Parisi,SF,1884959,M. Luque Caballero,SF,1379088,P. Soler Suarez,SF,2432295,B. Stevanovic,SF,2735173,M. Forsyth,SF,0.7,40.0,0.0,3.0,-3.0,0.0,180.0,-180.0
2480219,15,979952,LA LAGUNA TOYOTA  ADAREVA,AWAY,2639428,C. Parisi,SF,1884959,M. Luque Caballero,SF,1878753,N. Ibañez Silvestre,SF,2432295,B. Stevanovic,SF,1613926,M. Gomez Fernandez,SF,3.2,190.0,4.0,7.0,-3.0,50.5,88.4,-37.9
2480219,15,981356,BOSONIT UNIBASKET,HOME,1626810,C. Aldecoa Rodriguez,SF,2819119,T. Sedláková,SF,1678734,M. Llorente Ruiz,SF,1778980,I. Losada Gonzalez-Babe,SF,1821692,M. Alonso Guadaño,SF,2.2,133.0,3.0,8.0,-5.0,54.1,144.4,-90.2
2480219,15,981356,BOSONIT UNIBASKET,HOME,1626810,C. Aldecoa Rodriguez,SF,2819119,T. Sedláková,SF,1778980,I. Losada Gonzalez-Babe,SF,2735759,L. Van Schaik,SF,1821692,M. Alonso Guadaño,SF,1.7,102.0,4.0,2.0,2.0,94.1,47.1,47.1
2480219,15,981356,BOSONIT UNIBASKET,HOME,1626810,C. Aldecoa Rodriguez,SF,2819119,T. Sedláková,SF,2561556,C. Sañudo Trillo,SF,1778980,I. Losada Gonzalez-Babe,SF,1821692,M. Alonso Guadaño,SF,1.5,91.0,3.0,5.0,-2.0,79.1,131.9,-52.7
2480219,15,981356,BOSONIT UNIBASKET,HOME,1626810,C. Aldecoa Rodriguez,SF,2819119,T. Sedláková,SF,2819121,H. Forster,SF,1678734,M. Llorente Ruiz,SF,1821692,M. Alonso Guadaño,SF,1.6,94.0,2.0,2.0,0.0,51.1,51.1,0.0
2480219,15,981356,BOSONIT UNIBASKET,HOME,1626810,C. Aldecoa Rodriguez,SF,2819119,T. Sedláková,SF,2819121,H. Forster,SF,2735759,L. Van Schaik,SF,2151019,N. Padrosa Mons,SF,2.2,135.0,0.0,0.0,0.0,0.0,0.0,0.0
2480219,15,981356,BOSONIT UNIBASKET,HOME,1626810,C. Aldecoa Rodriguez,SF,2819121,H. Forster,SF,1778980,I. Losada Gonzalez-Babe,SF,2735759,L. Van Schaik,SF,1821692,M. Alonso Guadaño,SF,4.5,266.0,10.0,10.0,0.0,90.2,90.2,0.0
2480219,15,981356,BOSONIT UNIBASKET,HOME,1626810,C. Aldecoa Rodriguez,SF,2819121,H. Forster,SF,2561556,C. Sañudo Trillo,SF,1778980,I. Losada Gonzalez-Babe,SF,1821692,M. Alonso Guadaño,SF,1.7,108.0,0.0,5.0,-5.0,0.0,111.1,-111.1
2480219,15,981356,BOSONIT UNIBASKET,HOME,1626810,C. Aldecoa Rodriguez,SF,2819121,H. Forster,SF,2819119,T. Sedláková,SF,2561556,C. Sañudo Trillo,SF,1821692,M. Alonso Guadaño,SF,3.3,197.0,7.0,0.0,7.0,85.3,0.0,85.3
2480219,15,981356,BOSONIT UNIBASKET,HOME,2819119,T. Sedláková,SF,1626810,C. Aldecoa Rodriguez,SF,1678734,M. Llorente Ruiz,SF,1778980,I. Losada Gonzalez-Babe,SF,1821692,M. Alonso Guadaño,SF,0.8,51.0,0.0,2.0,-2.0,0.0,94.1,-94.1
2480219,15,981356,BOSONIT UNIBASKET,HOME,2819119,T. Sedláková,SF,1626810,C. Aldecoa Rodriguez,SF,1778980,I. Losada Gonzalez-Babe,SF,2735759,L. Van Schaik,SF,1821692,M. Alonso Guadaño,SF,5.0,301.0,14.0,5.0,9.0,111.6,39.9,71.8
2480219,15,981356,BOSONIT UNIBASKET,HOME,2819119,T. Sedláková,SF,1626810,C. Aldecoa Rodriguez,SF,1778980,I. Losada Gonzalez-Babe,SF,2735759,L. Van Schaik,SF,2151019,N. Padrosa Mons,SF,1.9,110.0,2.0,2.0,0.0,43.6,43.6,0.0
2480219,15,981356,BOSONIT UNIBASKET,HOME,2819119,T. Sedláková,SF,1678734,M. Llorente Ruiz,SF,1778980,I. Losada Gonzalez-Babe,SF,2735759,L. Van Schaik,SF,1821692,M. Alonso Guadaño,SF,1.9,115.0,4.0,3.0,1.0,83.5,62.6,20.9
2480219,15,981356,BOSONIT UNIBASKET,HOME,2819119,T. Sedláková,SF,1678734,M. Llorente Ruiz,SF,1778980,I. Losada Gonzalez-Babe,SF,2735759,L. Van Schaik,SF,2151019,N. Padrosa Mons,SF,0.8,46.0,2.0,2.0,0.0,104.3,104.3,0.0
2480219,15,981356,BOSONIT UNIBASKET,HOME,2819119,T. Sedláková,SF,2561556,C. Sañudo Trillo,SF,1778980,I. Losada Gonzalez-Babe,SF,2735759,L. Van Schaik,SF,2151019,N. Padrosa Mons,SF,2.3,136.0,5.0,2.0,3.0,88.2,35.3,52.9
2480219,15,981356,BOSONIT UNIBASKET,HOME,2819121,H. Forster,SF,1626810,C. Aldecoa Rodriguez,SF,1678734,M. Llorente Ruiz,SF,1778980,I. Losada Gonzalez-Babe,SF,1821692,M. Alonso Guadaño,SF,1.4,83.0,0.0,3.0,-3.0,0.0,86.7,-86.7
2480219,15,981356,BOSONIT UNIBASKET,HOME,2819121,H. Forster,SF,1626810,C. Aldecoa Rodriguez,SF,1778980,I. Losada Gonzalez-Babe,SF,2735759,L. Van Schaik,SF,1821692,M. Alonso Guadaño,SF,2.0,120.0,0.0,0.0,0.0,0.0,0.0,0.0
2480219,15,981356,BOSONIT UNIBASKET,HOME,2819121,H. Forster,SF,1678734,M. Llorente Ruiz,SF,2735759,L. Van Schaik,SF,2151019,N. Padrosa Mons,SF,1821692,M. Alonso Guadaño,SF,1.3,76.0,0.0,2.0,-2.0,0.0,63.2,-63.2
2480219,15,981356,BOSONIT UNIBASKET,HOME,2819121,H. Forster,SF,2819119,T. Sedláková,SF,1626810,C. Aldecoa Rodriguez,SF,1778980,I. Losada Gonzalez-Babe,SF,2735759,L. Van Schaik,SF,0.2,13.0,2.0,0.0,2.0,369.2,0.0,369.2
2480219,15,981356,BOSONIT UNIBASKET,HOME,2819121,H. Forster,SF,2819119,T. Sedláková,SF,1626810,C. Aldecoa Rodriguez,SF,2735759,L. Van Schaik,SF,1821692,M. Alonso Guadaño,SF,0.2,14.0,0.0,0.0,0.0,0.0,0.0,0.0
2480219,15,981356,BOSONIT UNIBASKET,HOME,2819121,H. Forster,SF,2819119,T. Sedláková,SF,1678734,M. Llorente Ruiz,SF,2735759,L. Van Schaik,SF,1821692,M. Alonso Guadaño,SF,1.9,109.0,4.0,0.0,4.0,88.1,0.0,88.1
2480219,15,981356,BOSONIT UNIBASKET,HOME,2819121,H. Forster,SF,2819119,T. Sedláková,SF,2735759,L. Van Schaik,SF,2151019,N. Padrosa Mons,SF,1821692,M. Alonso Guadaño,SF,1.7,100.0,3.0,5.0,-2.0,72.0,120.0,-48.0
2480220,15,981334,UNICAJA MIJAS,HOME,1317227,C. Garcia Paunero,SF,1884837,M. Roters Dubinina,SF,1723860,S. Galeron Alvarez,SF,2012623,S. Lo Sylla,SF,1949233,A. Orois Aznarez,SF,1.1,63.0,0.0,2.0,-2.0,0.0,76.2,-76.2
2480220,15,981334,UNICAJA MIJAS,HOME,1884837,M. Roters Dubinina,SF,1317227,C. Garcia Paunero,SF,1723860,S. Galeron Alvarez,SF,2012623,S. Lo Sylla,SF,1949233,A. Orois Aznarez,SF,2.0,119.0,3.0,6.0,-3.0,60.5,121.0,-60.5
2480220,15,981334,UNICAJA MIJAS,HOME,1884837,M. Roters Dubinina,SF,1723860,S. Galeron Alvarez,SF,2012623,S. Lo Sylla,SF,1949233,A. Orois Aznarez,SF,1994192,E. Moreno Fernandez,SF,2.0,119.0,0.0,6.0,-6.0,0.0,121.0,-121.0
2480220,15,981334,UNICAJA MIJAS,HOME,1884837,M. Roters Dubinina,SF,1723860,S. Galeron Alvarez,SF,2272398,M. Segura Diaz Larrauri,SF,2643500,C. Capellan Santana,SF,1994192,E. Moreno Fernandez,SF,0.1,7.0,0.0,0.0,0.0,0.0,0.0,0.0
2480220,15,981334,UNICAJA MIJAS,HOME,1884837,M. Roters Dubinina,SF,2413042,C. Guillen Uriguen,SF,1723860,S. Galeron Alvarez,SF,2272398,M. Segura Diaz Larrauri,SF,2643500,C. Capellan Santana,SF,0.1,5.0,1.0,0.0,1.0,480.0,0.0,480.0
2480220,15,981334,UNICAJA MIJAS,HOME,2096249,T. Eke Benitez,SF,1884837,M. Roters Dubinina,SF,1317227,C. Garcia Paunero,SF,1723860,S. Galeron Alvarez,SF,1949233,A. Orois Aznarez,SF,1.6,94.0,2.0,5.0,-3.0,51.1,127.7,-76.6
2480220,15,981334,UNICAJA MIJAS,HOME,2096249,T. Eke Benitez,SF,1884837,M. Roters Dubinina,SF,1317227,C. Garcia Paunero,SF,1949233,A. Orois Aznarez,SF,1994192,E. Moreno Fernandez,SF,0.2,14.0,1.0,0.0,1.0,171.4,0.0,171.4
2480220,15,981334,UNICAJA MIJAS,HOME,2096249,T. Eke Benitez,SF,1884837,M. Roters Dubinina,SF,1317227,C. Garcia Paunero,SF,1954737,E. Puiggros Rovira,SF,1994192,E. Moreno Fernandez,SF,0.6,37.0,3.0,2.0,1.0,194.6,129.7,64.9
2480220,15,981334,UNICAJA MIJAS,HOME,2096249,T. Eke Benitez,SF,1884837,M. Roters Dubinina,SF,1723860,S. Galeron Alvarez,SF,1949233,A. Orois Aznarez,SF,1994192,E. Moreno Fernandez,SF,3.8,226.0,7.0,5.0,2.0,74.3,53.1,21.2
2480220,15,981334,UNICAJA MIJAS,HOME,2096249,T. Eke Benitez,SF,1884837,M. Roters Dubinina,SF,1723860,S. Galeron Alvarez,SF,2643500,C. Capellan Santana,SF,1954737,E. Puiggros Rovira,SF,0.8,49.0,3.0,5.0,-2.0,146.9,244.9,-98.0
2480220,15,981334,UNICAJA MIJAS,HOME,2096249,T. Eke Benitez,SF,2814756,C. Zimmerman,SF,1317227,C. Garcia Paunero,SF,1884837,M. Roters Dubinina,SF,1954737,E. Puiggros Rovira,SF,11.0,661.0,18.0,13.0,5.0,65.4,47.2,18.2
2480220,15,981334,UNICAJA MIJAS,HOME,2096249,T. Eke Benitez,SF,2814756,C. Zimmerman,SF,1884837,M. Roters Dubinina,SF,1317227,C. Garcia Paunero,SF,1954737,E. Puiggros Rovira,SF,6.5,387.0,8.0,12.0,-4.0,49.6,74.4,-24.8
2480220,15,981334,UNICAJA MIJAS,HOME,2096249,T. Eke Benitez,SF,2814756,C. Zimmerman,SF,1884837,M. Roters Dubinina,SF,2643500,C. Capellan Santana,SF,1954737,E. Puiggros Rovira,SF,2.1,126.0,6.0,2.0,4.0,114.3,38.1,76.2
2480220,15,981334,UNICAJA MIJAS,HOME,2643500,C. Capellan Santana,SF,1884837,M. Roters Dubinina,SF,1723860,S. Galeron Alvarez,SF,2012623,S. Lo Sylla,SF,1949233,A. Orois Aznarez,SF,2.2,135.0,8.0,2.0,6.0,142.2,35.6,106.7
2480220,15,981334,UNICAJA MIJAS,HOME,2643500,C. Capellan Santana,SF,2096249,T. Eke Benitez,SF,1884837,M. Roters Dubinina,SF,1723860,S. Galeron Alvarez,SF,1949233,A. Orois Aznarez,SF,1.8,110.0,3.0,2.0,1.0,65.5,43.6,21.8
2480220,15,981334,UNICAJA MIJAS,HOME,2643500,C. Capellan Santana,SF,2096249,T. Eke Benitez,SF,1884837,M. Roters Dubinina,SF,1954737,E. Puiggros Rovira,SF,1994192,E. Moreno Fernandez,SF,2.9,173.0,4.0,9.0,-5.0,55.5,124.9,-69.4
2480220,15,981334,UNICAJA MIJAS,HOME,2814756,C. Zimmerman,SF,1317227,C. Garcia Paunero,SF,1884837,M. Roters Dubinina,SF,2012623,S. Lo Sylla,SF,1949233,A. Orois Aznarez,SF,1.2,75.0,0.0,2.0,-2.0,0.0,64.0,-64.0
2480220,15,981492,CELTA  FEMXA ZORKA,AWAY,1898932,M. Gea Becerra,SF,2179984,U. Rodríguez Silva,SF,1875311,C. Menendez Torres,SF,2121212,P. Salinas Mascuñana,SF,2814638,J. Kelliher,SF,1.8,107.0,4.0,4.0,0.0,89.7,89.7,0.0
2480220,15,981492,CELTA  FEMXA ZORKA,AWAY,2644595,I. Vennema,SF,1898932,M. Gea Becerra,SF,1875311,C. Menendez Torres,SF,2121212,P. Salinas Mascuñana,SF,2814638,J. Kelliher,SF,5.1,305.0,15.0,11.0,4.0,118.0,86.6,31.5
2480220,15,981492,CELTA  FEMXA ZORKA,AWAY,2644595,I. Vennema,SF,1898932,M. Gea Becerra,SF,2179984,U. Rodríguez Silva,SF,1875311,C. Menendez Torres,SF,2121212,P. Salinas Mascuñana,SF,1.4,83.0,0.0,0.0,0.0,0.0,0.0,0.0
2480220,15,981492,CELTA  FEMXA ZORKA,AWAY,2644595,I. Vennema,SF,2049773,D. Bermejo Escribano,SF,2121212,P. Salinas Mascuñana,SF,2814638,J. Kelliher,SF,2651124,A. Boquete Manna,SF,1.4,83.0,6.0,3.0,3.0,173.5,86.7,86.7
2480220,15,981492,CELTA  FEMXA ZORKA,AWAY,2644595,I. Vennema,SF,2049773,D. Bermejo Escribano,SF,2276545,M. Vizmanos Iglesis,SF,2121212,P. Salinas Mascuñana,SF,2814638,J. Kelliher,SF,1.7,98.0,3.0,0.0,3.0,73.5,0.0,73.5
2480220,15,981492,CELTA  FEMXA ZORKA,AWAY,2743289,D. Cabrera Baccon,SF,1875311,C. Menendez Torres,SF,2121212,P. Salinas Mascuñana,SF,2814638,J. Kelliher,SF,2651124,A. Boquete Manna,SF,1.6,96.0,5.0,6.0,-1.0,125.0,150.0,-25.0
2480220,15,981492,CELTA  FEMXA ZORKA,AWAY,2743289,D. Cabrera Baccon,SF,1898932,M. Gea Becerra,SF,1875311,C. Menendez Torres,SF,2121212,P. Salinas Mascuñana,SF,2814638,J. Kelliher,SF,4.1,244.0,9.0,5.0,4.0,88.5,49.2,39.3
2480220,15,981492,CELTA  FEMXA ZORKA,AWAY,2743289,D. Cabrera Baccon,SF,2049773,D. Bermejo Escribano,SF,1875311,C. Menendez Torres,SF,2121212,P. Salinas Mascuñana,SF,2814638,J. Kelliher,SF,0.6,36.0,0.0,0.0,0.0,0.0,0.0,0.0
2480220,15,981492,CELTA  FEMXA ZORKA,AWAY,2743289,D. Cabrera Baccon,SF,2049773,D. Bermejo Escribano,SF,1898932,M. Gea Becerra,SF,2121212,P. Salinas Mascuñana,SF,2814638,J. Kelliher,SF,0.7,44.0,0.0,0.0,0.0,0.0,0.0,0.0
2480220,15,981492,CELTA  FEMXA ZORKA,AWAY,2743289,D. Cabrera Baccon,SF,2049773,D. Bermejo Escribano,SF,2121212,P. Salinas Mascuñana,SF,2814638,J. Kelliher,SF,2651124,A. Boquete Manna,SF,2.0,117.0,5.0,4.0,1.0,102.6,82.1,20.5
2480220,15,981492,CELTA  FEMXA ZORKA,AWAY,2743289,D. Cabrera Baccon,SF,2049773,D. Bermejo Escribano,SF,2179984,U. Rodríguez Silva,SF,2814638,J. Kelliher,SF,2651124,A. Boquete Manna,SF,1.2,75.0,0.0,2.0,-2.0,0.0,64.0,-64.0
2480220,15,981492,CELTA  FEMXA ZORKA,AWAY,2743289,D. Cabrera Baccon,SF,2179984,U. Rodríguez Silva,SF,1875311,C. Menendez Torres,SF,2121212,P. Salinas Mascuñana,SF,2814638,J. Kelliher,SF,1.4,84.0,2.0,4.0,-2.0,57.1,114.3,-57.1
2480220,15,981492,CELTA  FEMXA ZORKA,AWAY,2743289,D. Cabrera Baccon,SF,2179984,U. Rodríguez Silva,SF,1875311,C. Menendez Torres,SF,2814638,J. Kelliher,SF,2651124,A. Boquete Manna,SF,4.1,245.0,2.0,8.0,-6.0,19.6,78.4,-58.8
2480220,15,981492,CELTA  FEMXA ZORKA,AWAY,2743289,D. Cabrera Baccon,SF,2276545,M. Vizmanos Iglesis,SF,1875311,C. Menendez Torres,SF,2121212,P. Salinas Mascuñana,SF,2651124,A. Boquete Manna,SF,0.1,7.0,0.0,0.0,0.0,0.0,0.0,0.0
2480220,15,981492,CELTA  FEMXA ZORKA,AWAY,2743289,D. Cabrera Baccon,SF,2644595,I. Vennema,SF,1898932,M. Gea Becerra,SF,1875311,C. Menendez Torres,SF,2121212,P. Salinas Mascuñana,SF,0.8,50.0,2.0,0.0,2.0,96.0,0.0,96.0
2480220,15,981492,CELTA  FEMXA ZORKA,AWAY,2743289,D. Cabrera Baccon,SF,2644595,I. Vennema,SF,1898932,M. Gea Becerra,SF,2276545,M. Vizmanos Iglesis,SF,2121212,P. Salinas Mascuñana,SF,0.8,48.0,3.0,0.0,3.0,150.0,0.0,150.0
2480220,15,981492,CELTA  FEMXA ZORKA,AWAY,2743289,D. Cabrera Baccon,SF,2644595,I. Vennema,SF,2049773,D. Bermejo Escribano,SF,1898932,M. Gea Becerra,SF,2276545,M. Vizmanos Iglesis,SF,3.8,227.0,8.0,3.0,5.0,84.6,31.7,52.9
2480220,15,981492,CELTA  FEMXA ZORKA,AWAY,2743289,D. Cabrera Baccon,SF,2644595,I. Vennema,SF,2049773,D. Bermejo Escribano,SF,2121212,P. Salinas Mascuñana,SF,2814638,J. Kelliher,SF,1.2,75.0,2.0,0.0,2.0,64.0,0.0,64.0
2480220,15,981492,CELTA  FEMXA ZORKA,AWAY,2743289,D. Cabrera Baccon,SF,2644595,I. Vennema,SF,2049773,D. Bermejo Escribano,SF,2276545,M. Vizmanos Iglesis,SF,2121212,P. Salinas Mascuñana,SF,4.0,245.0,4.0,11.0,-7.0,39.2,107.8,-68.6
2480220,15,981492,CELTA  FEMXA ZORKA,AWAY,2743289,D. Cabrera Baccon,SF,2644595,I. Vennema,SF,2179984,U. Rodríguez Silva,SF,2276545,M. Vizmanos Iglesis,SF,1875311,C. Menendez Torres,SF,2.2,131.0,3.0,6.0,-3.0,55.0,109.9,-55.0
2480221,15,979971,OSES CONSTRUCCION,AWAY,1044456,M. Asurmendi Villaverde,SF,1824910,S. Castro Marrero,SF,2561102,M. Blanco Morcillo,SF,2432513,V. Llorente,SF,1820835,A. Wone Aranaz,SF,1.7,101.0,2.0,2.0,0.0,47.5,47.5,0.0
2480221,15,979971,OSES CONSTRUCCION,AWAY,1044456,M. Asurmendi Villaverde,SF,2561097,A. Diez Pastor,SF,1593987,M. Recarte Mendive,SF,2561102,M. Blanco Morcillo,SF,2432513,V. Llorente,SF,3.4,207.0,6.0,6.0,0.0,69.6,69.6,0.0
2480221,15,979971,OSES CONSTRUCCION,AWAY,1588922,L. Gutierrez Lancho,SF,1044456,M. Asurmendi Villaverde,SF,2561097,A. Diez Pastor,SF,1824910,S. Castro Marrero,SF,1820835,A. Wone Aranaz,SF,0.4,23.0,0.0,0.0,0.0,0.0,0.0,0.0
2480221,15,979971,OSES CONSTRUCCION,AWAY,1588922,L. Gutierrez Lancho,SF,1044456,M. Asurmendi Villaverde,SF,2561097,A. Diez Pastor,SF,2432513,V. Llorente,SF,1820835,A. Wone Aranaz,SF,0.5,28.0,0.0,0.0,0.0,0.0,0.0,0.0
2480221,15,979971,OSES CONSTRUCCION,AWAY,1588922,L. Gutierrez Lancho,SF,1044456,M. Asurmendi Villaverde,SF,2561097,A. Diez Pastor,SF,2432778,J. Mungo Lanzetti,SF,2432513,V. Llorente,SF,5.4,323.0,16.0,7.0,9.0,118.9,52.0,66.9
2480221,15,979971,OSES CONSTRUCCION,AWAY,1588922,L. Gutierrez Lancho,SF,2364706,F. Parra,SF,1044456,M. Asurmendi Villaverde,SF,2432778,J. Mungo Lanzetti,SF,2432513,V. Llorente,SF,1.3,79.0,1.0,0.0,1.0,30.4,0.0,30.4
2480221,15,979971,OSES CONSTRUCCION,AWAY,1588922,L. Gutierrez Lancho,SF,2364706,F. Parra,SF,2432778,J. Mungo Lanzetti,SF,1824910,S. Castro Marrero,SF,1820835,A. Wone Aranaz,SF,12.2,733.0,21.0,19.0,2.0,68.8,62.2,6.5
2480221,15,979971,OSES CONSTRUCCION,AWAY,1588922,L. Gutierrez Lancho,SF,2364706,F. Parra,SF,2432778,J. Mungo Lanzetti,SF,1824910,S. Castro Marrero,SF,2432513,V. Llorente,SF,0.5,31.0,0.0,4.0,-4.0,0.0,309.7,-309.7
2480221,15,979971,OSES CONSTRUCCION,AWAY,1588922,L. Gutierrez Lancho,SF,2364706,F. Parra,SF,2561097,A. Diez Pastor,SF,1824910,S. Castro Marrero,SF,1820835,A. Wone Aranaz,SF,0.8,46.0,0.0,4.0,-4.0,0.0,208.7,-208.7
2480221,15,979971,OSES CONSTRUCCION,AWAY,2364706,F. Parra,SF,1044456,M. Asurmendi Villaverde,SF,1593987,M. Recarte Mendive,SF,1824910,S. Castro Marrero,SF,1820835,A. Wone Aranaz,SF,0.6,37.0,0.0,2.0,-2.0,0.0,129.7,-129.7
2480221,15,979971,OSES CONSTRUCCION,AWAY,2364706,F. Parra,SF,1044456,M. Asurmendi Villaverde,SF,2432778,J. Mungo Lanzetti,SF,1593987,M. Recarte Mendive,SF,1824910,S. Castro Marrero,SF,0.8,46.0,2.0,2.0,0.0,104.3,104.3,0.0
2480221,15,979971,OSES CONSTRUCCION,AWAY,2364706,F. Parra,SF,1044456,M. Asurmendi Villaverde,SF,2432778,J. Mungo Lanzetti,SF,1824910,S. Castro Marrero,SF,1820835,A. Wone Aranaz,SF,2.0,122.0,8.0,0.0,8.0,157.4,0.0,157.4
2480221,15,979971,OSES CONSTRUCCION,AWAY,2364706,F. Parra,SF,1044456,M. Asurmendi Villaverde,SF,2432778,J. Mungo Lanzetti,SF,2432513,V. Llorente,SF,1824910,S. Castro Marrero,SF,0.4,24.0,3.0,3.0,0.0,300.0,300.0,0.0
2480221,15,979971,OSES CONSTRUCCION,AWAY,2364706,F. Parra,SF,1044456,M. Asurmendi Villaverde,SF,2561097,A. Diez Pastor,SF,1593987,M. Recarte Mendive,SF,1820835,A. Wone Aranaz,SF,0.7,41.0,4.0,2.0,2.0,234.1,117.1,117.1
2480221,15,979971,OSES CONSTRUCCION,AWAY,2364706,F. Parra,SF,1044456,M. Asurmendi Villaverde,SF,2561097,A. Diez Pastor,SF,1593987,M. Recarte Mendive,SF,2432513,V. Llorente,SF,3.7,223.0,8.0,8.0,0.0,86.1,86.1,0.0
2480221,15,979971,OSES CONSTRUCCION,AWAY,2364706,F. Parra,SF,1593987,M. Recarte Mendive,SF,1824910,S. Castro Marrero,SF,2561102,M. Blanco Morcillo,SF,1820835,A. Wone Aranaz,SF,1.4,87.0,2.0,2.0,0.0,55.2,55.2,0.0
2480221,15,979971,OSES CONSTRUCCION,AWAY,2364706,F. Parra,SF,2432778,J. Mungo Lanzetti,SF,1824910,S. Castro Marrero,SF,2561102,M. Blanco Morcillo,SF,1820835,A. Wone Aranaz,SF,4.2,249.0,7.0,10.0,-3.0,67.5,96.4,-28.9
2480221,15,981306,CAJASOL BALONCESTO SEVILLA FEMENINO,HOME,1679391,M. Martinez Carranza,SF,2791616,L. Vorphal,SF,2004240,N. Sanchez Robayo,SF,1999405,N. Anitua Garcia,SF,1811227,C. Arfinengo Del Carpio,SF,32.6,1956.0,61.0,71.0,-10.0,74.8,87.1,-12.3
2480221,15,981306,CAJASOL BALONCESTO SEVILLA FEMENINO,HOME,1679391,M. Martinez Carranza,SF,2791616,L. Vorphal,SF,2004240,N. Sanchez Robayo,SF,1999405,N. Anitua Garcia,SF,2053354,F. Gassama Dansoko,SF,7.4,444.0,10.0,9.0,1.0,54.1,48.6,5.4
2480222,15,979988,FUSTECMA NBF CASTELLÓ,AWAY,1680760,S. Carli Del Pino,SF,2131367,S. Basaez Narvaez,SF,2274867,L. De Giacomo,SF,1460562,C. Perez Relancio,SF,2144678,L. Jovena Meseguer,SF,1.1,65.0,0.0,2.0,-2.0,0.0,73.8,-73.8
2480222,15,979988,FUSTECMA NBF CASTELLÓ,AWAY,1680760,S. Carli Del Pino,SF,2131367,S. Basaez Narvaez,SF,2274867,L. De Giacomo,SF,2144678,L. Jovena Meseguer,SF,2827468,A. Bourgarel Aparicio,SF,3.4,204.0,6.0,9.0,-3.0,70.6,105.9,-35.3
2480222,15,979988,FUSTECMA NBF CASTELLÓ,AWAY,1680760,S. Carli Del Pino,SF,2131367,S. Basaez Narvaez,SF,2815082,M. Agyei,SF,2087212,L. Ruiz De La Hermosa Arce,SF,2144678,L. Jovena Meseguer,SF,8.4,502.0,5.0,19.0,-14.0,23.9,90.8,-66.9
2480222,15,979988,FUSTECMA NBF CASTELLÓ,AWAY,1680760,S. Carli Del Pino,SF,2131367,S. Basaez Narvaez,SF,2829993,G. Aiello,SF,1460562,C. Perez Relancio,SF,2087212,L. Ruiz De La Hermosa Arce,SF,5.4,324.0,15.0,9.0,6.0,111.1,66.7,44.4
2480222,15,979988,FUSTECMA NBF CASTELLÓ,AWAY,1680760,S. Carli Del Pino,SF,2274867,L. De Giacomo,SF,2815082,M. Agyei,SF,1460562,C. Perez Relancio,SF,2827468,A. Bourgarel Aparicio,SF,0.1,5.0,2.0,0.0,2.0,960.0,0.0,960.0
2480222,15,979988,FUSTECMA NBF CASTELLÓ,AWAY,1680760,S. Carli Del Pino,SF,2274867,L. De Giacomo,SF,2815082,M. Agyei,SF,2144678,L. Jovena Meseguer,SF,2827468,A. Bourgarel Aparicio,SF,0.2,15.0,2.0,0.0,2.0,320.0,0.0,320.0
2480222,15,979988,FUSTECMA NBF CASTELLÓ,AWAY,1680760,S. Carli Del Pino,SF,2829993,G. Aiello,SF,1460562,C. Perez Relancio,SF,2827468,A. Bourgarel Aparicio,SF,1618451,L. Campos De Bengoa,SF,3.9,235.0,4.0,7.0,-3.0,40.9,71.5,-30.6
2480222,15,979988,FUSTECMA NBF CASTELLÓ,AWAY,1680760,S. Carli Del Pino,SF,2829993,G. Aiello,SF,2131367,S. Basaez Narvaez,SF,1460562,C. Perez Relancio,SF,2827468,A. Bourgarel Aparicio,SF,2.3,142.0,2.0,5.0,-3.0,33.8,84.5,-50.7
2480222,15,979988,FUSTECMA NBF CASTELLÓ,AWAY,1680760,S. Carli Del Pino,SF,2829993,G. Aiello,SF,2131367,S. Basaez Narvaez,SF,2087212,L. Ruiz De La Hermosa Arce,SF,1460562,C. Perez Relancio,SF,3.1,188.0,6.0,0.0,6.0,76.6,0.0,76.6
2480222,15,979988,FUSTECMA NBF CASTELLÓ,AWAY,1680760,S. Carli Del Pino,SF,2829993,G. Aiello,SF,2131367,S. Basaez Narvaez,SF,2815082,M. Agyei,SF,2087212,L. Ruiz De La Hermosa Arce,SF,3.0,174.0,0.0,7.0,-7.0,0.0,96.6,-96.6
2480222,15,979988,FUSTECMA NBF CASTELLÓ,AWAY,1680760,S. Carli Del Pino,SF,2829993,G. Aiello,SF,2815082,M. Agyei,SF,1460562,C. Perez Relancio,SF,2827468,A. Bourgarel Aparicio,SF,1.3,76.0,2.0,3.0,-1.0,63.2,94.7,-31.6
2480222,15,979988,FUSTECMA NBF CASTELLÓ,AWAY,1680760,S. Carli Del Pino,SF,2829993,G. Aiello,SF,2815082,M. Agyei,SF,2087212,L. Ruiz De La Hermosa Arce,SF,1460562,C. Perez Relancio,SF,2.8,170.0,0.0,4.0,-4.0,0.0,56.5,-56.5
2480222,15,979988,FUSTECMA NBF CASTELLÓ,AWAY,2829993,G. Aiello,SF,1460562,C. Perez Relancio,SF,2815082,M. Agyei,SF,2087212,L. Ruiz De La Hermosa Arce,SF,1618451,L. Campos De Bengoa,SF,4.7,280.0,8.0,13.0,-5.0,68.6,111.4,-42.9
2480222,15,979988,FUSTECMA NBF CASTELLÓ,AWAY,2829993,G. Aiello,SF,1460562,C. Perez Relancio,SF,2815082,M. Agyei,SF,2827468,A. Bourgarel Aparicio,SF,1618451,L. Campos De Bengoa,SF,0.3,20.0,2.0,0.0,2.0,240.0,0.0,240.0
2480222,15,981213,AZULMARINO MALLORCA PALMA,HOME,2791252,A. Bulgak,SF,1083354,M. España Almendro,SF,1865395,M. Garcia Mateo,SF,1434977,C. Grande Pardo,SF,1527601,I. Junio Mbulito,SF,5.3,319.0,15.0,10.0,5.0,112.9,75.2,37.6
2480222,15,981213,AZULMARINO MALLORCA PALMA,HOME,2791252,A. Bulgak,SF,2793759,J. Asinde,SF,2815892,A. Siciliano,SF,1083354,M. España Almendro,SF,1865395,M. Garcia Mateo,SF,33.7,2019.0,63.0,42.0,21.0,74.9,49.9,25.0
2480222,15,981213,AZULMARINO MALLORCA PALMA,HOME,2791252,A. Bulgak,SF,2815892,A. Siciliano,SF,1083354,M. España Almendro,SF,1865395,M. Garcia Mateo,SF,1434977,C. Grande Pardo,SF,1.0,62.0,0.0,2.0,-2.0,0.0,77.4,-77.4
2480223,15,979919,RECOLETAS ZAMORA,HOME,1599354,A. Tainta Lizalde,SF,1942017,A. Martin Tejedor,SF,2561100,F. Pouye,SF,1259670,B. Sanchez Marrufo,SF,2047146,M. Fernandez Muñoz,SF,1.7,101.0,2.0,5.0,-3.0,47.5,118.8,-71.3
2480223,15,979919,RECOLETAS ZAMORA,HOME,1599354,A. Tainta Lizalde,SF,1942017,A. Martin Tejedor,SF,2561100,F. Pouye,SF,2239381,D. Angel Villen,SF,2734310,E. Resende Carregosa,SF,1.1,63.0,3.0,3.0,0.0,114.3,114.3,0.0
2480223,15,979919,RECOLETAS ZAMORA,HOME,1599354,A. Tainta Lizalde,SF,1942017,A. Martin Tejedor,SF,2561100,F. Pouye,SF,2734310,E. Resende Carregosa,SF,1259670,B. Sanchez Marrufo,SF,3.2,195.0,4.0,7.0,-3.0,49.2,86.2,-36.9
2480223,15,979919,RECOLETAS ZAMORA,HOME,1599354,A. Tainta Lizalde,SF,1942017,A. Martin Tejedor,SF,2561100,F. Pouye,SF,2734310,E. Resende Carregosa,SF,2110765,A. Perez Relancio,SF,4.5,270.0,11.0,4.0,7.0,97.8,35.6,62.2
2480223,15,979919,RECOLETAS ZAMORA,HOME,1599354,A. Tainta Lizalde,SF,1942017,A. Martin Tejedor,SF,2734310,E. Resende Carregosa,SF,2110765,A. Perez Relancio,SF,2561100,F. Pouye,SF,3.6,218.0,6.0,8.0,-2.0,66.1,88.1,-22.0
2480223,15,979919,RECOLETAS ZAMORA,HOME,1599354,A. Tainta Lizalde,SF,1942017,A. Martin Tejedor,SF,2734310,E. Resende Carregosa,SF,2561100,F. Pouye,SF,1259670,B. Sanchez Marrufo,SF,1.4,85.0,0.0,3.0,-3.0,0.0,84.7,-84.7
2480223,15,979919,RECOLETAS ZAMORA,HOME,1599354,A. Tainta Lizalde,SF,2432306,F. Niski Castelao,SF,1942017,A. Martin Tejedor,SF,2239381,D. Angel Villen,SF,2734310,E. Resende Carregosa,SF,4.4,266.0,10.0,7.0,3.0,90.2,63.2,27.1
2480223,15,979919,RECOLETAS ZAMORA,HOME,1599354,A. Tainta Lizalde,SF,2432306,F. Niski Castelao,SF,1942017,A. Martin Tejedor,SF,2561100,F. Pouye,SF,1259670,B. Sanchez Marrufo,SF,9.2,551.0,9.0,8.0,1.0,39.2,34.8,4.4
2480223,15,979919,RECOLETAS ZAMORA,HOME,1599354,A. Tainta Lizalde,SF,2432306,F. Niski Castelao,SF,1942017,A. Martin Tejedor,SF,2561100,F. Pouye,SF,2239381,D. Angel Villen,SF,2.3,139.0,6.0,5.0,1.0,103.6,86.3,17.3
2480223,15,979919,RECOLETAS ZAMORA,HOME,1599354,A. Tainta Lizalde,SF,2817152,F. Filor,SF,1942017,A. Martin Tejedor,SF,2239381,D. Angel Villen,SF,2734310,E. Resende Carregosa,SF,2.7,164.0,2.0,5.0,-3.0,29.3,73.2,-43.9
2480223,15,979919,RECOLETAS ZAMORA,HOME,1599354,A. Tainta Lizalde,SF,2817152,F. Filor,SF,1942017,A. Martin Tejedor,SF,2734310,E. Resende Carregosa,SF,2110765,A. Perez Relancio,SF,3.8,227.0,4.0,3.0,1.0,42.3,31.7,10.6
2480223,15,979919,RECOLETAS ZAMORA,HOME,1599354,A. Tainta Lizalde,SF,2817152,F. Filor,SF,1942017,A. Martin Tejedor,SF,2734310,E. Resende Carregosa,SF,2561100,F. Pouye,SF,0.1,4.0,0.0,0.0,0.0,0.0,0.0,0.0
2480223,15,979919,RECOLETAS ZAMORA,HOME,2817152,F. Filor,SF,1942017,A. Martin Tejedor,SF,2239381,D. Angel Villen,SF,2734310,E. Resende Carregosa,SF,2110765,A. Perez Relancio,SF,1.9,117.0,7.0,4.0,3.0,143.6,82.1,61.5
2480223,15,981288,SERNOVA RENOVABLES REAL CANOE,AWAY,2021397,A. Esnal Aguirre,SF,1787143,C. Mato De Prada,SF,1927626,C. Flores Garcia,SF,1242234,C. Rodriguez Nuñez,SF,1859345,L. Fleta Robles,SF,0.4,24.0,0.0,0.0,0.0,0.0,0.0,0.0
2480223,15,981288,SERNOVA RENOVABLES REAL CANOE,AWAY,2021397,A. Esnal Aguirre,SF,1787143,C. Mato De Prada,SF,1927626,C. Flores Garcia,SF,1242234,C. Rodriguez Nuñez,SF,2185085,A. Hernandez Casa,SF,6.0,366.0,12.0,9.0,3.0,78.7,59.0,19.7
2480223,15,981288,SERNOVA RENOVABLES REAL CANOE,AWAY,2097038,P. De Mier Espina,SF,1787143,C. Mato De Prada,SF,1242234,C. Rodriguez Nuñez,SF,2818945,O. Santana Moldavsky,SF,1859345,L. Fleta Robles,SF,5.1,306.0,4.0,5.0,-1.0,31.4,39.2,-7.8
2480223,15,981288,SERNOVA RENOVABLES REAL CANOE,AWAY,2097038,P. De Mier Espina,SF,1787143,C. Mato De Prada,SF,1927626,C. Flores Garcia,SF,1242234,C. Rodriguez Nuñez,SF,1859345,L. Fleta Robles,SF,2.2,134.0,6.0,2.0,4.0,107.5,35.8,71.6
2480223,15,981288,SERNOVA RENOVABLES REAL CANOE,AWAY,2097038,P. De Mier Espina,SF,1787143,C. Mato De Prada,SF,1927626,C. Flores Garcia,SF,2021397,A. Esnal Aguirre,SF,1242234,C. Rodriguez Nuñez,SF,5.9,353.0,7.0,16.0,-9.0,47.6,108.8,-61.2
2480223,15,981288,SERNOVA RENOVABLES REAL CANOE,AWAY,2097038,P. De Mier Espina,SF,1787143,C. Mato De Prada,SF,1927626,C. Flores Garcia,SF,2818945,O. Santana Moldavsky,SF,1859345,L. Fleta Robles,SF,1.3,76.0,3.0,2.0,1.0,94.7,63.2,31.6
2480223,15,981288,SERNOVA RENOVABLES REAL CANOE,AWAY,2097038,P. De Mier Espina,SF,1787143,C. Mato De Prada,SF,2021397,A. Esnal Aguirre,SF,1242234,C. Rodriguez Nuñez,SF,2818945,O. Santana Moldavsky,SF,3.1,185.0,7.0,9.0,-2.0,90.8,116.8,-25.9
2480223,15,981288,SERNOVA RENOVABLES REAL CANOE,AWAY,2097038,P. De Mier Espina,SF,1787143,C. Mato De Prada,SF,2021397,A. Esnal Aguirre,SF,1927626,C. Flores Garcia,SF,1242234,C. Rodriguez Nuñez,SF,10.3,622.0,15.0,13.0,2.0,57.9,50.2,7.7
2480223,15,981288,SERNOVA RENOVABLES REAL CANOE,AWAY,2097038,P. De Mier Espina,SF,1787143,C. Mato De Prada,SF,2021397,A. Esnal Aguirre,SF,2818945,O. Santana Moldavsky,SF,1859345,L. Fleta Robles,SF,2.6,153.0,2.0,2.0,0.0,31.4,31.4,0.0
2480223,15,981288,SERNOVA RENOVABLES REAL CANOE,AWAY,2097038,P. De Mier Espina,SF,2021397,A. Esnal Aguirre,SF,1242234,C. Rodriguez Nuñez,SF,2818945,O. Santana Moldavsky,SF,1859345,L. Fleta Robles,SF,3.0,181.0,6.0,6.0,0.0,79.6,79.6,0.0
2480224,15,979770,MELILLA CIUDAD DEL DEPORTE LA SALLE,AWAY,1756623,A. Hernangomez Geuer,SF,1946976,L. Moya Blanch,SF,1454479,A. Senosiain Vergarachea,SF,1829640,A. Sanchez Davila,SF,2648563,M. D'Urso Vallina,SF,2.5,149.0,4.0,2.0,2.0,64.4,32.2,32.2
2480224,15,979770,MELILLA CIUDAD DEL DEPORTE LA SALLE,AWAY,1756623,A. Hernangomez Geuer,SF,1946976,L. Moya Blanch,SF,1454479,A. Senosiain Vergarachea,SF,1829640,A. Sanchez Davila,SF,2814864,R. Monteiro Da Silva,SF,1.5,94.0,7.0,2.0,5.0,178.7,51.1,127.7
2480224,15,979770,MELILLA CIUDAD DEL DEPORTE LA SALLE,AWAY,1756623,A. Hernangomez Geuer,SF,1946976,L. Moya Blanch,SF,1454479,A. Senosiain Vergarachea,SF,2814864,R. Monteiro Da Silva,SF,1587316,C. Caceres Ayala,SF,1.1,67.0,3.0,0.0,3.0,107.5,0.0,107.5
2480224,15,979770,MELILLA CIUDAD DEL DEPORTE LA SALLE,AWAY,2104399,C. Garcia Muñoz,SF,1756623,A. Hernangomez Geuer,SF,1454479,A. Senosiain Vergarachea,SF,1829640,A. Sanchez Davila,SF,2648563,M. D'Urso Vallina,SF,5.7,341.0,17.0,8.0,9.0,119.6,56.3,63.3
2480224,15,979770,MELILLA CIUDAD DEL DEPORTE LA SALLE,AWAY,2104399,C. Garcia Muñoz,SF,1756623,A. Hernangomez Geuer,SF,1454479,A. Senosiain Vergarachea,SF,2814864,R. Monteiro Da Silva,SF,2648563,M. D'Urso Vallina,SF,2.2,134.0,2.0,1.0,1.0,35.8,17.9,17.9
2480224,15,979770,MELILLA CIUDAD DEL DEPORTE LA SALLE,AWAY,2104399,C. Garcia Muñoz,SF,1756623,A. Hernangomez Geuer,SF,1713801,C. Torrubia Cano,SF,1454479,A. Senosiain Vergarachea,SF,2648563,M. D'Urso Vallina,SF,4.4,258.0,2.0,3.0,-1.0,18.6,27.9,-9.3
2480224,15,979770,MELILLA CIUDAD DEL DEPORTE LA SALLE,AWAY,2104399,C. Garcia Muñoz,SF,1946976,L. Moya Blanch,SF,1454479,A. Senosiain Vergarachea,SF,1829640,A. Sanchez Davila,SF,2814864,R. Monteiro Da Silva,SF,0.6,37.0,0.0,0.0,0.0,0.0,0.0,0.0
2480224,15,979770,MELILLA CIUDAD DEL DEPORTE LA SALLE,AWAY,2104399,C. Garcia Muñoz,SF,1946976,L. Moya Blanch,SF,1454479,A. Senosiain Vergarachea,SF,2814864,R. Monteiro Da Silva,SF,2648563,M. D'Urso Vallina,SF,1.4,87.0,3.0,2.0,1.0,82.8,55.2,27.6
2480224,15,979770,MELILLA CIUDAD DEL DEPORTE LA SALLE,AWAY,2432929,M. Davydova,SF,1756623,A. Hernangomez Geuer,SF,1454479,A. Senosiain Vergarachea,SF,1587316,C. Caceres Ayala,SF,2648563,M. D'Urso Vallina,SF,1.4,86.0,3.0,2.0,1.0,83.7,55.8,27.9
2480224,15,979770,MELILLA CIUDAD DEL DEPORTE LA SALLE,AWAY,2432929,M. Davydova,SF,1756623,A. Hernangomez Geuer,SF,1454479,A. Senosiain Vergarachea,SF,2814864,R. Monteiro Da Silva,SF,1587316,C. Caceres Ayala,SF,0.2,15.0,0.0,2.0,-2.0,0.0,320.0,-320.0
2480224,15,979770,MELILLA CIUDAD DEL DEPORTE LA SALLE,AWAY,2432929,M. Davydova,SF,1946976,L. Moya Blanch,SF,1454479,A. Senosiain Vergarachea,SF,1829640,A. Sanchez Davila,SF,2648563,M. D'Urso Vallina,SF,0.4,23.0,0.0,0.0,0.0,0.0,0.0,0.0
2480224,15,979770,MELILLA CIUDAD DEL DEPORTE LA SALLE,AWAY,2432929,M. Davydova,SF,1946976,L. Moya Blanch,SF,1454479,A. Senosiain Vergarachea,SF,1829640,A. Sanchez Davila,SF,2814864,R. Monteiro Da Silva,SF,7.4,443.0,8.0,15.0,-7.0,43.3,81.3,-37.9
2480224,15,979770,MELILLA CIUDAD DEL DEPORTE LA SALLE,AWAY,2432929,M. Davydova,SF,1946976,L. Moya Blanch,SF,1454479,A. Senosiain Vergarachea,SF,2814864,R. Monteiro Da Silva,SF,1587316,C. Caceres Ayala,SF,5.6,338.0,11.0,11.0,0.0,78.1,78.1,0.0
2480224,15,979770,MELILLA CIUDAD DEL DEPORTE LA SALLE,AWAY,2432929,M. Davydova,SF,1946976,L. Moya Blanch,SF,1454479,A. Senosiain Vergarachea,SF,2814864,R. Monteiro Da Silva,SF,2648563,M. D'Urso Vallina,SF,1.1,66.0,2.0,3.0,-1.0,72.7,109.1,-36.4
2480224,15,979770,MELILLA CIUDAD DEL DEPORTE LA SALLE,AWAY,2432929,M. Davydova,SF,1946976,L. Moya Blanch,SF,2814864,R. Monteiro Da Silva,SF,1587316,C. Caceres Ayala,SF,1829640,A. Sanchez Davila,SF,4.4,262.0,7.0,6.0,1.0,64.1,55.0,9.2
2480224,15,981208,ALTER ENERSUN AL-QÁZERES EXTREMADURA,HOME,1860325,L. Fontela Cabaleiro,SF,1902336,N. Liste Alfonsin,SF,1112483,L. Mendez Lamas,SF,2815234,I. Tavares Ramos,SF,1889214,C. Prieto Pereda,SF,4.3,256.0,4.0,6.0,-2.0,37.5,56.2,-18.8
2480224,15,981208,ALTER ENERSUN AL-QÁZERES EXTREMADURA,HOME,1860325,L. Fontela Cabaleiro,SF,2432389,J. De Barros Filipe,SF,1112483,L. Mendez Lamas,SF,1902336,N. Liste Alfonsin,SF,1889214,C. Prieto Pereda,SF,0.9,54.0,0.0,3.0,-3.0,0.0,133.3,-133.3
2480224,15,981208,ALTER ENERSUN AL-QÁZERES EXTREMADURA,HOME,1860325,L. Fontela Cabaleiro,SF,2432389,J. De Barros Filipe,SF,1902336,N. Liste Alfonsin,SF,2815234,I. Tavares Ramos,SF,1889214,C. Prieto Pereda,SF,0.7,39.0,1.0,0.0,1.0,61.5,0.0,61.5
2480224,15,981208,ALTER ENERSUN AL-QÁZERES EXTREMADURA,HOME,1860325,L. Fontela Cabaleiro,SF,2815153,V. Gauna,SF,1902336,N. Liste Alfonsin,SF,2432389,J. De Barros Filipe,SF,2815234,I. Tavares Ramos,SF,4.1,248.0,3.0,7.0,-4.0,29.0,67.7,-38.7
2480224,15,981208,ALTER ENERSUN AL-QÁZERES EXTREMADURA,HOME,1860325,L. Fontela Cabaleiro,SF,2815153,V. Gauna,SF,2432389,J. De Barros Filipe,SF,1112483,L. Mendez Lamas,SF,1902336,N. Liste Alfonsin,SF,2.9,174.0,2.0,0.0,2.0,27.6,0.0,27.6
2480224,15,981208,ALTER ENERSUN AL-QÁZERES EXTREMADURA,HOME,1902336,N. Liste Alfonsin,SF,2432389,J. De Barros Filipe,SF,2815234,I. Tavares Ramos,SF,2044012,C. Suárez Fernández,SF,1889214,C. Prieto Pereda,SF,1.1,69.0,0.0,3.0,-3.0,0.0,104.3,-104.3
2480224,15,981208,ALTER ENERSUN AL-QÁZERES EXTREMADURA,HOME,2056237,L. Salmeron Segu,SF,1860325,L. Fontela Cabaleiro,SF,1112483,L. Mendez Lamas,SF,1902336,N. Liste Alfonsin,SF,2815234,I. Tavares Ramos,SF,1.7,107.0,4.0,1.0,3.0,89.7,22.4,67.3
2480224,15,981208,ALTER ENERSUN AL-QÁZERES EXTREMADURA,HOME,2056237,L. Salmeron Segu,SF,1860325,L. Fontela Cabaleiro,SF,1902336,N. Liste Alfonsin,SF,1112483,L. Mendez Lamas,SF,2815234,I. Tavares Ramos,SF,0.8,50.0,0.0,5.0,-5.0,0.0,240.0,-240.0
2480224,15,981208,ALTER ENERSUN AL-QÁZERES EXTREMADURA,HOME,2056237,L. Salmeron Segu,SF,1860325,L. Fontela Cabaleiro,SF,2432389,J. De Barros Filipe,SF,1902336,N. Liste Alfonsin,SF,1889214,C. Prieto Pereda,SF,2.4,146.0,2.0,2.0,0.0,32.9,32.9,0.0
2480224,15,981208,ALTER ENERSUN AL-QÁZERES EXTREMADURA,HOME,2056237,L. Salmeron Segu,SF,1860325,L. Fontela Cabaleiro,SF,2432389,J. De Barros Filipe,SF,1902336,N. Liste Alfonsin,SF,2815234,I. Tavares Ramos,SF,1.8,108.0,5.0,5.0,0.0,111.1,111.1,0.0
2480224,15,981208,ALTER ENERSUN AL-QÁZERES EXTREMADURA,HOME,2056237,L. Salmeron Segu,SF,1860325,L. Fontela Cabaleiro,SF,2815153,V. Gauna,SF,1902336,N. Liste Alfonsin,SF,1112483,L. Mendez Lamas,SF,0.7,40.0,1.0,2.0,-1.0,60.0,120.0,-60.0
2480224,15,981208,ALTER ENERSUN AL-QÁZERES EXTREMADURA,HOME,2056237,L. Salmeron Segu,SF,1860325,L. Fontela Cabaleiro,SF,2815153,V. Gauna,SF,1902336,N. Liste Alfonsin,SF,1889214,C. Prieto Pereda,SF,1.4,87.0,2.0,3.0,-1.0,55.2,82.8,-27.6
2480224,15,981208,ALTER ENERSUN AL-QÁZERES EXTREMADURA,HOME,2056237,L. Salmeron Segu,SF,1860325,L. Fontela Cabaleiro,SF,2815153,V. Gauna,SF,1902336,N. Liste Alfonsin,SF,2432389,J. De Barros Filipe,SF,1.5,88.0,4.0,8.0,-4.0,109.1,218.2,-109.1
2480224,15,981208,ALTER ENERSUN AL-QÁZERES EXTREMADURA,HOME,2056237,L. Salmeron Segu,SF,1860325,L. Fontela Cabaleiro,SF,2815153,V. Gauna,SF,1902336,N. Liste Alfonsin,SF,2815234,I. Tavares Ramos,SF,0.9,58.0,0.0,0.0,0.0,0.0,0.0,0.0
2480224,15,981208,ALTER ENERSUN AL-QÁZERES EXTREMADURA,HOME,2056237,L. Salmeron Segu,SF,1860325,L. Fontela Cabaleiro,SF,2815153,V. Gauna,SF,2432389,J. De Barros Filipe,SF,1902336,N. Liste Alfonsin,SF,2.6,157.0,6.0,5.0,1.0,91.7,76.4,15.3
2480224,15,981208,ALTER ENERSUN AL-QÁZERES EXTREMADURA,HOME,2056237,L. Salmeron Segu,SF,1902336,N. Liste Alfonsin,SF,2432389,J. De Barros Filipe,SF,2044012,C. Suárez Fernández,SF,1889214,C. Prieto Pereda,SF,0.8,48.0,5.0,0.0,5.0,250.0,0.0,250.0
2480224,15,981208,ALTER ENERSUN AL-QÁZERES EXTREMADURA,HOME,2056237,L. Salmeron Segu,SF,1902336,N. Liste Alfonsin,SF,2432389,J. De Barros Filipe,SF,2815234,I. Tavares Ramos,SF,2044012,C. Suárez Fernández,SF,1.6,93.0,2.0,0.0,2.0,51.6,0.0,51.6
2480224,15,981208,ALTER ENERSUN AL-QÁZERES EXTREMADURA,HOME,2056237,L. Salmeron Segu,SF,2229964,S. Gomez Tobias,SF,1902336,N. Liste Alfonsin,SF,2432389,J. De Barros Filipe,SF,2044012,C. Suárez Fernández,SF,0.5,32.0,0.0,2.0,-2.0,0.0,150.0,-150.0
2480224,15,981208,ALTER ENERSUN AL-QÁZERES EXTREMADURA,HOME,2056237,L. Salmeron Segu,SF,2815153,V. Gauna,SF,1902336,N. Liste Alfonsin,SF,2432389,J. De Barros Filipe,SF,2815234,I. Tavares Ramos,SF,1.2,70.0,2.0,4.0,-2.0,68.6,137.1,-68.6
2480224,15,981208,ALTER ENERSUN AL-QÁZERES EXTREMADURA,HOME,2056237,L. Salmeron Segu,SF,2815153,V. Gauna,SF,2432389,J. De Barros Filipe,SF,1902336,N. Liste Alfonsin,SF,1112483,L. Mendez Lamas,SF,2.5,148.0,5.0,4.0,1.0,81.1,64.9,16.2
2480224,15,981208,ALTER ENERSUN AL-QÁZERES EXTREMADURA,HOME,2056237,L. Salmeron Segu,SF,2815153,V. Gauna,SF,2432389,J. De Barros Filipe,SF,1902336,N. Liste Alfonsin,SF,2815234,I. Tavares Ramos,SF,5.5,328.0,9.0,9.0,0.0,65.9,65.9,0.0
2480225,16,979770,MELILLA CIUDAD DEL DEPORTE LA SALLE,HOME,1713801,C. Torrubia Cano,SF,1946976,L. Moya Blanch,SF,1454479,A. Senosiain Vergarachea,SF,1587316,C. Caceres Ayala,SF,2648563,M. D'Urso Vallina,SF,0.3,17.0,1.0,5.0,-4.0,141.2,705.9,-564.7
2480225,16,979770,MELILLA CIUDAD DEL DEPORTE LA SALLE,HOME,1713801,C. Torrubia Cano,SF,1946976,L. Moya Blanch,SF,1454479,A. Senosiain Vergarachea,SF,2814864,R. Monteiro Da Silva,SF,2648563,M. D'Urso Vallina,SF,0.8,51.0,0.0,2.0,-2.0,0.0,94.1,-94.1
2480225,16,979770,MELILLA CIUDAD DEL DEPORTE LA SALLE,HOME,1756623,A. Hernangomez Geuer,SF,1454479,A. Senosiain Vergarachea,SF,2814864,R. Monteiro Da Silva,SF,2648563,M. D'Urso Vallina,SF,1829640,A. Sanchez Davila,SF,4.1,244.0,6.0,5.0,1.0,59.0,49.2,9.8
2480225,16,979770,MELILLA CIUDAD DEL DEPORTE LA SALLE,HOME,1756623,A. Hernangomez Geuer,SF,1946976,L. Moya Blanch,SF,1454479,A. Senosiain Vergarachea,SF,2648563,M. D'Urso Vallina,SF,1829640,A. Sanchez Davila,SF,3.1,188.0,8.0,8.0,0.0,102.1,102.1,0.0
2480225,16,979770,MELILLA CIUDAD DEL DEPORTE LA SALLE,HOME,1756623,A. Hernangomez Geuer,SF,1946976,L. Moya Blanch,SF,1454479,A. Senosiain Vergarachea,SF,2814864,R. Monteiro Da Silva,SF,2648563,M. D'Urso Vallina,SF,4.3,259.0,4.0,4.0,0.0,37.1,37.1,0.0
2480225,16,979770,MELILLA CIUDAD DEL DEPORTE LA SALLE,HOME,1756623,A. Hernangomez Geuer,SF,2104399,C. Garcia Muñoz,SF,1454479,A. Senosiain Vergarachea,SF,2814864,R. Monteiro Da Silva,SF,2648563,M. D'Urso Vallina,SF,5.8,339.0,12.0,10.0,2.0,85.0,70.8,14.2
2480225,16,979770,MELILLA CIUDAD DEL DEPORTE LA SALLE,HOME,1946976,L. Moya Blanch,SF,1454479,A. Senosiain Vergarachea,SF,2814864,R. Monteiro Da Silva,SF,1587316,C. Caceres Ayala,SF,2648563,M. D'Urso Vallina,SF,1.9,113.0,5.0,4.0,1.0,106.2,85.0,21.2
2480225,16,979770,MELILLA CIUDAD DEL DEPORTE LA SALLE,HOME,1946976,L. Moya Blanch,SF,1454479,A. Senosiain Vergarachea,SF,2814864,R. Monteiro Da Silva,SF,2648563,M. D'Urso Vallina,SF,1829640,A. Sanchez Davila,SF,0.9,56.0,0.0,0.0,0.0,0.0,0.0,0.0
2480225,16,979770,MELILLA CIUDAD DEL DEPORTE LA SALLE,HOME,2104399,C. Garcia Muñoz,SF,1454479,A. Senosiain Vergarachea,SF,2814864,R. Monteiro Da Silva,SF,2648563,M. D'Urso Vallina,SF,1829640,A. Sanchez Davila,SF,6.1,366.0,17.0,12.0,5.0,111.5,78.7,32.8
2480225,16,979770,MELILLA CIUDAD DEL DEPORTE LA SALLE,HOME,2104399,C. Garcia Muñoz,SF,1946976,L. Moya Blanch,SF,1454479,A. Senosiain Vergarachea,SF,2648563,M. D'Urso Vallina,SF,1829640,A. Sanchez Davila,SF,0.4,24.0,0.0,4.0,-4.0,0.0,400.0,-400.0
2480225,16,979770,MELILLA CIUDAD DEL DEPORTE LA SALLE,HOME,2104399,C. Garcia Muñoz,SF,1946976,L. Moya Blanch,SF,1454479,A. Senosiain Vergarachea,SF,2814864,R. Monteiro Da Silva,SF,1587316,C. Caceres Ayala,SF,0.9,57.0,3.0,0.0,3.0,126.3,0.0,126.3
2480225,16,979770,MELILLA CIUDAD DEL DEPORTE LA SALLE,HOME,2432929,M. Davydova,SF,1713801,C. Torrubia Cano,SF,1946976,L. Moya Blanch,SF,1454479,A. Senosiain Vergarachea,SF,1587316,C. Caceres Ayala,SF,3.6,219.0,4.0,5.0,-1.0,43.8,54.8,-11.0
2480225,16,979770,MELILLA CIUDAD DEL DEPORTE LA SALLE,HOME,2432929,M. Davydova,SF,1946976,L. Moya Blanch,SF,1454479,A. Senosiain Vergarachea,SF,1587316,C. Caceres Ayala,SF,2648563,M. D'Urso Vallina,SF,0.5,29.0,0.0,0.0,0.0,0.0,0.0,0.0
2480225,16,979770,MELILLA CIUDAD DEL DEPORTE LA SALLE,HOME,2432929,M. Davydova,SF,1946976,L. Moya Blanch,SF,1454479,A. Senosiain Vergarachea,SF,2648563,M. D'Urso Vallina,SF,1829640,A. Sanchez Davila,SF,1.2,69.0,2.0,0.0,2.0,69.6,0.0,69.6
2480225,16,979770,MELILLA CIUDAD DEL DEPORTE LA SALLE,HOME,2432929,M. Davydova,SF,1946976,L. Moya Blanch,SF,1454479,A. Senosiain Vergarachea,SF,2814864,R. Monteiro Da Silva,SF,1587316,C. Caceres Ayala,SF,6.3,374.0,3.0,10.0,-7.0,19.3,64.2,-44.9
2480225,16,979770,MELILLA CIUDAD DEL DEPORTE LA SALLE,HOME,2432929,M. Davydova,SF,1946976,L. Moya Blanch,SF,1454479,A. Senosiain Vergarachea,SF,2814864,R. Monteiro Da Silva,SF,2648563,M. D'Urso Vallina,SF,0.3,17.0,0.0,0.0,0.0,0.0,0.0,0.0
2480225,16,979770,MELILLA CIUDAD DEL DEPORTE LA SALLE,HOME,2432929,M. Davydova,SF,1946976,L. Moya Blanch,SF,2814864,R. Monteiro Da Silva,SF,1587316,C. Caceres Ayala,SF,1829640,A. Sanchez Davila,SF,4.6,278.0,11.0,6.0,5.0,95.0,51.8,43.2
2480225,16,981206,MCR LIMA-HORTA BARCELONA,AWAY,1494221,L. Soler Madariaga,SF,1908281,M. Aguado Tortella,SF,1968768,I. Subirats Teruel,SF,1958425,L. Roig I Salrach,SF,1912814,N. Barrientos Pereira,SF,0.3,16.0,0.0,2.0,-2.0,0.0,300.0,-300.0
2480225,16,981206,MCR LIMA-HORTA BARCELONA,AWAY,1494221,L. Soler Madariaga,SF,1908281,M. Aguado Tortella,SF,1968768,I. Subirats Teruel,SF,1959765,J. Rueda Choni,SF,1958425,L. Roig I Salrach,SF,1.9,111.0,4.0,0.0,4.0,86.5,0.0,86.5
2480225,16,981206,MCR LIMA-HORTA BARCELONA,AWAY,1494221,L. Soler Madariaga,SF,1959765,J. Rueda Choni,SF,1968768,I. Subirats Teruel,SF,1886093,E. Escuder Gonzalez,SF,2042157,C. Ripoll Moya,SF,0.8,46.0,1.0,0.0,1.0,52.2,0.0,52.2
2480225,16,981206,MCR LIMA-HORTA BARCELONA,AWAY,1494221,L. Soler Madariaga,SF,1959765,J. Rueda Choni,SF,1968768,I. Subirats Teruel,SF,1958425,L. Roig I Salrach,SF,1912814,N. Barrientos Pereira,SF,1.9,115.0,9.0,0.0,9.0,187.8,0.0,187.8
2480225,16,981206,MCR LIMA-HORTA BARCELONA,AWAY,2049841,E. Trawally Porta,SF,1494221,L. Soler Madariaga,SF,1908281,M. Aguado Tortella,SF,1959765,J. Rueda Choni,SF,2042157,C. Ripoll Moya,SF,2.7,160.0,2.0,1.0,1.0,30.0,15.0,15.0
2480225,16,981206,MCR LIMA-HORTA BARCELONA,AWAY,2049841,E. Trawally Porta,SF,1494221,L. Soler Madariaga,SF,1908281,M. Aguado Tortella,SF,1968768,I. Subirats Teruel,SF,1958425,L. Roig I Salrach,SF,3.7,223.0,7.0,8.0,-1.0,75.3,86.1,-10.8
2480225,16,981206,MCR LIMA-HORTA BARCELONA,AWAY,2049841,E. Trawally Porta,SF,1494221,L. Soler Madariaga,SF,1908281,M. Aguado Tortella,SF,1968768,I. Subirats Teruel,SF,1959765,J. Rueda Choni,SF,4.6,276.0,6.0,3.0,3.0,52.2,26.1,26.1
2480225,16,981206,MCR LIMA-HORTA BARCELONA,AWAY,2049841,E. Trawally Porta,SF,1494221,L. Soler Madariaga,SF,1959765,J. Rueda Choni,SF,1958425,L. Roig I Salrach,SF,1912814,N. Barrientos Pereira,SF,1.2,74.0,7.0,1.0,6.0,227.0,32.4,194.6
2480225,16,981206,MCR LIMA-HORTA BARCELONA,AWAY,2049841,E. Trawally Porta,SF,1494221,L. Soler Madariaga,SF,1968768,I. Subirats Teruel,SF,1959765,J. Rueda Choni,SF,1958425,L. Roig I Salrach,SF,0.5,29.0,0.0,0.0,0.0,0.0,0.0,0.0
2480225,16,981206,MCR LIMA-HORTA BARCELONA,AWAY,2049841,E. Trawally Porta,SF,1908281,M. Aguado Tortella,SF,1959765,J. Rueda Choni,SF,1968768,I. Subirats Teruel,SF,1958425,L. Roig I Salrach,SF,0.6,33.0,0.0,0.0,0.0,0.0,0.0,0.0
2480225,16,981206,MCR LIMA-HORTA BARCELONA,AWAY,2049841,E. Trawally Porta,SF,1908281,M. Aguado Tortella,SF,1959765,J. Rueda Choni,SF,1968768,I. Subirats Teruel,SF,2042157,C. Ripoll Moya,SF,2.3,138.0,3.0,8.0,-5.0,52.2,139.1,-87.0
2480225,16,981206,MCR LIMA-HORTA BARCELONA,AWAY,2049841,E. Trawally Porta,SF,1908281,M. Aguado Tortella,SF,1968768,I. Subirats Teruel,SF,1958425,L. Roig I Salrach,SF,1912814,N. Barrientos Pereira,SF,2.1,127.0,3.0,9.0,-6.0,56.7,170.1,-113.4
2480225,16,981206,MCR LIMA-HORTA BARCELONA,AWAY,2049841,E. Trawally Porta,SF,1959765,J. Rueda Choni,SF,1968768,I. Subirats Teruel,SF,1886093,E. Escuder Gonzalez,SF,2042157,C. Ripoll Moya,SF,1.7,100.0,2.0,4.0,-2.0,48.0,96.0,-48.0
2480225,16,981206,MCR LIMA-HORTA BARCELONA,AWAY,2235190,E. Morales López,SF,1494221,L. Soler Madariaga,SF,1908281,M. Aguado Tortella,SF,1958425,L. Roig I Salrach,SF,1912814,N. Barrientos Pereira,SF,2.7,161.0,0.0,3.0,-3.0,0.0,44.7,-44.7
2480225,16,981206,MCR LIMA-HORTA BARCELONA,AWAY,2235190,E. Morales López,SF,1494221,L. Soler Madariaga,SF,1908281,M. Aguado Tortella,SF,1959765,J. Rueda Choni,SF,1958425,L. Roig I Salrach,SF,2.2,131.0,0.0,4.0,-4.0,0.0,73.3,-73.3
2480225,16,981206,MCR LIMA-HORTA BARCELONA,AWAY,2235190,E. Morales López,SF,1494221,L. Soler Madariaga,SF,1959765,J. Rueda Choni,SF,1958425,L. Roig I Salrach,SF,1912814,N. Barrientos Pereira,SF,1.3,79.0,0.0,2.0,-2.0,0.0,60.8,-60.8
2480225,16,981206,MCR LIMA-HORTA BARCELONA,AWAY,2235190,E. Morales López,SF,1494221,L. Soler Madariaga,SF,1959765,J. Rueda Choni,SF,1968768,I. Subirats Teruel,SF,1958425,L. Roig I Salrach,SF,3.5,212.0,7.0,8.0,-1.0,79.2,90.6,-11.3
2480225,16,981206,MCR LIMA-HORTA BARCELONA,AWAY,2235190,E. Morales López,SF,1494221,L. Soler Madariaga,SF,1968768,I. Subirats Teruel,SF,1958425,L. Roig I Salrach,SF,1912814,N. Barrientos Pereira,SF,2.2,134.0,5.0,2.0,3.0,89.6,35.8,53.7
2480225,16,981206,MCR LIMA-HORTA BARCELONA,AWAY,2235190,E. Morales López,SF,1494221,L. Soler Madariaga,SF,1968768,I. Subirats Teruel,SF,1959765,J. Rueda Choni,SF,1958425,L. Roig I Salrach,SF,1.0,58.0,2.0,3.0,-1.0,82.8,124.1,-41.4
2480225,16,981206,MCR LIMA-HORTA BARCELONA,AWAY,2235190,E. Morales López,SF,2049841,E. Trawally Porta,SF,1908281,M. Aguado Tortella,SF,1958425,L. Roig I Salrach,SF,1886093,E. Escuder Gonzalez,SF,3.4,203.0,6.0,8.0,-2.0,70.9,94.6,-23.6
2480225,16,981206,MCR LIMA-HORTA BARCELONA,AWAY,2235190,E. Morales López,SF,2049841,E. Trawally Porta,SF,1908281,M. Aguado Tortella,SF,1958425,L. Roig I Salrach,SF,1912814,N. Barrientos Pereira,SF,3.2,195.0,6.0,8.0,-2.0,73.8,98.5,-24.6
2480225,16,981206,MCR LIMA-HORTA BARCELONA,AWAY,2235190,E. Morales López,SF,2049841,E. Trawally Porta,SF,1959765,J. Rueda Choni,SF,1958425,L. Roig I Salrach,SF,1886093,E. Escuder Gonzalez,SF,1.3,79.0,5.0,2.0,3.0,151.9,60.8,91.1
2480226,16,981208,ALTER ENERSUN AL-QÁZERES EXTREMADURA,HOME,1860325,L. Fontela Cabaleiro,SF,2815153,V. Gauna,SF,1112483,L. Mendez Lamas,SF,1902336,N. Liste Alfonsin,SF,2815234,I. Tavares Ramos,SF,2.6,155.0,7.0,6.0,1.0,108.4,92.9,15.5
2480226,16,981208,ALTER ENERSUN AL-QÁZERES EXTREMADURA,HOME,1860325,L. Fontela Cabaleiro,SF,2815153,V. Gauna,SF,1902336,N. Liste Alfonsin,SF,2815234,I. Tavares Ramos,SF,1889214,C. Prieto Pereda,SF,2.0,121.0,4.0,2.0,2.0,79.3,39.7,39.7
2480226,16,981208,ALTER ENERSUN AL-QÁZERES EXTREMADURA,HOME,2056237,L. Salmeron Segu,SF,1860325,L. Fontela Cabaleiro,SF,2432389,J. De Barros Filipe,SF,1112483,L. Mendez Lamas,SF,1902336,N. Liste Alfonsin,SF,2.0,123.0,3.0,5.0,-2.0,58.5,97.6,-39.0
2480226,16,981208,ALTER ENERSUN AL-QÁZERES EXTREMADURA,HOME,2056237,L. Salmeron Segu,SF,1860325,L. Fontela Cabaleiro,SF,2432389,J. De Barros Filipe,SF,1902336,N. Liste Alfonsin,SF,1889214,C. Prieto Pereda,SF,2.8,166.0,4.0,11.0,-7.0,57.8,159.0,-101.2
2480226,16,981208,ALTER ENERSUN AL-QÁZERES EXTREMADURA,HOME,2056237,L. Salmeron Segu,SF,1860325,L. Fontela Cabaleiro,SF,2432389,J. De Barros Filipe,SF,1902336,N. Liste Alfonsin,SF,2044012,C. Suárez Fernández,SF,0.7,40.0,0.0,3.0,-3.0,0.0,180.0,-180.0
2480226,16,981208,ALTER ENERSUN AL-QÁZERES EXTREMADURA,HOME,2056237,L. Salmeron Segu,SF,1860325,L. Fontela Cabaleiro,SF,2432389,J. De Barros Filipe,SF,1902336,N. Liste Alfonsin,SF,2815234,I. Tavares Ramos,SF,5.2,313.0,9.0,10.0,-1.0,69.0,76.7,-7.7
2480226,16,981208,ALTER ENERSUN AL-QÁZERES EXTREMADURA,HOME,2056237,L. Salmeron Segu,SF,1860325,L. Fontela Cabaleiro,SF,2815153,V. Gauna,SF,1112483,L. Mendez Lamas,SF,1902336,N. Liste Alfonsin,SF,1.1,68.0,0.0,0.0,0.0,0.0,0.0,0.0
2480226,16,981208,ALTER ENERSUN AL-QÁZERES EXTREMADURA,HOME,2056237,L. Salmeron Segu,SF,1860325,L. Fontela Cabaleiro,SF,2815153,V. Gauna,SF,2432389,J. De Barros Filipe,SF,1902336,N. Liste Alfonsin,SF,14.2,855.0,24.0,16.0,8.0,67.4,44.9,22.5
2480226,16,981208,ALTER ENERSUN AL-QÁZERES EXTREMADURA,HOME,2056237,L. Salmeron Segu,SF,2432389,J. De Barros Filipe,SF,1902336,N. Liste Alfonsin,SF,2815234,I. Tavares Ramos,SF,2044012,C. Suárez Fernández,SF,3.0,184.0,8.0,5.0,3.0,104.3,65.2,39.1
2480226,16,981208,ALTER ENERSUN AL-QÁZERES EXTREMADURA,HOME,2056237,L. Salmeron Segu,SF,2815153,V. Gauna,SF,2432389,J. De Barros Filipe,SF,1902336,N. Liste Alfonsin,SF,2815234,I. Tavares Ramos,SF,4.4,264.0,11.0,4.0,7.0,100.0,36.4,63.6
2480226,16,981208,ALTER ENERSUN AL-QÁZERES EXTREMADURA,HOME,2815153,V. Gauna,SF,2432389,J. De Barros Filipe,SF,1112483,L. Mendez Lamas,SF,1902336,N. Liste Alfonsin,SF,2815234,I. Tavares Ramos,SF,1.4,84.0,0.0,4.0,-4.0,0.0,114.3,-114.3
2480226,16,981208,ALTER ENERSUN AL-QÁZERES EXTREMADURA,HOME,2815153,V. Gauna,SF,2432389,J. De Barros Filipe,SF,1902336,N. Liste Alfonsin,SF,2815234,I. Tavares Ramos,SF,1889214,C. Prieto Pereda,SF,0.5,27.0,3.0,3.0,0.0,266.7,266.7,0.0
2480226,16,981288,SERNOVA RENOVABLES REAL CANOE,AWAY,2021397,A. Esnal Aguirre,SF,1787143,C. Mato De Prada,SF,1242234,C. Rodriguez Nuñez,SF,2818945,O. Santana Moldavsky,SF,1859345,L. Fleta Robles,SF,4.8,287.0,13.0,8.0,5.0,108.7,66.9,41.8
2480226,16,981288,SERNOVA RENOVABLES REAL CANOE,AWAY,2021397,A. Esnal Aguirre,SF,1787143,C. Mato De Prada,SF,1927626,C. Flores Garcia,SF,1242234,C. Rodriguez Nuñez,SF,2185085,A. Hernandez Casa,SF,5.2,313.0,5.0,14.0,-9.0,38.3,107.3,-69.0
2480226,16,981288,SERNOVA RENOVABLES REAL CANOE,AWAY,2097038,P. De Mier Espina,SF,1787143,C. Mato De Prada,SF,1242234,C. Rodriguez Nuñez,SF,2818945,O. Santana Moldavsky,SF,1859345,L. Fleta Robles,SF,3.3,196.0,2.0,4.0,-2.0,24.5,49.0,-24.5
2480226,16,981288,SERNOVA RENOVABLES REAL CANOE,AWAY,2097038,P. De Mier Espina,SF,1787143,C. Mato De Prada,SF,1927626,C. Flores Garcia,SF,1242234,C. Rodriguez Nuñez,SF,1859345,L. Fleta Robles,SF,4.3,258.0,7.0,10.0,-3.0,65.1,93.0,-27.9
2480226,16,981288,SERNOVA RENOVABLES REAL CANOE,AWAY,2097038,P. De Mier Espina,SF,1787143,C. Mato De Prada,SF,2021397,A. Esnal Aguirre,SF,1242234,C. Rodriguez Nuñez,SF,2818945,O. Santana Moldavsky,SF,1.4,87.0,0.0,2.0,-2.0,0.0,55.2,-55.2
2480226,16,981288,SERNOVA RENOVABLES REAL CANOE,AWAY,2097038,P. De Mier Espina,SF,1787143,C. Mato De Prada,SF,2021397,A. Esnal Aguirre,SF,1927626,C. Flores Garcia,SF,1242234,C. Rodriguez Nuñez,SF,0.3,17.0,0.0,2.0,-2.0,0.0,282.4,-282.4
2480226,16,981288,SERNOVA RENOVABLES REAL CANOE,AWAY,2097038,P. De Mier Espina,SF,2021397,A. Esnal Aguirre,SF,1787143,C. Mato De Prada,SF,1242234,C. Rodriguez Nuñez,SF,1859345,L. Fleta Robles,SF,0.1,4.0,0.0,0.0,0.0,0.0,0.0,0.0
2480226,16,981288,SERNOVA RENOVABLES REAL CANOE,AWAY,2097038,P. De Mier Espina,SF,2021397,A. Esnal Aguirre,SF,1787143,C. Mato De Prada,SF,1242234,C. Rodriguez Nuñez,SF,2818945,O. Santana Moldavsky,SF,8.6,522.0,18.0,10.0,8.0,82.8,46.0,36.8
2480226,16,981288,SERNOVA RENOVABLES REAL CANOE,AWAY,2097038,P. De Mier Espina,SF,2021397,A. Esnal Aguirre,SF,1787143,C. Mato De Prada,SF,1927626,C. Flores Garcia,SF,1242234,C. Rodriguez Nuñez,SF,7.3,440.0,18.0,16.0,2.0,98.2,87.3,10.9
2480226,16,981288,SERNOVA RENOVABLES REAL CANOE,AWAY,2097038,P. De Mier Espina,SF,2021397,A. Esnal Aguirre,SF,1787143,C. Mato De Prada,SF,2818945,O. Santana Moldavsky,SF,1859345,L. Fleta Robles,SF,3.7,223.0,6.0,7.0,-1.0,64.6,75.3,-10.8
2480226,16,981288,SERNOVA RENOVABLES REAL CANOE,AWAY,2097038,P. De Mier Espina,SF,2021397,A. Esnal Aguirre,SF,1927626,C. Flores Garcia,SF,1242234,C. Rodriguez Nuñez,SF,1859345,L. Fleta Robles,SF,0.9,53.0,0.0,0.0,0.0,0.0,0.0,0.0
2480227,16,979919,RECOLETAS ZAMORA,HOME,1599354,A. Tainta Lizalde,SF,1942017,A. Martin Tejedor,SF,2561100,F. Pouye,SF,2239381,D. Angel Villen,SF,2734310,E. Resende Carregosa,SF,0.7,42.0,2.0,4.0,-2.0,114.3,228.6,-114.3
2480227,16,979919,RECOLETAS ZAMORA,HOME,1599354,A. Tainta Lizalde,SF,1942017,A. Martin Tejedor,SF,2734310,E. Resende Carregosa,SF,2110765,A. Perez Relancio,SF,1259670,B. Sanchez Marrufo,SF,1.5,91.0,3.0,0.0,3.0,79.1,0.0,79.1
2480227,16,979919,RECOLETAS ZAMORA,HOME,1599354,A. Tainta Lizalde,SF,2432306,F. Niski Castelao,SF,1942017,A. Martin Tejedor,SF,2110765,A. Perez Relancio,SF,1259670,B. Sanchez Marrufo,SF,1.3,81.0,0.0,0.0,0.0,0.0,0.0,0.0
2480227,16,979919,RECOLETAS ZAMORA,HOME,1599354,A. Tainta Lizalde,SF,2432306,F. Niski Castelao,SF,1942017,A. Martin Tejedor,SF,2239381,D. Angel Villen,SF,2110765,A. Perez Relancio,SF,1.3,78.0,2.0,0.0,2.0,61.5,0.0,61.5
2480227,16,979919,RECOLETAS ZAMORA,HOME,1599354,A. Tainta Lizalde,SF,2432306,F. Niski Castelao,SF,1942017,A. Martin Tejedor,SF,2239381,D. Angel Villen,SF,2561100,F. Pouye,SF,4.3,255.0,2.0,9.0,-7.0,18.8,84.7,-65.9
2480227,16,979919,RECOLETAS ZAMORA,HOME,1599354,A. Tainta Lizalde,SF,2432306,F. Niski Castelao,SF,1942017,A. Martin Tejedor,SF,2561100,F. Pouye,SF,1259670,B. Sanchez Marrufo,SF,2.5,147.0,6.0,2.0,4.0,98.0,32.7,65.3
2480227,16,979919,RECOLETAS ZAMORA,HOME,1599354,A. Tainta Lizalde,SF,2432306,F. Niski Castelao,SF,1942017,A. Martin Tejedor,SF,2561100,F. Pouye,SF,2239381,D. Angel Villen,SF,4.6,276.0,6.0,7.0,-1.0,52.2,60.9,-8.7
2480227,16,979919,RECOLETAS ZAMORA,HOME,1599354,A. Tainta Lizalde,SF,2432306,F. Niski Castelao,SF,1942017,A. Martin Tejedor,SF,2734310,E. Resende Carregosa,SF,2110765,A. Perez Relancio,SF,1.9,116.0,4.0,10.0,-6.0,82.8,206.9,-124.1
2480227,16,979919,RECOLETAS ZAMORA,HOME,1599354,A. Tainta Lizalde,SF,2817152,F. Filor,SF,1942017,A. Martin Tejedor,SF,2239381,D. Angel Villen,SF,2734310,E. Resende Carregosa,SF,2.4,144.0,9.0,5.0,4.0,150.0,83.3,66.7
2480227,16,979919,RECOLETAS ZAMORA,HOME,1599354,A. Tainta Lizalde,SF,2817152,F. Filor,SF,1942017,A. Martin Tejedor,SF,2561100,F. Pouye,SF,2239381,D. Angel Villen,SF,0.8,45.0,0.0,0.0,0.0,0.0,0.0,0.0
2480227,16,979919,RECOLETAS ZAMORA,HOME,1599354,A. Tainta Lizalde,SF,2817152,F. Filor,SF,1942017,A. Martin Tejedor,SF,2734310,E. Resende Carregosa,SF,2110765,A. Perez Relancio,SF,18.1,1078.0,36.0,31.0,5.0,80.1,69.0,11.1
2480227,16,979919,RECOLETAS ZAMORA,HOME,1599354,A. Tainta Lizalde,SF,2817152,F. Filor,SF,2432306,F. Niski Castelao,SF,1942017,A. Martin Tejedor,SF,2110765,A. Perez Relancio,SF,0.8,47.0,1.0,0.0,1.0,51.1,0.0,51.1
2480227,16,979988,FUSTECMA NBF CASTELLÓ,AWAY,1680760,S. Carli Del Pino,SF,2131367,S. Basaez Narvaez,SF,2274867,L. De Giacomo,SF,2087212,L. Ruiz De La Hermosa Arce,SF,2144678,L. Jovena Meseguer,SF,4.0,237.0,4.0,8.0,-4.0,40.5,81.0,-40.5
2480227,16,979988,FUSTECMA NBF CASTELLÓ,AWAY,1680760,S. Carli Del Pino,SF,2131367,S. Basaez Narvaez,SF,2383616,F. Asemota Augustine,SF,2087212,L. Ruiz De La Hermosa Arce,SF,1460562,C. Perez Relancio,SF,8.6,520.0,19.0,21.0,-2.0,87.7,96.9,-9.2
2480227,16,979988,FUSTECMA NBF CASTELLÓ,AWAY,1680760,S. Carli Del Pino,SF,2131367,S. Basaez Narvaez,SF,2383616,F. Asemota Augustine,SF,2087212,L. Ruiz De La Hermosa Arce,SF,2274867,L. De Giacomo,SF,1.3,76.0,3.0,0.0,3.0,94.7,0.0,94.7
2480227,16,979988,FUSTECMA NBF CASTELLÓ,AWAY,1680760,S. Carli Del Pino,SF,2383616,F. Asemota Augustine,SF,2087212,L. Ruiz De La Hermosa Arce,SF,2274867,L. De Giacomo,SF,2144678,L. Jovena Meseguer,SF,3.0,186.0,0.0,6.0,-6.0,0.0,77.4,-77.4
2480227,16,979988,FUSTECMA NBF CASTELLÓ,AWAY,1680760,S. Carli Del Pino,SF,2829993,G. Aiello,SF,1460562,C. Perez Relancio,SF,2087212,L. Ruiz De La Hermosa Arce,SF,1618451,L. Campos De Bengoa,SF,5.3,316.0,15.0,8.0,7.0,113.9,60.8,53.2
2480227,16,979988,FUSTECMA NBF CASTELLÓ,AWAY,1680760,S. Carli Del Pino,SF,2829993,G. Aiello,SF,2131367,S. Basaez Narvaez,SF,2274867,L. De Giacomo,SF,2087212,L. Ruiz De La Hermosa Arce,SF,0.8,47.0,0.0,0.0,0.0,0.0,0.0,0.0
2480227,16,979988,FUSTECMA NBF CASTELLÓ,AWAY,1680760,S. Carli Del Pino,SF,2829993,G. Aiello,SF,2131367,S. Basaez Narvaez,SF,2383616,F. Asemota Augustine,SF,1460562,C. Perez Relancio,SF,7.7,458.0,15.0,17.0,-2.0,78.6,89.1,-10.5
2480227,16,979988,FUSTECMA NBF CASTELLÓ,AWAY,1680760,S. Carli Del Pino,SF,2829993,G. Aiello,SF,2131367,S. Basaez Narvaez,SF,2383616,F. Asemota Augustine,SF,2087212,L. Ruiz De La Hermosa Arce,SF,5.7,335.0,10.0,6.0,4.0,71.6,43.0,28.7
2480227,16,979988,FUSTECMA NBF CASTELLÓ,AWAY,1680760,S. Carli Del Pino,SF,2829993,G. Aiello,SF,2131367,S. Basaez Narvaez,SF,2383616,F. Asemota Augustine,SF,2274867,L. De Giacomo,SF,0.8,49.0,0.0,1.0,-1.0,0.0,49.0,-49.0
2480227,16,979988,FUSTECMA NBF CASTELLÓ,AWAY,1680760,S. Carli Del Pino,SF,2829993,G. Aiello,SF,2383616,F. Asemota Augustine,SF,2087212,L. Ruiz De La Hermosa Arce,SF,1460562,C. Perez Relancio,SF,2.0,118.0,2.0,2.0,0.0,40.7,40.7,0.0
2480227,16,979988,FUSTECMA NBF CASTELLÓ,AWAY,1680760,S. Carli Del Pino,SF,2829993,G. Aiello,SF,2383616,F. Asemota Augustine,SF,2087212,L. Ruiz De La Hermosa Arce,SF,2274867,L. De Giacomo,SF,1.0,58.0,0.0,2.0,-2.0,0.0,82.8,-82.8
2480228,16,979971,OSES CONSTRUCCION,AWAY,1044456,M. Asurmendi Villaverde,SF,2432778,J. Mungo Lanzetti,SF,1824910,S. Castro Marrero,SF,1593987,M. Recarte Mendive,SF,2432513,V. Llorente,SF,0.3,17.0,3.0,2.0,1.0,423.5,282.4,141.2
2480228,16,979971,OSES CONSTRUCCION,AWAY,1044456,M. Asurmendi Villaverde,SF,2561097,A. Diez Pastor,SF,2432778,J. Mungo Lanzetti,SF,2432513,V. Llorente,SF,1593987,M. Recarte Mendive,SF,1.2,71.0,0.0,3.0,-3.0,0.0,101.4,-101.4
2480228,16,979971,OSES CONSTRUCCION,AWAY,1588922,L. Gutierrez Lancho,SF,1044456,M. Asurmendi Villaverde,SF,2432778,J. Mungo Lanzetti,SF,1593987,M. Recarte Mendive,SF,2432513,V. Llorente,SF,1.6,95.0,2.0,12.0,-10.0,50.5,303.2,-252.6
2480228,16,979971,OSES CONSTRUCCION,AWAY,1588922,L. Gutierrez Lancho,SF,1044456,M. Asurmendi Villaverde,SF,2561097,A. Diez Pastor,SF,1593987,M. Recarte Mendive,SF,1820835,A. Wone Aranaz,SF,2.0,118.0,0.0,7.0,-7.0,0.0,142.4,-142.4
2480228,16,979971,OSES CONSTRUCCION,AWAY,1588922,L. Gutierrez Lancho,SF,1044456,M. Asurmendi Villaverde,SF,2561097,A. Diez Pastor,SF,2432513,V. Llorente,SF,1820835,A. Wone Aranaz,SF,2.5,149.0,3.0,10.0,-7.0,48.3,161.1,-112.8
2480228,16,979971,OSES CONSTRUCCION,AWAY,1588922,L. Gutierrez Lancho,SF,1044456,M. Asurmendi Villaverde,SF,2561097,A. Diez Pastor,SF,2432778,J. Mungo Lanzetti,SF,1593987,M. Recarte Mendive,SF,2.5,149.0,2.0,7.0,-5.0,32.2,112.8,-80.5
2480228,16,979971,OSES CONSTRUCCION,AWAY,1588922,L. Gutierrez Lancho,SF,1824910,S. Castro Marrero,SF,2432513,V. Llorente,SF,2561102,M. Blanco Morcillo,SF,1820835,A. Wone Aranaz,SF,6.1,364.0,13.0,13.0,0.0,85.7,85.7,0.0
2480228,16,979971,OSES CONSTRUCCION,AWAY,1588922,L. Gutierrez Lancho,SF,2364706,F. Parra,SF,1824910,S. Castro Marrero,SF,2561102,M. Blanco Morcillo,SF,2432513,V. Llorente,SF,1.2,70.0,2.0,0.0,2.0,68.6,0.0,68.6
2480228,16,979971,OSES CONSTRUCCION,AWAY,1588922,L. Gutierrez Lancho,SF,2364706,F. Parra,SF,2432778,J. Mungo Lanzetti,SF,1824910,S. Castro Marrero,SF,1820835,A. Wone Aranaz,SF,5.0,302.0,12.0,15.0,-3.0,95.4,119.2,-23.8
2480228,16,979971,OSES CONSTRUCCION,AWAY,1588922,L. Gutierrez Lancho,SF,2364706,F. Parra,SF,2432778,J. Mungo Lanzetti,SF,1824910,S. Castro Marrero,SF,2561102,M. Blanco Morcillo,SF,1.1,69.0,2.0,0.0,2.0,69.6,0.0,69.6
2480228,16,979971,OSES CONSTRUCCION,AWAY,1588922,L. Gutierrez Lancho,SF,2561097,A. Diez Pastor,SF,1824910,S. Castro Marrero,SF,2432513,V. Llorente,SF,1820835,A. Wone Aranaz,SF,0.4,26.0,0.0,0.0,0.0,0.0,0.0,0.0
2480228,16,979971,OSES CONSTRUCCION,AWAY,2364706,F. Parra,SF,1044456,M. Asurmendi Villaverde,SF,2432513,V. Llorente,SF,2561102,M. Blanco Morcillo,SF,1820835,A. Wone Aranaz,SF,2.9,172.0,2.0,8.0,-6.0,27.9,111.6,-83.7
2480228,16,979971,OSES CONSTRUCCION,AWAY,2364706,F. Parra,SF,1044456,M. Asurmendi Villaverde,SF,2432778,J. Mungo Lanzetti,SF,1593987,M. Recarte Mendive,SF,2432513,V. Llorente,SF,1.0,59.0,0.0,1.0,-1.0,0.0,40.7,-40.7
2480228,16,979971,OSES CONSTRUCCION,AWAY,2364706,F. Parra,SF,1044456,M. Asurmendi Villaverde,SF,2432778,J. Mungo Lanzetti,SF,1824910,S. Castro Marrero,SF,2432513,V. Llorente,SF,1.9,115.0,0.0,2.0,-2.0,0.0,41.7,-41.7
2480228,16,979971,OSES CONSTRUCCION,AWAY,2364706,F. Parra,SF,1044456,M. Asurmendi Villaverde,SF,2432778,J. Mungo Lanzetti,SF,2432513,V. Llorente,SF,2561102,M. Blanco Morcillo,SF,0.4,24.0,0.0,0.0,0.0,0.0,0.0,0.0
2480228,16,979971,OSES CONSTRUCCION,AWAY,2364706,F. Parra,SF,1044456,M. Asurmendi Villaverde,SF,2561097,A. Diez Pastor,SF,2432778,J. Mungo Lanzetti,SF,2432513,V. Llorente,SF,1.1,66.0,2.0,0.0,2.0,72.7,0.0,72.7
2480228,16,979971,OSES CONSTRUCCION,AWAY,2364706,F. Parra,SF,1824910,S. Castro Marrero,SF,2432513,V. Llorente,SF,2561102,M. Blanco Morcillo,SF,1820835,A. Wone Aranaz,SF,2.0,122.0,5.0,3.0,2.0,98.4,59.0,39.3
2480228,16,979971,OSES CONSTRUCCION,AWAY,2364706,F. Parra,SF,2432778,J. Mungo Lanzetti,SF,1824910,S. Castro Marrero,SF,2432513,V. Llorente,SF,2561102,M. Blanco Morcillo,SF,1.2,72.0,0.0,5.0,-5.0,0.0,166.7,-166.7
2480228,16,979971,OSES CONSTRUCCION,AWAY,2364706,F. Parra,SF,2432778,J. Mungo Lanzetti,SF,1824910,S. Castro Marrero,SF,2561102,M. Blanco Morcillo,SF,1820835,A. Wone Aranaz,SF,5.7,340.0,6.0,11.0,-5.0,42.4,77.6,-35.3
2480228,16,981213,AZULMARINO MALLORCA PALMA,HOME,2791252,A. Bulgak,SF,1083354,M. España Almendro,SF,1865395,M. Garcia Mateo,SF,1434977,C. Grande Pardo,SF,1527601,I. Junio Mbulito,SF,6.4,384.0,8.0,4.0,4.0,50.0,25.0,25.0
2480228,16,981213,AZULMARINO MALLORCA PALMA,HOME,2791252,A. Bulgak,SF,2793759,J. Asinde,SF,1083354,M. España Almendro,SF,975683,A. Torrens Salom,SF,1865395,M. Garcia Mateo,SF,0.7,41.0,0.0,2.0,-2.0,0.0,117.1,-117.1
2480228,16,981213,AZULMARINO MALLORCA PALMA,HOME,2791252,A. Bulgak,SF,2793759,J. Asinde,SF,2815892,A. Siciliano,SF,1083354,M. España Almendro,SF,975683,A. Torrens Salom,SF,33.0,1975.0,91.0,48.0,43.0,110.6,58.3,52.3
2480229,16,981306,CAJASOL BALONCESTO SEVILLA FEMENINO,HOME,1679391,M. Martinez Carranza,SF,2791616,L. Vorphal,SF,1999405,N. Anitua Garcia,SF,1811227,C. Arfinengo Del Carpio,SF,2053354,F. Gassama Dansoko,SF,1.1,65.0,0.0,3.0,-3.0,0.0,110.8,-110.8
2480229,16,981306,CAJASOL BALONCESTO SEVILLA FEMENINO,HOME,1679391,M. Martinez Carranza,SF,2791616,L. Vorphal,SF,1999405,N. Anitua Garcia,SF,2053354,F. Gassama Dansoko,SF,1695079,A. Vendrell Girbes,SF,4.6,277.0,5.0,4.0,1.0,43.3,34.7,8.7
2480229,16,981306,CAJASOL BALONCESTO SEVILLA FEMENINO,HOME,1679391,M. Martinez Carranza,SF,2791616,L. Vorphal,SF,2004240,N. Sanchez Robayo,SF,1999405,N. Anitua Garcia,SF,1811227,C. Arfinengo Del Carpio,SF,34.3,2058.0,60.0,67.0,-7.0,70.0,78.1,-8.2
2480229,16,981492,CELTA  FEMXA ZORKA,AWAY,2049773,D. Bermejo Escribano,SF,2179984,U. Rodríguez Silva,SF,1898932,M. Gea Becerra,SF,2121212,P. Salinas Mascuñana,SF,2814638,J. Kelliher,SF,2.8,166.0,8.0,4.0,4.0,115.7,57.8,57.8
2480229,16,981492,CELTA  FEMXA ZORKA,AWAY,2179984,U. Rodríguez Silva,SF,1898932,M. Gea Becerra,SF,1875311,C. Menendez Torres,SF,2121212,P. Salinas Mascuñana,SF,2814638,J. Kelliher,SF,1.9,114.0,2.0,8.0,-6.0,42.1,168.4,-126.3
2480229,16,981492,CELTA  FEMXA ZORKA,AWAY,2276545,M. Vizmanos Iglesis,SF,1875311,C. Menendez Torres,SF,2121212,P. Salinas Mascuñana,SF,2814638,J. Kelliher,SF,2651124,A. Boquete Manna,SF,2.0,119.0,3.0,6.0,-3.0,60.5,121.0,-60.5
2480229,16,981492,CELTA  FEMXA ZORKA,AWAY,2644595,I. Vennema,SF,1898932,M. Gea Becerra,SF,2276545,M. Vizmanos Iglesis,SF,1875311,C. Menendez Torres,SF,2121212,P. Salinas Mascuñana,SF,5.2,317.0,11.0,14.0,-3.0,83.3,106.0,-22.7
2480229,16,981492,CELTA  FEMXA ZORKA,AWAY,2743289,D. Cabrera Baccon,SF,1898932,M. Gea Becerra,SF,1875311,C. Menendez Torres,SF,2121212,P. Salinas Mascuñana,SF,2814638,J. Kelliher,SF,1.1,65.0,3.0,0.0,3.0,110.8,0.0,110.8
2480229,16,981492,CELTA  FEMXA ZORKA,AWAY,2743289,D. Cabrera Baccon,SF,2049773,D. Bermejo Escribano,SF,1898932,M. Gea Becerra,SF,1875311,C. Menendez Torres,SF,2121212,P. Salinas Mascuñana,SF,0.3,16.0,2.0,0.0,2.0,300.0,0.0,300.0
2480229,16,981492,CELTA  FEMXA ZORKA,AWAY,2743289,D. Cabrera Baccon,SF,2049773,D. Bermejo Escribano,SF,2121212,P. Salinas Mascuñana,SF,2814638,J. Kelliher,SF,2651124,A. Boquete Manna,SF,10.5,630.0,17.0,14.0,3.0,64.8,53.3,11.4
2480229,16,981492,CELTA  FEMXA ZORKA,AWAY,2743289,D. Cabrera Baccon,SF,2049773,D. Bermejo Escribano,SF,2179984,U. Rodríguez Silva,SF,1898932,M. Gea Becerra,SF,2121212,P. Salinas Mascuñana,SF,0.9,52.0,2.0,0.0,2.0,92.3,0.0,92.3
2480229,16,981492,CELTA  FEMXA ZORKA,AWAY,2743289,D. Cabrera Baccon,SF,2179984,U. Rodríguez Silva,SF,1898932,M. Gea Becerra,SF,1875311,C. Menendez Torres,SF,2121212,P. Salinas Mascuñana,SF,0.4,24.0,0.0,0.0,0.0,0.0,0.0,0.0
2480229,16,981492,CELTA  FEMXA ZORKA,AWAY,2743289,D. Cabrera Baccon,SF,2644595,I. Vennema,SF,1898932,M. Gea Becerra,SF,1875311,C. Menendez Torres,SF,2121212,P. Salinas Mascuñana,SF,2.3,136.0,6.0,2.0,4.0,105.9,35.3,70.6
2480229,16,981492,CELTA  FEMXA ZORKA,AWAY,2743289,D. Cabrera Baccon,SF,2644595,I. Vennema,SF,1898932,M. Gea Becerra,SF,2276545,M. Vizmanos Iglesis,SF,1875311,C. Menendez Torres,SF,6.3,381.0,8.0,9.0,-1.0,50.4,56.7,-6.3
2480229,16,981492,CELTA  FEMXA ZORKA,AWAY,2743289,D. Cabrera Baccon,SF,2644595,I. Vennema,SF,2049773,D. Bermejo Escribano,SF,1875311,C. Menendez Torres,SF,2121212,P. Salinas Mascuñana,SF,4.0,242.0,5.0,4.0,1.0,49.6,39.7,9.9
2480229,16,981492,CELTA  FEMXA ZORKA,AWAY,2743289,D. Cabrera Baccon,SF,2644595,I. Vennema,SF,2179984,U. Rodríguez Silva,SF,1875311,C. Menendez Torres,SF,2121212,P. Salinas Mascuñana,SF,2.3,138.0,7.0,4.0,3.0,121.7,69.6,52.2
2480230,16,979952,LA LAGUNA TOYOTA  ADAREVA,AWAY,1128614,I. Arregui Mariezcurrena,SF,1379088,P. Soler Suarez,SF,1884959,M. Luque Caballero,SF,2432295,B. Stevanovic,SF,1613926,M. Gomez Fernandez,SF,6.4,384.0,10.0,14.0,-4.0,62.5,87.5,-25.0
2480230,16,979952,LA LAGUNA TOYOTA  ADAREVA,AWAY,1128614,I. Arregui Mariezcurrena,SF,1379088,P. Soler Suarez,SF,2246211,L. Yohann Siverio,SF,2432295,B. Stevanovic,SF,2735173,M. Forsyth,SF,1.9,114.0,2.0,5.0,-3.0,42.1,105.3,-63.2
2480230,16,979952,LA LAGUNA TOYOTA  ADAREVA,AWAY,1128614,I. Arregui Mariezcurrena,SF,1884959,M. Luque Caballero,SF,1379088,P. Soler Suarez,SF,2432295,B. Stevanovic,SF,2735173,M. Forsyth,SF,0.8,48.0,0.0,2.0,-2.0,0.0,100.0,-100.0
2480230,16,979952,LA LAGUNA TOYOTA  ADAREVA,AWAY,1613926,M. Gomez Fernandez,SF,1128614,I. Arregui Mariezcurrena,SF,1379088,P. Soler Suarez,SF,2432295,B. Stevanovic,SF,2735173,M. Forsyth,SF,2.6,158.0,6.0,6.0,0.0,91.1,91.1,0.0
2480230,16,979952,LA LAGUNA TOYOTA  ADAREVA,AWAY,1613926,M. Gomez Fernandez,SF,1128614,I. Arregui Mariezcurrena,SF,1884959,M. Luque Caballero,SF,1379088,P. Soler Suarez,SF,1878753,N. Ibañez Silvestre,SF,3.5,206.0,10.0,6.0,4.0,116.5,69.9,46.6
2480230,16,979952,LA LAGUNA TOYOTA  ADAREVA,AWAY,1613926,M. Gomez Fernandez,SF,1128614,I. Arregui Mariezcurrena,SF,1884959,M. Luque Caballero,SF,1379088,P. Soler Suarez,SF,2432295,B. Stevanovic,SF,7.9,471.0,4.0,12.0,-8.0,20.4,61.1,-40.8
2480230,16,979952,LA LAGUNA TOYOTA  ADAREVA,AWAY,1613926,M. Gomez Fernandez,SF,1128614,I. Arregui Mariezcurrena,SF,1884959,M. Luque Caballero,SF,1379088,P. Soler Suarez,SF,2735173,M. Forsyth,SF,2.5,152.0,2.0,2.0,0.0,31.6,31.6,0.0
2480230,16,979952,LA LAGUNA TOYOTA  ADAREVA,AWAY,1613926,M. Gomez Fernandez,SF,1884959,M. Luque Caballero,SF,1379088,P. Soler Suarez,SF,1878753,N. Ibañez Silvestre,SF,2735173,M. Forsyth,SF,2.1,126.0,2.0,8.0,-6.0,38.1,152.4,-114.3
2480230,16,979952,LA LAGUNA TOYOTA  ADAREVA,AWAY,1613926,M. Gomez Fernandez,SF,1884959,M. Luque Caballero,SF,1379088,P. Soler Suarez,SF,2246211,L. Yohann Siverio,SF,2432295,B. Stevanovic,SF,2.7,158.0,3.0,4.0,-1.0,45.6,60.8,-15.2
2480230,16,979952,LA LAGUNA TOYOTA  ADAREVA,AWAY,2639428,C. Parisi,SF,1379088,P. Soler Suarez,SF,1884959,M. Luque Caballero,SF,2432295,B. Stevanovic,SF,2735173,M. Forsyth,SF,1.6,96.0,0.0,5.0,-5.0,0.0,125.0,-125.0
2480230,16,979952,LA LAGUNA TOYOTA  ADAREVA,AWAY,2639428,C. Parisi,SF,1613926,M. Gomez Fernandez,SF,1379088,P. Soler Suarez,SF,1878753,N. Ibañez Silvestre,SF,2735173,M. Forsyth,SF,0.1,4.0,0.0,3.0,-3.0,0.0,1800.0,-1800.0
2480230,16,979952,LA LAGUNA TOYOTA  ADAREVA,AWAY,2639428,C. Parisi,SF,1613926,M. Gomez Fernandez,SF,1379088,P. Soler Suarez,SF,2246211,L. Yohann Siverio,SF,2432295,B. Stevanovic,SF,0.9,56.0,2.0,0.0,2.0,85.7,0.0,85.7
2480230,16,979952,LA LAGUNA TOYOTA  ADAREVA,AWAY,2639428,C. Parisi,SF,1613926,M. Gomez Fernandez,SF,1379088,P. Soler Suarez,SF,2432295,B. Stevanovic,SF,2735173,M. Forsyth,SF,2.3,140.0,5.0,4.0,1.0,85.7,68.6,17.1
2480230,16,979952,LA LAGUNA TOYOTA  ADAREVA,AWAY,2639428,C. Parisi,SF,1613926,M. Gomez Fernandez,SF,1878753,N. Ibañez Silvestre,SF,2432295,B. Stevanovic,SF,2735173,M. Forsyth,SF,4.8,287.0,3.0,7.0,-4.0,25.1,58.5,-33.4
2480230,16,981334,UNICAJA MIJAS,HOME,1317227,C. Garcia Paunero,SF,1884837,M. Roters Dubinina,SF,1723860,S. Galeron Alvarez,SF,2012623,S. Lo Sylla,SF,1954737,E. Puiggros Rovira,SF,2.5,152.0,8.0,2.0,6.0,126.3,31.6,94.7
2480230,16,981334,UNICAJA MIJAS,HOME,1317227,C. Garcia Paunero,SF,1884837,M. Roters Dubinina,SF,2814756,C. Zimmerman,SF,2012623,S. Lo Sylla,SF,1954737,E. Puiggros Rovira,SF,3.3,197.0,4.0,5.0,-1.0,48.7,60.9,-12.2
2480230,16,981334,UNICAJA MIJAS,HOME,1884837,M. Roters Dubinina,SF,1317227,C. Garcia Paunero,SF,1723860,S. Galeron Alvarez,SF,2012623,S. Lo Sylla,SF,1954737,E. Puiggros Rovira,SF,3.9,231.0,3.0,5.0,-2.0,31.2,51.9,-20.8
2480230,16,981334,UNICAJA MIJAS,HOME,1884837,M. Roters Dubinina,SF,1723860,S. Galeron Alvarez,SF,2012623,S. Lo Sylla,SF,1954737,E. Puiggros Rovira,SF,1994192,E. Moreno Fernandez,SF,8.3,497.0,26.0,10.0,16.0,125.6,48.3,77.3
2480230,16,981334,UNICAJA MIJAS,HOME,1884837,M. Roters Dubinina,SF,2413042,C. Guillen Uriguen,SF,1723860,S. Galeron Alvarez,SF,1954737,E. Puiggros Rovira,SF,1994192,E. Moreno Fernandez,SF,0.7,43.0,0.0,0.0,0.0,0.0,0.0,0.0
2480230,16,981334,UNICAJA MIJAS,HOME,1884837,M. Roters Dubinina,SF,2814756,C. Zimmerman,SF,2012623,S. Lo Sylla,SF,1949233,A. Orois Aznarez,SF,1994192,E. Moreno Fernandez,SF,0.3,17.0,0.0,0.0,0.0,0.0,0.0,0.0
2480230,16,981334,UNICAJA MIJAS,HOME,2096249,T. Eke Benitez,SF,1317227,C. Garcia Paunero,SF,1884837,M. Roters Dubinina,SF,1723860,S. Galeron Alvarez,SF,1949233,A. Orois Aznarez,SF,3.3,200.0,9.0,6.0,3.0,108.0,72.0,36.0
2480230,16,981334,UNICAJA MIJAS,HOME,2096249,T. Eke Benitez,SF,1317227,C. Garcia Paunero,SF,1884837,M. Roters Dubinina,SF,2814756,C. Zimmerman,SF,1949233,A. Orois Aznarez,SF,3.4,202.0,7.0,2.0,5.0,83.2,23.8,59.4
2480230,16,981334,UNICAJA MIJAS,HOME,2096249,T. Eke Benitez,SF,1884837,M. Roters Dubinina,SF,1723860,S. Galeron Alvarez,SF,2272398,M. Segura Diaz Larrauri,SF,1949233,A. Orois Aznarez,SF,2.6,154.0,6.0,7.0,-1.0,93.5,109.1,-15.6
2480230,16,981334,UNICAJA MIJAS,HOME,2096249,T. Eke Benitez,SF,1884837,M. Roters Dubinina,SF,2814756,C. Zimmerman,SF,1949233,A. Orois Aznarez,SF,1994192,E. Moreno Fernandez,SF,0.8,48.0,0.0,2.0,-2.0,0.0,100.0,-100.0
2480230,16,981334,UNICAJA MIJAS,HOME,2096249,T. Eke Benitez,SF,1884837,M. Roters Dubinina,SF,2814756,C. Zimmerman,SF,2272398,M. Segura Diaz Larrauri,SF,1949233,A. Orois Aznarez,SF,1.4,85.0,0.0,0.0,0.0,0.0,0.0,0.0
2480230,16,981334,UNICAJA MIJAS,HOME,2096249,T. Eke Benitez,SF,2814756,C. Zimmerman,SF,1317227,C. Garcia Paunero,SF,1884837,M. Roters Dubinina,SF,1949233,A. Orois Aznarez,SF,5.5,328.0,11.0,8.0,3.0,80.5,58.5,22.0
2480230,16,981334,UNICAJA MIJAS,HOME,2814756,C. Zimmerman,SF,1317227,C. Garcia Paunero,SF,1884837,M. Roters Dubinina,SF,2012623,S. Lo Sylla,SF,1949233,A. Orois Aznarez,SF,1.6,99.0,0.0,2.0,-2.0,0.0,48.5,-48.5
2480230,16,981334,UNICAJA MIJAS,HOME,2814756,C. Zimmerman,SF,1317227,C. Garcia Paunero,SF,1884837,M. Roters Dubinina,SF,2413042,C. Guillen Uriguen,SF,1949233,A. Orois Aznarez,SF,2.5,147.0,4.0,0.0,4.0,65.3,0.0,65.3
2480231,16,981346,LA CORDÁ DE PATERNA NB,AWAY,1632609,C. Che Tortola,SF,1687305,L. Segura Moreno,SF,2864802,N. Lagowski,SF,2024557,M. Bleda Ortega,SF,2071471,P. Saravia Logroño,SF,3.8,226.0,5.0,5.0,0.0,53.1,53.1,0.0
2480231,16,981346,LA CORDÁ DE PATERNA NB,AWAY,1632609,C. Che Tortola,SF,2864802,N. Lagowski,SF,2024557,M. Bleda Ortega,SF,2031045,M. Galiana Miralles,SF,2071471,P. Saravia Logroño,SF,0.2,10.0,0.0,0.0,0.0,0.0,0.0,0.0
2480231,16,981346,LA CORDÁ DE PATERNA NB,AWAY,2049442,I. Broncano Avellaneda,SF,1632609,C. Che Tortola,SF,1687305,L. Segura Moreno,SF,2024557,M. Bleda Ortega,SF,2071471,P. Saravia Logroño,SF,0.8,46.0,0.0,0.0,0.0,0.0,0.0,0.0
2480231,16,981346,LA CORDÁ DE PATERNA NB,AWAY,2049442,I. Broncano Avellaneda,SF,1632609,C. Che Tortola,SF,1687305,L. Segura Moreno,SF,2561096,A. Prim Giro,SF,2031045,M. Galiana Miralles,SF,0.6,38.0,0.0,3.0,-3.0,0.0,189.5,-189.5
2480231,16,981346,LA CORDÁ DE PATERNA NB,AWAY,2049442,I. Broncano Avellaneda,SF,1632609,C. Che Tortola,SF,2864802,N. Lagowski,SF,1687305,L. Segura Moreno,SF,2024557,M. Bleda Ortega,SF,2.1,125.0,5.0,5.0,0.0,96.0,96.0,0.0
2480231,16,981346,LA CORDÁ DE PATERNA NB,AWAY,2049442,I. Broncano Avellaneda,SF,2024557,M. Bleda Ortega,SF,2561096,A. Prim Giro,SF,2031045,M. Galiana Miralles,SF,2071471,P. Saravia Logroño,SF,2.8,168.0,3.0,6.0,-3.0,42.9,85.7,-42.9
2480231,16,981346,LA CORDÁ DE PATERNA NB,AWAY,2049442,I. Broncano Avellaneda,SF,2163606,C. Sancho Mauri,SF,1632609,C. Che Tortola,SF,1687305,L. Segura Moreno,SF,2071471,P. Saravia Logroño,SF,1.0,59.0,3.0,0.0,3.0,122.0,0.0,122.0
2480231,16,981346,LA CORDÁ DE PATERNA NB,AWAY,2049442,I. Broncano Avellaneda,SF,2653963,A. Traore,SF,1632609,C. Che Tortola,SF,1687305,L. Segura Moreno,SF,2024557,M. Bleda Ortega,SF,3.3,199.0,5.0,5.0,0.0,60.3,60.3,0.0
2480231,16,981346,LA CORDÁ DE PATERNA NB,AWAY,2049442,I. Broncano Avellaneda,SF,2653963,A. Traore,SF,1632609,C. Che Tortola,SF,1687305,L. Segura Moreno,SF,2071471,P. Saravia Logroño,SF,0.7,41.0,2.0,2.0,0.0,117.1,117.1,0.0
2480231,16,981346,LA CORDÁ DE PATERNA NB,AWAY,2049442,I. Broncano Avellaneda,SF,2653963,A. Traore,SF,1632609,C. Che Tortola,SF,1687305,L. Segura Moreno,SF,2561096,A. Prim Giro,SF,2.2,132.0,5.0,0.0,5.0,90.9,0.0,90.9
2480231,16,981346,LA CORDÁ DE PATERNA NB,AWAY,2049442,I. Broncano Avellaneda,SF,2653963,A. Traore,SF,1632609,C. Che Tortola,SF,2024557,M. Bleda Ortega,SF,2031045,M. Galiana Miralles,SF,2.4,144.0,0.0,5.0,-5.0,0.0,83.3,-83.3
2480231,16,981346,LA CORDÁ DE PATERNA NB,AWAY,2049442,I. Broncano Avellaneda,SF,2653963,A. Traore,SF,1632609,C. Che Tortola,SF,2173687,M. Llompart Perello,SF,2071471,P. Saravia Logroño,SF,0.6,35.0,3.0,3.0,0.0,205.7,205.7,0.0
2480231,16,981346,LA CORDÁ DE PATERNA NB,AWAY,2049442,I. Broncano Avellaneda,SF,2653963,A. Traore,SF,1687305,L. Segura Moreno,SF,2024557,M. Bleda Ortega,SF,2561096,A. Prim Giro,SF,2.0,121.0,2.0,3.0,-1.0,39.7,59.5,-19.8
2480231,16,981346,LA CORDÁ DE PATERNA NB,AWAY,2049442,I. Broncano Avellaneda,SF,2653963,A. Traore,SF,2024557,M. Bleda Ortega,SF,2561096,A. Prim Giro,SF,2031045,M. Galiana Miralles,SF,3.4,205.0,8.0,3.0,5.0,93.7,35.1,58.5
2480231,16,981346,LA CORDÁ DE PATERNA NB,AWAY,2049442,I. Broncano Avellaneda,SF,2653963,A. Traore,SF,2173687,M. Llompart Perello,SF,2031045,M. Galiana Miralles,SF,2071471,P. Saravia Logroño,SF,0.6,33.0,3.0,3.0,0.0,218.2,218.2,0.0
2480231,16,981346,LA CORDÁ DE PATERNA NB,AWAY,2049442,I. Broncano Avellaneda,SF,2653963,A. Traore,SF,2561096,A. Prim Giro,SF,2031045,M. Galiana Miralles,SF,2071471,P. Saravia Logroño,SF,0.5,28.0,0.0,0.0,0.0,0.0,0.0,0.0
2480231,16,981346,LA CORDÁ DE PATERNA NB,AWAY,2049442,I. Broncano Avellaneda,SF,2864802,N. Lagowski,SF,2024557,M. Bleda Ortega,SF,2561096,A. Prim Giro,SF,2031045,M. Galiana Miralles,SF,0.6,38.0,0.0,2.0,-2.0,0.0,126.3,-126.3
2480231,16,981346,LA CORDÁ DE PATERNA NB,AWAY,2049442,I. Broncano Avellaneda,SF,2864802,N. Lagowski,SF,2024557,M. Bleda Ortega,SF,2561096,A. Prim Giro,SF,2071471,P. Saravia Logroño,SF,0.5,29.0,2.0,0.0,2.0,165.5,0.0,165.5
2480231,16,981346,LA CORDÁ DE PATERNA NB,AWAY,2653963,A. Traore,SF,1632609,C. Che Tortola,SF,1687305,L. Segura Moreno,SF,2024557,M. Bleda Ortega,SF,2071471,P. Saravia Logroño,SF,3.5,212.0,2.0,5.0,-3.0,22.6,56.6,-34.0
2480231,16,981346,LA CORDÁ DE PATERNA NB,AWAY,2653963,A. Traore,SF,1632609,C. Che Tortola,SF,1687305,L. Segura Moreno,SF,2561096,A. Prim Giro,SF,2071471,P. Saravia Logroño,SF,1.0,62.0,2.0,0.0,2.0,77.4,0.0,77.4
2480231,16,981346,LA CORDÁ DE PATERNA NB,AWAY,2653963,A. Traore,SF,2173687,M. Llompart Perello,SF,2561096,A. Prim Giro,SF,2031045,M. Galiana Miralles,SF,2071471,P. Saravia Logroño,SF,1.1,67.0,0.0,3.0,-3.0,0.0,107.5,-107.5
2480231,16,981346,LA CORDÁ DE PATERNA NB,AWAY,2653963,A. Traore,SF,2173687,M. Llompart Perello,SF,2864802,N. Lagowski,SF,2024557,M. Bleda Ortega,SF,2071471,P. Saravia Logroño,SF,3.4,209.0,0.0,7.0,-7.0,0.0,80.4,-80.4
2480231,16,981346,LA CORDÁ DE PATERNA NB,AWAY,2796302,P. Gabriel,SF,2163606,C. Sancho Mauri,SF,2864802,N. Lagowski,SF,2561096,A. Prim Giro,SF,2071471,P. Saravia Logroño,SF,0.5,31.0,2.0,3.0,-1.0,154.8,232.3,-77.4
2480231,16,981346,LA CORDÁ DE PATERNA NB,AWAY,2796302,P. Gabriel,SF,2173687,M. Llompart Perello,SF,2561096,A. Prim Giro,SF,2031045,M. Galiana Miralles,SF,2071471,P. Saravia Logroño,SF,1.9,114.0,3.0,2.0,1.0,63.2,42.1,21.1
2480231,16,981346,LA CORDÁ DE PATERNA NB,AWAY,2796302,P. Gabriel,SF,2173687,M. Llompart Perello,SF,2864802,N. Lagowski,SF,2561096,A. Prim Giro,SF,2071471,P. Saravia Logroño,SF,0.5,28.0,1.0,0.0,1.0,85.7,0.0,85.7
2480231,16,981356,BOSONIT UNIBASKET,HOME,1626810,C. Aldecoa Rodriguez,SF,1678734,M. Llorente Ruiz,SF,1778980,I. Losada Gonzalez-Babe,SF,2735759,L. Van Schaik,SF,1821692,M. Alonso Guadaño,SF,0.6,38.0,0.0,0.0,0.0,0.0,0.0,0.0
2480231,16,981356,BOSONIT UNIBASKET,HOME,1626810,C. Aldecoa Rodriguez,SF,2819119,T. Sedláková,SF,1678734,M. Llorente Ruiz,SF,1778980,I. Losada Gonzalez-Babe,SF,1821692,M. Alonso Guadaño,SF,2.9,171.0,5.0,5.0,0.0,70.2,70.2,0.0
2480231,16,981356,BOSONIT UNIBASKET,HOME,1626810,C. Aldecoa Rodriguez,SF,2819119,T. Sedláková,SF,1678734,M. Llorente Ruiz,SF,1821692,M. Alonso Guadaño,SF,1834784,E. Florez Pascual,SF,1.5,87.0,3.0,3.0,0.0,82.8,82.8,0.0
2480231,16,981356,BOSONIT UNIBASKET,HOME,1626810,C. Aldecoa Rodriguez,SF,2819119,T. Sedláková,SF,1778980,I. Losada Gonzalez-Babe,SF,2735759,L. Van Schaik,SF,1821692,M. Alonso Guadaño,SF,1.4,81.0,0.0,3.0,-3.0,0.0,88.9,-88.9
2480231,16,981356,BOSONIT UNIBASKET,HOME,1626810,C. Aldecoa Rodriguez,SF,2819119,T. Sedláková,SF,1778980,I. Losada Gonzalez-Babe,SF,2735759,L. Van Schaik,SF,2151019,N. Padrosa Mons,SF,0.5,29.0,3.0,0.0,3.0,248.3,0.0,248.3
2480231,16,981356,BOSONIT UNIBASKET,HOME,1626810,C. Aldecoa Rodriguez,SF,2819119,T. Sedláková,SF,2735759,L. Van Schaik,SF,1821692,M. Alonso Guadaño,SF,1834784,E. Florez Pascual,SF,4.6,275.0,8.0,5.0,3.0,69.8,43.6,26.2
2480231,16,981356,BOSONIT UNIBASKET,HOME,1626810,C. Aldecoa Rodriguez,SF,2819119,T. Sedláková,SF,2735759,L. Van Schaik,SF,2151019,N. Padrosa Mons,SF,1834784,E. Florez Pascual,SF,2.9,176.0,0.0,8.0,-8.0,0.0,109.1,-109.1
2480231,16,981356,BOSONIT UNIBASKET,HOME,1626810,C. Aldecoa Rodriguez,SF,2819121,H. Forster,SF,1678734,M. Llorente Ruiz,SF,1778980,I. Losada Gonzalez-Babe,SF,1821692,M. Alonso Guadaño,SF,4.2,249.0,7.0,8.0,-1.0,67.5,77.1,-9.6
2480231,16,981356,BOSONIT UNIBASKET,HOME,1626810,C. Aldecoa Rodriguez,SF,2819121,H. Forster,SF,1678734,M. Llorente Ruiz,SF,1778980,I. Losada Gonzalez-Babe,SF,2735759,L. Van Schaik,SF,1.6,96.0,3.0,3.0,0.0,75.0,75.0,0.0
2480231,16,981356,BOSONIT UNIBASKET,HOME,1626810,C. Aldecoa Rodriguez,SF,2819121,H. Forster,SF,1678734,M. Llorente Ruiz,SF,2735759,L. Van Schaik,SF,1821692,M. Alonso Guadaño,SF,1.4,86.0,5.0,0.0,5.0,139.5,0.0,139.5
2480231,16,981356,BOSONIT UNIBASKET,HOME,1626810,C. Aldecoa Rodriguez,SF,2819121,H. Forster,SF,1778980,I. Losada Gonzalez-Babe,SF,2735759,L. Van Schaik,SF,2151019,N. Padrosa Mons,SF,1.2,74.0,3.0,2.0,1.0,97.3,64.9,32.4
2480231,16,981356,BOSONIT UNIBASKET,HOME,1626810,C. Aldecoa Rodriguez,SF,2819121,H. Forster,SF,2735759,L. Van Schaik,SF,1821692,M. Alonso Guadaño,SF,1834784,E. Florez Pascual,SF,2.7,159.0,2.0,5.0,-3.0,30.2,75.5,-45.3
2480231,16,981356,BOSONIT UNIBASKET,HOME,1626810,C. Aldecoa Rodriguez,SF,2819121,H. Forster,SF,2735759,L. Van Schaik,SF,2151019,N. Padrosa Mons,SF,1834784,E. Florez Pascual,SF,2.8,169.0,5.0,2.0,3.0,71.0,28.4,42.6
2480231,16,981356,BOSONIT UNIBASKET,HOME,2819119,T. Sedláková,SF,1626810,C. Aldecoa Rodriguez,SF,2735759,L. Van Schaik,SF,1821692,M. Alonso Guadaño,SF,1834784,E. Florez Pascual,SF,5.4,325.0,10.0,5.0,5.0,73.8,36.9,36.9
2480231,16,981356,BOSONIT UNIBASKET,HOME,2819119,T. Sedláková,SF,1678734,M. Llorente Ruiz,SF,2151019,N. Padrosa Mons,SF,1821692,M. Alonso Guadaño,SF,1834784,E. Florez Pascual,SF,1.7,102.0,6.0,3.0,3.0,141.2,70.6,70.6
2480231,16,981356,BOSONIT UNIBASKET,HOME,2819119,T. Sedláková,SF,2561556,C. Sañudo Trillo,SF,2735759,L. Van Schaik,SF,1821692,M. Alonso Guadaño,SF,1834784,E. Florez Pascual,SF,3.4,206.0,5.0,2.0,3.0,58.3,23.3,35.0
2480231,16,981356,BOSONIT UNIBASKET,HOME,2819119,T. Sedláková,SF,2561556,C. Sañudo Trillo,SF,2735759,L. Van Schaik,SF,2151019,N. Padrosa Mons,SF,1834784,E. Florez Pascual,SF,1.0,62.0,0.0,2.0,-2.0,0.0,77.4,-77.4
2480231,16,981356,BOSONIT UNIBASKET,HOME,2819121,H. Forster,SF,2561556,C. Sañudo Trillo,SF,2735759,L. Van Schaik,SF,2151019,N. Padrosa Mons,SF,1834784,E. Florez Pascual,SF,0.2,15.0,0.0,0.0,0.0,0.0,0.0,0.0
2480232,16,979912,DOMUSA TEKNIK ISB,AWAY,1894119,S. Iparraguirre Alustiza,SF,2021400,M. Gutierrez Ibañez,SF,2145033,A. Lizundia Arozena,SF,2818813,E. Lalotte,SF,2818816,I. Araújo Gouveia Vieira,SF,0.4,24.0,1.0,1.0,0.0,100.0,100.0,0.0
2480232,16,979912,DOMUSA TEKNIK ISB,AWAY,2364470,G. Leaupepe,SF,1826917,J. Azcue Jauregui,SF,2021400,M. Gutierrez Ibañez,SF,2818813,E. Lalotte,SF,1721468,C. Villamor Aparicio,SF,1.0,62.0,0.0,0.0,0.0,0.0,0.0,0.0
2480232,16,979912,DOMUSA TEKNIK ISB,AWAY,2364470,G. Leaupepe,SF,1826917,J. Azcue Jauregui,SF,2021400,M. Gutierrez Ibañez,SF,2818813,E. Lalotte,SF,2818816,I. Araújo Gouveia Vieira,SF,1.7,100.0,2.0,3.0,-1.0,48.0,72.0,-24.0
2480232,16,979912,DOMUSA TEKNIK ISB,AWAY,2364470,G. Leaupepe,SF,2021400,M. Gutierrez Ibañez,SF,2145033,A. Lizundia Arozena,SF,2818813,E. Lalotte,SF,1721468,C. Villamor Aparicio,SF,0.7,42.0,0.0,2.0,-2.0,0.0,114.3,-114.3
2480232,16,979912,DOMUSA TEKNIK ISB,AWAY,2364470,G. Leaupepe,SF,2021400,M. Gutierrez Ibañez,SF,2145033,A. Lizundia Arozena,SF,2818813,E. Lalotte,SF,2818816,I. Araújo Gouveia Vieira,SF,1.9,112.0,0.0,0.0,0.0,0.0,0.0,0.0
2480232,16,979912,DOMUSA TEKNIK ISB,AWAY,2364470,G. Leaupepe,SF,2145033,A. Lizundia Arozena,SF,2021400,M. Gutierrez Ibañez,SF,2818813,E. Lalotte,SF,2818816,I. Araújo Gouveia Vieira,SF,1.0,60.0,2.0,0.0,2.0,80.0,0.0,80.0
2480232,16,979912,DOMUSA TEKNIK ISB,AWAY,2364470,G. Leaupepe,SF,2145033,A. Lizundia Arozena,SF,2818813,E. Lalotte,SF,2021400,M. Gutierrez Ibañez,SF,2818816,I. Araújo Gouveia Vieira,SF,5.7,341.0,10.0,10.0,0.0,70.4,70.4,0.0
2480232,16,979912,DOMUSA TEKNIK ISB,AWAY,2478361,N. Arozena Illarramendi,SF,1894119,S. Iparraguirre Alustiza,SF,2021400,M. Gutierrez Ibañez,SF,2145033,A. Lizundia Arozena,SF,2818816,I. Araújo Gouveia Vieira,SF,0.9,57.0,0.0,0.0,0.0,0.0,0.0,0.0
2480232,16,979912,DOMUSA TEKNIK ISB,AWAY,2478361,N. Arozena Illarramendi,SF,2364470,G. Leaupepe,SF,1826917,J. Azcue Jauregui,SF,2021400,M. Gutierrez Ibañez,SF,2818816,I. Araújo Gouveia Vieira,SF,0.7,43.0,0.0,0.0,0.0,0.0,0.0,0.0
2480232,16,979912,DOMUSA TEKNIK ISB,AWAY,2818717,S. Van,SF,1826917,J. Azcue Jauregui,SF,2818813,E. Lalotte,SF,1721468,C. Villamor Aparicio,SF,2818816,I. Araújo Gouveia Vieira,SF,4.6,276.0,4.0,7.0,-3.0,34.8,60.9,-26.1
2480232,16,979912,DOMUSA TEKNIK ISB,AWAY,2818717,S. Van,SF,1894119,S. Iparraguirre Alustiza,SF,1826917,J. Azcue Jauregui,SF,2818813,E. Lalotte,SF,1721468,C. Villamor Aparicio,SF,0.8,46.0,0.0,0.0,0.0,0.0,0.0,0.0
2480232,16,979912,DOMUSA TEKNIK ISB,AWAY,2818717,S. Van,SF,1894119,S. Iparraguirre Alustiza,SF,2145033,A. Lizundia Arozena,SF,2818813,E. Lalotte,SF,2818816,I. Araújo Gouveia Vieira,SF,2.3,138.0,3.0,5.0,-2.0,52.2,87.0,-34.8
2480232,16,979912,DOMUSA TEKNIK ISB,AWAY,2818717,S. Van,SF,2364470,G. Leaupepe,SF,1826917,J. Azcue Jauregui,SF,2818813,E. Lalotte,SF,1721468,C. Villamor Aparicio,SF,2.0,123.0,7.0,5.0,2.0,136.6,97.6,39.0
2480232,16,979912,DOMUSA TEKNIK ISB,AWAY,2818717,S. Van,SF,2478361,N. Arozena Illarramendi,SF,1894119,S. Iparraguirre Alustiza,SF,1826917,J. Azcue Jauregui,SF,1721468,C. Villamor Aparicio,SF,4.7,284.0,6.0,10.0,-4.0,50.7,84.5,-33.8
2480232,16,979912,DOMUSA TEKNIK ISB,AWAY,2818717,S. Van,SF,2478361,N. Arozena Illarramendi,SF,1894119,S. Iparraguirre Alustiza,SF,1826917,J. Azcue Jauregui,SF,2818816,I. Araújo Gouveia Vieira,SF,1.2,73.0,0.0,4.0,-4.0,0.0,131.5,-131.5
2480232,16,979912,DOMUSA TEKNIK ISB,AWAY,2818717,S. Van,SF,2478361,N. Arozena Illarramendi,SF,1894119,S. Iparraguirre Alustiza,SF,2145033,A. Lizundia Arozena,SF,2818816,I. Araújo Gouveia Vieira,SF,5.2,309.0,9.0,1.0,8.0,69.9,7.8,62.1
2480232,16,979912,DOMUSA TEKNIK ISB,AWAY,2818717,S. Van,SF,2478361,N. Arozena Illarramendi,SF,2364470,G. Leaupepe,SF,1721468,C. Villamor Aparicio,SF,2818816,I. Araújo Gouveia Vieira,SF,1.0,60.0,2.0,4.0,-2.0,80.0,160.0,-80.0
2480232,16,979912,DOMUSA TEKNIK ISB,AWAY,2818717,S. Van,SF,2478361,N. Arozena Illarramendi,SF,2364470,G. Leaupepe,SF,1826917,J. Azcue Jauregui,SF,2818816,I. Araújo Gouveia Vieira,SF,0.9,53.0,3.0,2.0,1.0,135.8,90.6,45.3
2480232,16,979912,DOMUSA TEKNIK ISB,AWAY,2818717,S. Van,SF,2478361,N. Arozena Illarramendi,SF,2364470,G. Leaupepe,SF,2145033,A. Lizundia Arozena,SF,2818816,I. Araújo Gouveia Vieira,SF,3.2,197.0,9.0,0.0,9.0,109.6,0.0,109.6
2480232,16,981242,C.B. SANTFELIUENC,HOME,2050086,M. Muñoz Moyano,SF,2155489,X. Salzmann Romeu,SF,2190844,S. Pares Vilaseca,SF,1752455,I. Conde Duran,SF,2816051,E. Tenbrock,SF,2.5,148.0,0.0,4.0,-4.0,0.0,64.9,-64.9
2480232,16,981242,C.B. SANTFELIUENC,HOME,2050086,M. Muñoz Moyano,SF,2816766,A. Coulibaly,SF,2155489,X. Salzmann Romeu,SF,2190844,S. Pares Vilaseca,SF,2816051,E. Tenbrock,SF,6.1,364.0,10.0,4.0,6.0,65.9,26.4,39.6
2480232,16,981242,C.B. SANTFELIUENC,HOME,2050086,M. Muñoz Moyano,SF,2816766,A. Coulibaly,SF,2190844,S. Pares Vilaseca,SF,2816669,A. Marotte,SF,2816051,E. Tenbrock,SF,1.1,71.0,0.0,4.0,-4.0,0.0,135.2,-135.2
2480232,16,981242,C.B. SANTFELIUENC,HOME,2050086,M. Muñoz Moyano,SF,2864042,K. Trehub,SF,2190844,S. Pares Vilaseca,SF,2816669,A. Marotte,SF,2816051,E. Tenbrock,SF,0.8,46.0,0.0,0.0,0.0,0.0,0.0,0.0
2480232,16,981242,C.B. SANTFELIUENC,HOME,2151715,J. Nogués Martí,SF,2050086,M. Muñoz Moyano,SF,2816766,A. Coulibaly,SF,2816669,A. Marotte,SF,1752455,I. Conde Duran,SF,1.4,85.0,0.0,4.0,-4.0,0.0,112.9,-112.9
2480232,16,981242,C.B. SANTFELIUENC,HOME,2151715,J. Nogués Martí,SF,2073654,C. Gil Abad,SF,2155489,X. Salzmann Romeu,SF,1752455,I. Conde Duran,SF,2816051,E. Tenbrock,SF,4.6,279.0,7.0,8.0,-1.0,60.2,68.8,-8.6
2480232,16,981242,C.B. SANTFELIUENC,HOME,2151715,J. Nogués Martí,SF,2073654,C. Gil Abad,SF,2155489,X. Salzmann Romeu,SF,2816669,A. Marotte,SF,1752455,I. Conde Duran,SF,0.1,7.0,2.0,2.0,0.0,685.7,685.7,0.0
2480232,16,981242,C.B. SANTFELIUENC,HOME,2151715,J. Nogués Martí,SF,2073654,C. Gil Abad,SF,2816669,A. Marotte,SF,1752455,I. Conde Duran,SF,2816051,E. Tenbrock,SF,0.9,53.0,2.0,0.0,2.0,90.6,0.0,90.6
2480232,16,981242,C.B. SANTFELIUENC,HOME,2151715,J. Nogués Martí,SF,2155489,X. Salzmann Romeu,SF,2190844,S. Pares Vilaseca,SF,1752455,I. Conde Duran,SF,2816051,E. Tenbrock,SF,1.9,114.0,1.0,0.0,1.0,21.1,0.0,21.1
2480232,16,981242,C.B. SANTFELIUENC,HOME,2151715,J. Nogués Martí,SF,2155489,X. Salzmann Romeu,SF,2864042,K. Trehub,SF,1752455,I. Conde Duran,SF,2073654,C. Gil Abad,SF,0.6,33.0,0.0,2.0,-2.0,0.0,145.5,-145.5
2480232,16,981242,C.B. SANTFELIUENC,HOME,2151715,J. Nogués Martí,SF,2816766,A. Coulibaly,SF,2155489,X. Salzmann Romeu,SF,1752455,I. Conde Duran,SF,2073654,C. Gil Abad,SF,0.4,25.0,0.0,0.0,0.0,0.0,0.0,0.0
2480232,16,981242,C.B. SANTFELIUENC,HOME,2151715,J. Nogués Martí,SF,2816766,A. Coulibaly,SF,2155489,X. Salzmann Romeu,SF,2190844,S. Pares Vilaseca,SF,2816051,E. Tenbrock,SF,1.4,82.0,0.0,3.0,-3.0,0.0,87.8,-87.8
2480232,16,981242,C.B. SANTFELIUENC,HOME,2151715,J. Nogués Martí,SF,2816766,A. Coulibaly,SF,2816669,A. Marotte,SF,1752455,I. Conde Duran,SF,2073654,C. Gil Abad,SF,7.0,420.0,13.0,7.0,6.0,74.3,40.0,34.3
2480232,16,981242,C.B. SANTFELIUENC,HOME,2151715,J. Nogués Martí,SF,2864042,K. Trehub,SF,2816669,A. Marotte,SF,1752455,I. Conde Duran,SF,2073654,C. Gil Abad,SF,8.0,479.0,15.0,13.0,2.0,75.2,65.1,10.0
2480232,16,981242,C.B. SANTFELIUENC,HOME,2155489,X. Salzmann Romeu,SF,2190844,S. Pares Vilaseca,SF,2864042,K. Trehub,SF,2073654,C. Gil Abad,SF,2816051,E. Tenbrock,SF,1.4,87.0,3.0,2.0,1.0,82.8,55.2,27.6
2480232,16,981242,C.B. SANTFELIUENC,HOME,2816766,A. Coulibaly,SF,2155489,X. Salzmann Romeu,SF,2190844,S. Pares Vilaseca,SF,2073654,C. Gil Abad,SF,2816051,E. Tenbrock,SF,0.0,1.0,0.0,0.0,0.0,0.0,0.0,0.0
2480232,16,981242,C.B. SANTFELIUENC,HOME,2864042,K. Trehub,SF,2190844,S. Pares Vilaseca,SF,2816669,A. Marotte,SF,1752455,I. Conde Duran,SF,2816051,E. Tenbrock,SF,1.7,106.0,1.0,5.0,-4.0,22.6,113.2,-90.6
2480233,17,981206,MCR LIMA-HORTA BARCELONA,HOME,1494221,L. Soler Madariaga,SF,1908281,M. Aguado Tortella,SF,1959765,J. Rueda Choni,SF,1958425,L. Roig I Salrach,SF,1912814,N. Barrientos Pereira,SF,1.0,62.0,0.0,0.0,0.0,0.0,0.0,0.0
2480233,17,981206,MCR LIMA-HORTA BARCELONA,HOME,1494221,L. Soler Madariaga,SF,1908281,M. Aguado Tortella,SF,1968768,I. Subirats Teruel,SF,1959765,J. Rueda Choni,SF,1958425,L. Roig I Salrach,SF,2.2,131.0,2.0,5.0,-3.0,36.6,91.6,-55.0
2480233,17,981206,MCR LIMA-HORTA BARCELONA,HOME,2049841,E. Trawally Porta,SF,1494221,L. Soler Madariaga,SF,1908281,M. Aguado Tortella,SF,1958425,L. Roig I Salrach,SF,1912814,N. Barrientos Pereira,SF,3.4,204.0,7.0,7.0,0.0,82.4,82.4,0.0
2480233,17,981206,MCR LIMA-HORTA BARCELONA,HOME,2049841,E. Trawally Porta,SF,1908281,M. Aguado Tortella,SF,1959765,J. Rueda Choni,SF,1968768,I. Subirats Teruel,SF,2042157,C. Ripoll Moya,SF,2.3,137.0,2.0,3.0,-1.0,35.0,52.6,-17.5
2480233,17,981206,MCR LIMA-HORTA BARCELONA,HOME,2049841,E. Trawally Porta,SF,1959765,J. Rueda Choni,SF,1968768,I. Subirats Teruel,SF,1958425,L. Roig I Salrach,SF,1912814,N. Barrientos Pereira,SF,1.1,69.0,2.0,4.0,-2.0,69.6,139.1,-69.6
2480233,17,981206,MCR LIMA-HORTA BARCELONA,HOME,2235190,E. Morales López,SF,1494221,L. Soler Madariaga,SF,1908281,M. Aguado Tortella,SF,1958425,L. Roig I Salrach,SF,1912814,N. Barrientos Pereira,SF,0.7,39.0,0.0,0.0,0.0,0.0,0.0,0.0
2480233,17,981206,MCR LIMA-HORTA BARCELONA,HOME,2235190,E. Morales López,SF,1494221,L. Soler Madariaga,SF,1908281,M. Aguado Tortella,SF,1958425,L. Roig I Salrach,SF,2042157,C. Ripoll Moya,SF,1.0,61.0,3.0,0.0,3.0,118.0,0.0,118.0
2480233,17,981206,MCR LIMA-HORTA BARCELONA,HOME,2235190,E. Morales López,SF,1494221,L. Soler Madariaga,SF,1959765,J. Rueda Choni,SF,1968768,I. Subirats Teruel,SF,1912814,N. Barrientos Pereira,SF,2.8,165.0,3.0,2.0,1.0,43.6,29.1,14.5
2480233,17,981206,MCR LIMA-HORTA BARCELONA,HOME,2235190,E. Morales López,SF,1908281,M. Aguado Tortella,SF,1959765,J. Rueda Choni,SF,1968768,I. Subirats Teruel,SF,2042157,C. Ripoll Moya,SF,3.5,204.0,7.0,5.0,2.0,82.4,58.8,23.5
2480233,17,981206,MCR LIMA-HORTA BARCELONA,HOME,2235190,E. Morales López,SF,1908281,M. Aguado Tortella,SF,1968768,I. Subirats Teruel,SF,1958425,L. Roig I Salrach,SF,2042157,C. Ripoll Moya,SF,0.9,55.0,0.0,0.0,0.0,0.0,0.0,0.0
2480233,17,981206,MCR LIMA-HORTA BARCELONA,HOME,2235190,E. Morales López,SF,1908281,M. Aguado Tortella,SF,1968768,I. Subirats Teruel,SF,1959765,J. Rueda Choni,SF,1958425,L. Roig I Salrach,SF,1.4,84.0,0.0,0.0,0.0,0.0,0.0,0.0
2480233,17,981206,MCR LIMA-HORTA BARCELONA,HOME,2235190,E. Morales López,SF,1959765,J. Rueda Choni,SF,1968768,I. Subirats Teruel,SF,1958425,L. Roig I Salrach,SF,1912814,N. Barrientos Pereira,SF,3.2,190.0,4.0,0.0,4.0,50.5,0.0,50.5
2480233,17,981206,MCR LIMA-HORTA BARCELONA,HOME,2235190,E. Morales López,SF,2049841,E. Trawally Porta,SF,1908281,M. Aguado Tortella,SF,1959765,J. Rueda Choni,SF,1958425,L. Roig I Salrach,SF,6.4,389.0,11.0,9.0,2.0,67.9,55.5,12.3
2480233,17,981206,MCR LIMA-HORTA BARCELONA,HOME,2235190,E. Morales López,SF,2049841,E. Trawally Porta,SF,1959765,J. Rueda Choni,SF,1958425,L. Roig I Salrach,SF,1912814,N. Barrientos Pereira,SF,0.8,44.0,0.0,0.0,0.0,0.0,0.0,0.0
2480233,17,981206,MCR LIMA-HORTA BARCELONA,HOME,2235190,E. Morales López,SF,2049841,E. Trawally Porta,SF,1959765,J. Rueda Choni,SF,1968768,I. Subirats Teruel,SF,1912814,N. Barrientos Pereira,SF,5.1,304.0,11.0,8.0,3.0,86.8,63.2,23.7
2480233,17,981206,MCR LIMA-HORTA BARCELONA,HOME,2235190,E. Morales López,SF,2049841,E. Trawally Porta,SF,1968768,I. Subirats Teruel,SF,1959765,J. Rueda Choni,SF,1958425,L. Roig I Salrach,SF,4.4,262.0,6.0,3.0,3.0,55.0,27.5,27.5
2480233,17,981242,C.B. SANTFELIUENC,AWAY,2050086,M. Muñoz Moyano,SF,2816669,A. Marotte,SF,2155489,X. Salzmann Romeu,SF,2190844,S. Pares Vilaseca,SF,2864042,K. Trehub,SF,1.2,71.0,3.0,3.0,0.0,101.4,101.4,0.0
2480233,17,981242,C.B. SANTFELIUENC,AWAY,2050086,M. Muñoz Moyano,SF,2816669,A. Marotte,SF,2864042,K. Trehub,SF,2190844,S. Pares Vilaseca,SF,2816051,E. Tenbrock,SF,6.6,397.0,7.0,6.0,1.0,42.3,36.3,6.0
2480233,17,981242,C.B. SANTFELIUENC,AWAY,2050086,M. Muñoz Moyano,SF,2816766,A. Coulibaly,SF,2816669,A. Marotte,SF,2155489,X. Salzmann Romeu,SF,2190844,S. Pares Vilaseca,SF,0.9,52.0,0.0,2.0,-2.0,0.0,92.3,-92.3
2480233,17,981242,C.B. SANTFELIUENC,AWAY,2050086,M. Muñoz Moyano,SF,2816766,A. Coulibaly,SF,2816669,A. Marotte,SF,2190844,S. Pares Vilaseca,SF,2816051,E. Tenbrock,SF,3.5,210.0,2.0,8.0,-6.0,22.9,91.4,-68.6
2480233,17,981242,C.B. SANTFELIUENC,AWAY,2151715,J. Nogués Martí,SF,2050086,M. Muñoz Moyano,SF,2073654,C. Gil Abad,SF,2155489,X. Salzmann Romeu,SF,1752455,I. Conde Duran,SF,2.3,137.0,4.0,4.0,0.0,70.1,70.1,0.0
2480233,17,981242,C.B. SANTFELIUENC,AWAY,2151715,J. Nogués Martí,SF,2050086,M. Muñoz Moyano,SF,2073654,C. Gil Abad,SF,2155489,X. Salzmann Romeu,SF,2864042,K. Trehub,SF,0.3,20.0,0.0,0.0,0.0,0.0,0.0,0.0
2480233,17,981242,C.B. SANTFELIUENC,AWAY,2151715,J. Nogués Martí,SF,2050086,M. Muñoz Moyano,SF,2073654,C. Gil Abad,SF,2864042,K. Trehub,SF,2816051,E. Tenbrock,SF,1.2,76.0,0.0,0.0,0.0,0.0,0.0,0.0
2480233,17,981242,C.B. SANTFELIUENC,AWAY,2151715,J. Nogués Martí,SF,2050086,M. Muñoz Moyano,SF,2816669,A. Marotte,SF,2155489,X. Salzmann Romeu,SF,2864042,K. Trehub,SF,2.3,137.0,3.0,2.0,1.0,52.6,35.0,17.5
2480233,17,981242,C.B. SANTFELIUENC,AWAY,2151715,J. Nogués Martí,SF,2073654,C. Gil Abad,SF,2155489,X. Salzmann Romeu,SF,2190844,S. Pares Vilaseca,SF,1752455,I. Conde Duran,SF,1.7,102.0,0.0,2.0,-2.0,0.0,47.1,-47.1
2480233,17,981242,C.B. SANTFELIUENC,AWAY,2151715,J. Nogués Martí,SF,2073654,C. Gil Abad,SF,2864042,K. Trehub,SF,2190844,S. Pares Vilaseca,SF,2816051,E. Tenbrock,SF,0.3,17.0,0.0,0.0,0.0,0.0,0.0,0.0
2480233,17,981242,C.B. SANTFELIUENC,AWAY,2151715,J. Nogués Martí,SF,2155489,X. Salzmann Romeu,SF,2864042,K. Trehub,SF,1752455,I. Conde Duran,SF,2073654,C. Gil Abad,SF,4.6,275.0,8.0,11.0,-3.0,69.8,96.0,-26.2
2480233,17,981242,C.B. SANTFELIUENC,AWAY,2151715,J. Nogués Martí,SF,2816669,A. Marotte,SF,2073654,C. Gil Abad,SF,1752455,I. Conde Duran,SF,2816051,E. Tenbrock,SF,4.7,285.0,7.0,8.0,-1.0,58.9,67.4,-8.4
2480233,17,981242,C.B. SANTFELIUENC,AWAY,2151715,J. Nogués Martí,SF,2816669,A. Marotte,SF,2073654,C. Gil Abad,SF,2155489,X. Salzmann Romeu,SF,1752455,I. Conde Duran,SF,2.9,171.0,3.0,2.0,1.0,42.1,28.1,14.0
2480233,17,981242,C.B. SANTFELIUENC,AWAY,2151715,J. Nogués Martí,SF,2816669,A. Marotte,SF,2864042,K. Trehub,SF,2073654,C. Gil Abad,SF,2816051,E. Tenbrock,SF,1.0,57.0,0.0,0.0,0.0,0.0,0.0,0.0
2480233,17,981242,C.B. SANTFELIUENC,AWAY,2151715,J. Nogués Martí,SF,2816766,A. Coulibaly,SF,2073654,C. Gil Abad,SF,2155489,X. Salzmann Romeu,SF,2190844,S. Pares Vilaseca,SF,4.1,241.0,2.0,6.0,-4.0,19.9,59.8,-39.8
2480233,17,981242,C.B. SANTFELIUENC,AWAY,2816669,A. Marotte,SF,2190844,S. Pares Vilaseca,SF,2864042,K. Trehub,SF,2073654,C. Gil Abad,SF,2816051,E. Tenbrock,SF,0.3,16.0,0.0,0.0,0.0,0.0,0.0,0.0
2480233,17,981242,C.B. SANTFELIUENC,AWAY,2816766,A. Coulibaly,SF,2816669,A. Marotte,SF,2190844,S. Pares Vilaseca,SF,2073654,C. Gil Abad,SF,2816051,E. Tenbrock,SF,2.3,136.0,7.0,4.0,3.0,123.5,70.6,52.9
2480234,17,979912,DOMUSA TEKNIK ISB,HOME,2364470,G. Leaupepe,SF,1826917,J. Azcue Jauregui,SF,2021400,M. Gutierrez Ibañez,SF,2818813,E. Lalotte,SF,1721468,C. Villamor Aparicio,SF,1.9,113.0,2.0,3.0,-1.0,42.5,63.7,-21.2
2480234,17,979912,DOMUSA TEKNIK ISB,HOME,2364470,G. Leaupepe,SF,2021400,M. Gutierrez Ibañez,SF,2145033,A. Lizundia Arozena,SF,2818813,E. Lalotte,SF,1721468,C. Villamor Aparicio,SF,0.8,51.0,2.0,0.0,2.0,94.1,0.0,94.1
2480234,17,979912,DOMUSA TEKNIK ISB,HOME,2478361,N. Arozena Illarramendi,SF,1894119,S. Iparraguirre Alustiza,SF,2021400,M. Gutierrez Ibañez,SF,1721468,C. Villamor Aparicio,SF,2137901,M. Otaegi Albizu,SF,0.7,43.0,1.0,0.0,1.0,55.8,0.0,55.8
2480234,17,979912,DOMUSA TEKNIK ISB,HOME,2478361,N. Arozena Illarramendi,SF,1894119,S. Iparraguirre Alustiza,SF,2021400,M. Gutierrez Ibañez,SF,2145033,A. Lizundia Arozena,SF,1721468,C. Villamor Aparicio,SF,1.9,110.0,6.0,0.0,6.0,130.9,0.0,130.9
2480234,17,979912,DOMUSA TEKNIK ISB,HOME,2478361,N. Arozena Illarramendi,SF,1894119,S. Iparraguirre Alustiza,SF,2145033,A. Lizundia Arozena,SF,2021400,M. Gutierrez Ibañez,SF,2818813,E. Lalotte,SF,3.9,235.0,5.0,8.0,-3.0,51.1,81.7,-30.6
2480234,17,979912,DOMUSA TEKNIK ISB,HOME,2478361,N. Arozena Illarramendi,SF,2364470,G. Leaupepe,SF,1826917,J. Azcue Jauregui,SF,2021400,M. Gutierrez Ibañez,SF,1721468,C. Villamor Aparicio,SF,3.4,206.0,8.0,2.0,6.0,93.2,23.3,69.9
2480234,17,979912,DOMUSA TEKNIK ISB,HOME,2478361,N. Arozena Illarramendi,SF,2364470,G. Leaupepe,SF,2021400,M. Gutierrez Ibañez,SF,2145033,A. Lizundia Arozena,SF,1721468,C. Villamor Aparicio,SF,2.2,130.0,4.0,2.0,2.0,73.8,36.9,36.9
2480234,17,979912,DOMUSA TEKNIK ISB,HOME,2478361,N. Arozena Illarramendi,SF,2364470,G. Leaupepe,SF,2145033,A. Lizundia Arozena,SF,2021400,M. Gutierrez Ibañez,SF,2818813,E. Lalotte,SF,4.3,256.0,4.0,2.0,2.0,37.5,18.8,18.8
2480234,17,979912,DOMUSA TEKNIK ISB,HOME,2818717,S. Van,SF,1894119,S. Iparraguirre Alustiza,SF,2145033,A. Lizundia Arozena,SF,2818813,E. Lalotte,SF,2818816,I. Araújo Gouveia Vieira,SF,6.3,376.0,10.0,9.0,1.0,63.8,57.4,6.4
2480234,17,979912,DOMUSA TEKNIK ISB,HOME,2818717,S. Van,SF,2364470,G. Leaupepe,SF,1826917,J. Azcue Jauregui,SF,2145033,A. Lizundia Arozena,SF,2818813,E. Lalotte,SF,0.4,22.0,1.0,3.0,-2.0,109.1,327.3,-218.2
2480234,17,979912,DOMUSA TEKNIK ISB,HOME,2818717,S. Van,SF,2364470,G. Leaupepe,SF,1826917,J. Azcue Jauregui,SF,2818813,E. Lalotte,SF,1721468,C. Villamor Aparicio,SF,4.0,243.0,7.0,8.0,-1.0,69.1,79.0,-9.9
2480234,17,979912,DOMUSA TEKNIK ISB,HOME,2818717,S. Van,SF,2364470,G. Leaupepe,SF,2145033,A. Lizundia Arozena,SF,2818813,E. Lalotte,SF,1721468,C. Villamor Aparicio,SF,2.1,124.0,0.0,6.0,-6.0,0.0,116.1,-116.1
2480234,17,979912,DOMUSA TEKNIK ISB,HOME,2818717,S. Van,SF,2478361,N. Arozena Illarramendi,SF,1894119,S. Iparraguirre Alustiza,SF,1721468,C. Villamor Aparicio,SF,2137901,M. Otaegi Albizu,SF,2.1,127.0,0.0,1.0,-1.0,0.0,18.9,-18.9
2480234,17,979912,DOMUSA TEKNIK ISB,HOME,2818717,S. Van,SF,2478361,N. Arozena Illarramendi,SF,1894119,S. Iparraguirre Alustiza,SF,1826917,J. Azcue Jauregui,SF,2818813,E. Lalotte,SF,2.7,161.0,0.0,11.0,-11.0,0.0,164.0,-164.0
2480234,17,979912,DOMUSA TEKNIK ISB,HOME,2818717,S. Van,SF,2478361,N. Arozena Illarramendi,SF,1894119,S. Iparraguirre Alustiza,SF,2145033,A. Lizundia Arozena,SF,2818813,E. Lalotte,SF,1.1,67.0,0.0,3.0,-3.0,0.0,107.5,-107.5
2480234,17,979912,DOMUSA TEKNIK ISB,HOME,2818717,S. Van,SF,2478361,N. Arozena Illarramendi,SF,2364470,G. Leaupepe,SF,2145033,A. Lizundia Arozena,SF,1721468,C. Villamor Aparicio,SF,0.0,1.0,1.0,0.0,1.0,2400.0,0.0,2400.0
2480234,17,979912,DOMUSA TEKNIK ISB,HOME,2818717,S. Van,SF,2478361,N. Arozena Illarramendi,SF,2364470,G. Leaupepe,SF,2145033,A. Lizundia Arozena,SF,2818813,E. Lalotte,SF,2.2,135.0,4.0,1.0,3.0,71.1,17.8,53.3
2480234,17,981356,BOSONIT UNIBASKET,AWAY,1834784,E. Florez Pascual,SF,2819119,T. Sedláková,SF,1678734,M. Llorente Ruiz,SF,2735759,L. Van Schaik,SF,1821692,M. Alonso Guadaño,SF,4.3,260.0,7.0,5.0,2.0,64.6,46.2,18.5
2480234,17,981356,BOSONIT UNIBASKET,AWAY,1834784,E. Florez Pascual,SF,2819119,T. Sedláková,SF,1678734,M. Llorente Ruiz,SF,2735759,L. Van Schaik,SF,2151019,N. Padrosa Mons,SF,0.3,19.0,0.0,2.0,-2.0,0.0,252.6,-252.6
2480234,17,981356,BOSONIT UNIBASKET,AWAY,1834784,E. Florez Pascual,SF,2819119,T. Sedláková,SF,2735759,L. Van Schaik,SF,2151019,N. Padrosa Mons,SF,1821692,M. Alonso Guadaño,SF,0.8,51.0,0.0,2.0,-2.0,0.0,94.1,-94.1
2480234,17,981356,BOSONIT UNIBASKET,AWAY,1834784,E. Florez Pascual,SF,2819119,T. Sedláková,SF,2819121,H. Forster,SF,2561556,C. Sañudo Trillo,SF,2735759,L. Van Schaik,SF,0.1,3.0,3.0,1.0,2.0,2400.0,800.0,1600.0
2480234,17,981356,BOSONIT UNIBASKET,AWAY,1834784,E. Florez Pascual,SF,2819121,H. Forster,SF,2151019,N. Padrosa Mons,SF,2735759,L. Van Schaik,SF,1821692,M. Alonso Guadaño,SF,4.6,274.0,16.0,2.0,14.0,140.1,17.5,122.6
2480234,17,981356,BOSONIT UNIBASKET,AWAY,1834784,E. Florez Pascual,SF,2819121,H. Forster,SF,2561556,C. Sañudo Trillo,SF,2151019,N. Padrosa Mons,SF,2735759,L. Van Schaik,SF,0.3,19.0,0.0,0.0,0.0,0.0,0.0,0.0
2480234,17,981356,BOSONIT UNIBASKET,AWAY,1834784,E. Florez Pascual,SF,2819121,H. Forster,SF,2561556,C. Sañudo Trillo,SF,2735759,L. Van Schaik,SF,1821692,M. Alonso Guadaño,SF,4.4,268.0,6.0,3.0,3.0,53.7,26.9,26.9
2480234,17,981356,BOSONIT UNIBASKET,AWAY,1834784,E. Florez Pascual,SF,2819121,H. Forster,SF,2735759,L. Van Schaik,SF,2151019,N. Padrosa Mons,SF,1821692,M. Alonso Guadaño,SF,3.5,211.0,2.0,7.0,-5.0,22.7,79.6,-56.9
2480234,17,981356,BOSONIT UNIBASKET,AWAY,2819119,T. Sedláková,SF,1678734,M. Llorente Ruiz,SF,1778980,I. Losada Gonzalez-Babe,SF,2151019,N. Padrosa Mons,SF,1821692,M. Alonso Guadaño,SF,1.7,100.0,0.0,2.0,-2.0,0.0,48.0,-48.0
2480234,17,981356,BOSONIT UNIBASKET,AWAY,2819119,T. Sedláková,SF,1678734,M. Llorente Ruiz,SF,1778980,I. Losada Gonzalez-Babe,SF,2735759,L. Van Schaik,SF,1821692,M. Alonso Guadaño,SF,2.5,147.0,0.0,5.0,-5.0,0.0,81.6,-81.6
2480234,17,981356,BOSONIT UNIBASKET,AWAY,2819119,T. Sedláková,SF,1678734,M. Llorente Ruiz,SF,1778980,I. Losada Gonzalez-Babe,SF,2735759,L. Van Schaik,SF,2151019,N. Padrosa Mons,SF,1.9,115.0,2.0,0.0,2.0,41.7,0.0,41.7
2480234,17,981356,BOSONIT UNIBASKET,AWAY,2819119,T. Sedláková,SF,1678734,M. Llorente Ruiz,SF,2735759,L. Van Schaik,SF,1821692,M. Alonso Guadaño,SF,1834784,E. Florez Pascual,SF,2.8,167.0,4.0,3.0,1.0,57.5,43.1,14.4
2480234,17,981356,BOSONIT UNIBASKET,AWAY,2819119,T. Sedláková,SF,1678734,M. Llorente Ruiz,SF,2735759,L. Van Schaik,SF,2151019,N. Padrosa Mons,SF,1834784,E. Florez Pascual,SF,0.9,54.0,2.0,2.0,0.0,88.9,88.9,0.0
2480234,17,981356,BOSONIT UNIBASKET,AWAY,2819121,H. Forster,SF,1678734,M. Llorente Ruiz,SF,1778980,I. Losada Gonzalez-Babe,SF,2561556,C. Sañudo Trillo,SF,1821692,M. Alonso Guadaño,SF,1.6,96.0,0.0,5.0,-5.0,0.0,125.0,-125.0
2480234,17,981356,BOSONIT UNIBASKET,AWAY,2819121,H. Forster,SF,1678734,M. Llorente Ruiz,SF,2735759,L. Van Schaik,SF,1821692,M. Alonso Guadaño,SF,1834784,E. Florez Pascual,SF,1.7,103.0,0.0,6.0,-6.0,0.0,139.8,-139.8
2480234,17,981356,BOSONIT UNIBASKET,AWAY,2819121,H. Forster,SF,1778980,I. Losada Gonzalez-Babe,SF,2735759,L. Van Schaik,SF,1821692,M. Alonso Guadaño,SF,1834784,E. Florez Pascual,SF,1.5,91.0,4.0,2.0,2.0,105.5,52.7,52.7
2480234,17,981356,BOSONIT UNIBASKET,AWAY,2819121,H. Forster,SF,1778980,I. Losada Gonzalez-Babe,SF,2735759,L. Van Schaik,SF,2151019,N. Padrosa Mons,SF,1821692,M. Alonso Guadaño,SF,4.2,246.0,10.0,6.0,4.0,97.6,58.5,39.0
2480234,17,981356,BOSONIT UNIBASKET,AWAY,2819121,H. Forster,SF,2561556,C. Sañudo Trillo,SF,1778980,I. Losada Gonzalez-Babe,SF,2735759,L. Van Schaik,SF,1821692,M. Alonso Guadaño,SF,1.5,89.0,1.0,2.0,-1.0,27.0,53.9,-27.0
2480234,17,981356,BOSONIT UNIBASKET,AWAY,2819121,H. Forster,SF,2561556,C. Sañudo Trillo,SF,2735759,L. Van Schaik,SF,1821692,M. Alonso Guadaño,SF,1834784,E. Florez Pascual,SF,1.4,87.0,2.0,0.0,2.0,55.2,0.0,55.2
2480235,17,981334,UNICAJA MIJAS,AWAY,1884837,M. Roters Dubinina,SF,1723860,S. Galeron Alvarez,SF,2012623,S. Lo Sylla,SF,1954737,E. Puiggros Rovira,SF,1994192,E. Moreno Fernandez,SF,8.4,501.0,15.0,10.0,5.0,71.9,47.9,24.0
2480235,17,981334,UNICAJA MIJAS,AWAY,2096249,T. Eke Benitez,SF,1317227,C. Garcia Paunero,SF,1884837,M. Roters Dubinina,SF,1723860,S. Galeron Alvarez,SF,1949233,A. Orois Aznarez,SF,5.4,322.0,10.0,5.0,5.0,74.5,37.3,37.3
2480235,17,981334,UNICAJA MIJAS,AWAY,2096249,T. Eke Benitez,SF,1317227,C. Garcia Paunero,SF,1884837,M. Roters Dubinina,SF,1723860,S. Galeron Alvarez,SF,1954737,E. Puiggros Rovira,SF,1.9,116.0,2.0,2.0,0.0,41.4,41.4,0.0
2480235,17,981334,UNICAJA MIJAS,AWAY,2096249,T. Eke Benitez,SF,1884837,M. Roters Dubinina,SF,1723860,S. Galeron Alvarez,SF,1954737,E. Puiggros Rovira,SF,1994192,E. Moreno Fernandez,SF,3.0,180.0,4.0,10.0,-6.0,53.3,133.3,-80.0
2480235,17,981334,UNICAJA MIJAS,AWAY,2096249,T. Eke Benitez,SF,2814756,C. Zimmerman,SF,1317227,C. Garcia Paunero,SF,1884837,M. Roters Dubinina,SF,1949233,A. Orois Aznarez,SF,9.2,557.0,18.0,18.0,0.0,77.6,77.6,0.0
2480235,17,981334,UNICAJA MIJAS,AWAY,2096249,T. Eke Benitez,SF,2814756,C. Zimmerman,SF,1884837,M. Roters Dubinina,SF,1949233,A. Orois Aznarez,SF,1994192,E. Moreno Fernandez,SF,1.6,99.0,6.0,2.0,4.0,145.5,48.5,97.0
2480235,17,981334,UNICAJA MIJAS,AWAY,2096249,T. Eke Benitez,SF,2814756,C. Zimmerman,SF,1884837,M. Roters Dubinina,SF,1954737,E. Puiggros Rovira,SF,1994192,E. Moreno Fernandez,SF,2.4,144.0,3.0,5.0,-2.0,50.0,83.3,-33.3
2480235,17,981334,UNICAJA MIJAS,AWAY,2814756,C. Zimmerman,SF,1317227,C. Garcia Paunero,SF,1884837,M. Roters Dubinina,SF,2012623,S. Lo Sylla,SF,1949233,A. Orois Aznarez,SF,1.6,99.0,0.0,2.0,-2.0,0.0,48.5,-48.5
2480235,17,981334,UNICAJA MIJAS,AWAY,2814756,C. Zimmerman,SF,1317227,C. Garcia Paunero,SF,1884837,M. Roters Dubinina,SF,2012623,S. Lo Sylla,SF,1954737,E. Puiggros Rovira,SF,0.7,43.0,0.0,2.0,-2.0,0.0,111.6,-111.6
2480235,17,981334,UNICAJA MIJAS,AWAY,2814756,C. Zimmerman,SF,1884837,M. Roters Dubinina,SF,2012623,S. Lo Sylla,SF,1949233,A. Orois Aznarez,SF,1994192,E. Moreno Fernandez,SF,5.7,339.0,8.0,2.0,6.0,56.6,14.2,42.5
2480235,17,981346,LA CORDÁ DE PATERNA NB,HOME,2049442,I. Broncano Avellaneda,SF,1632609,C. Che Tortola,SF,2173687,M. Llompart Perello,SF,2864802,N. Lagowski,SF,2031045,M. Galiana Miralles,SF,1.2,72.0,2.0,2.0,0.0,66.7,66.7,0.0
2480235,17,981346,LA CORDÁ DE PATERNA NB,HOME,2049442,I. Broncano Avellaneda,SF,1632609,C. Che Tortola,SF,2864802,N. Lagowski,SF,2031045,M. Galiana Miralles,SF,2071471,P. Saravia Logroño,SF,0.8,47.0,3.0,2.0,1.0,153.2,102.1,51.1
2480235,17,981346,LA CORDÁ DE PATERNA NB,HOME,2049442,I. Broncano Avellaneda,SF,2163606,C. Sancho Mauri,SF,2173687,M. Llompart Perello,SF,2864802,N. Lagowski,SF,2071471,P. Saravia Logroño,SF,0.7,40.0,5.0,0.0,5.0,300.0,0.0,300.0
2480235,17,981346,LA CORDÁ DE PATERNA NB,HOME,2049442,I. Broncano Avellaneda,SF,2173687,M. Llompart Perello,SF,2864802,N. Lagowski,SF,2561096,A. Prim Giro,SF,2031045,M. Galiana Miralles,SF,0.7,43.0,2.0,0.0,2.0,111.6,0.0,111.6
2480235,17,981346,LA CORDÁ DE PATERNA NB,HOME,2049442,I. Broncano Avellaneda,SF,2653963,A. Traore,SF,1632609,C. Che Tortola,SF,1687305,L. Segura Moreno,SF,2561096,A. Prim Giro,SF,1.6,99.0,2.0,6.0,-4.0,48.5,145.5,-97.0
2480235,17,981346,LA CORDÁ DE PATERNA NB,HOME,2049442,I. Broncano Avellaneda,SF,2653963,A. Traore,SF,1687305,L. Segura Moreno,SF,2561096,A. Prim Giro,SF,2071471,P. Saravia Logroño,SF,2.3,140.0,5.0,4.0,1.0,85.7,68.6,17.1
2480235,17,981346,LA CORDÁ DE PATERNA NB,HOME,2049442,I. Broncano Avellaneda,SF,2653963,A. Traore,SF,2024557,M. Bleda Ortega,SF,2561096,A. Prim Giro,SF,2031045,M. Galiana Miralles,SF,2.2,135.0,7.0,2.0,5.0,124.4,35.6,88.9
2480235,17,981346,LA CORDÁ DE PATERNA NB,HOME,2049442,I. Broncano Avellaneda,SF,2653963,A. Traore,SF,2173687,M. Llompart Perello,SF,1687305,L. Segura Moreno,SF,2024557,M. Bleda Ortega,SF,3.0,177.0,0.0,4.0,-4.0,0.0,54.2,-54.2
2480235,17,981346,LA CORDÁ DE PATERNA NB,HOME,2049442,I. Broncano Avellaneda,SF,2653963,A. Traore,SF,2173687,M. Llompart Perello,SF,1687305,L. Segura Moreno,SF,2071471,P. Saravia Logroño,SF,1.6,97.0,5.0,2.0,3.0,123.7,49.5,74.2
2480235,17,981346,LA CORDÁ DE PATERNA NB,HOME,2049442,I. Broncano Avellaneda,SF,2653963,A. Traore,SF,2173687,M. Llompart Perello,SF,2024557,M. Bleda Ortega,SF,2071471,P. Saravia Logroño,SF,1.2,72.0,2.0,3.0,-1.0,66.7,100.0,-33.3
2480235,17,981346,LA CORDÁ DE PATERNA NB,HOME,2049442,I. Broncano Avellaneda,SF,2796302,P. Gabriel,SF,1632609,C. Che Tortola,SF,2173687,M. Llompart Perello,SF,2031045,M. Galiana Miralles,SF,0.8,46.0,0.0,1.0,-1.0,0.0,52.2,-52.2
2480235,17,981346,LA CORDÁ DE PATERNA NB,HOME,2049442,I. Broncano Avellaneda,SF,2796302,P. Gabriel,SF,1632609,C. Che Tortola,SF,2561096,A. Prim Giro,SF,2031045,M. Galiana Miralles,SF,2.3,137.0,0.0,3.0,-3.0,0.0,52.6,-52.6
2480235,17,981346,LA CORDÁ DE PATERNA NB,HOME,2049442,I. Broncano Avellaneda,SF,2796302,P. Gabriel,SF,2561096,A. Prim Giro,SF,2031045,M. Galiana Miralles,SF,2071471,P. Saravia Logroño,SF,1.6,99.0,2.0,0.0,2.0,48.5,0.0,48.5
2480235,17,981346,LA CORDÁ DE PATERNA NB,HOME,2163606,C. Sancho Mauri,SF,2173687,M. Llompart Perello,SF,2024557,M. Bleda Ortega,SF,2561096,A. Prim Giro,SF,2071471,P. Saravia Logroño,SF,0.1,4.0,0.0,0.0,0.0,0.0,0.0,0.0
2480235,17,981346,LA CORDÁ DE PATERNA NB,HOME,2653963,A. Traore,SF,2024557,M. Bleda Ortega,SF,2561096,A. Prim Giro,SF,2031045,M. Galiana Miralles,SF,2071471,P. Saravia Logroño,SF,1.3,79.0,2.0,2.0,0.0,60.8,60.8,0.0
2480235,17,981346,LA CORDÁ DE PATERNA NB,HOME,2653963,A. Traore,SF,2049442,I. Broncano Avellaneda,SF,2173687,M. Llompart Perello,SF,1687305,L. Segura Moreno,SF,2071471,P. Saravia Logroño,SF,3.3,199.0,4.0,4.0,0.0,48.2,48.2,0.0
2480235,17,981346,LA CORDÁ DE PATERNA NB,HOME,2653963,A. Traore,SF,2173687,M. Llompart Perello,SF,1687305,L. Segura Moreno,SF,2024557,M. Bleda Ortega,SF,2071471,P. Saravia Logroño,SF,9.8,592.0,14.0,21.0,-7.0,56.8,85.1,-28.4
2480235,17,981346,LA CORDÁ DE PATERNA NB,HOME,2796302,P. Gabriel,SF,2049442,I. Broncano Avellaneda,SF,2173687,M. Llompart Perello,SF,1687305,L. Segura Moreno,SF,2071471,P. Saravia Logroño,SF,0.4,25.0,0.0,0.0,0.0,0.0,0.0,0.0
2480235,17,981346,LA CORDÁ DE PATERNA NB,HOME,2796302,P. Gabriel,SF,2049442,I. Broncano Avellaneda,SF,2173687,M. Llompart Perello,SF,1687305,L. Segura Moreno,SF,2561096,A. Prim Giro,SF,3.6,214.0,3.0,8.0,-5.0,33.6,89.7,-56.1
2480235,17,981346,LA CORDÁ DE PATERNA NB,HOME,2864802,N. Lagowski,SF,2024557,M. Bleda Ortega,SF,2561096,A. Prim Giro,SF,2031045,M. Galiana Miralles,SF,2071471,P. Saravia Logroño,SF,1.4,83.0,0.0,2.0,-2.0,0.0,57.8,-57.8
2480236,17,979952,LA LAGUNA TOYOTA  ADAREVA,HOME,1128614,I. Arregui Mariezcurrena,SF,1379088,P. Soler Suarez,SF,1884959,M. Luque Caballero,SF,2432295,B. Stevanovic,SF,1613926,M. Gomez Fernandez,SF,8.7,520.0,21.0,13.0,8.0,96.9,60.0,36.9
2480236,17,979952,LA LAGUNA TOYOTA  ADAREVA,HOME,1613926,M. Gomez Fernandez,SF,1128614,I. Arregui Mariezcurrena,SF,1379088,P. Soler Suarez,SF,1884959,M. Luque Caballero,SF,2432295,B. Stevanovic,SF,12.0,722.0,19.0,16.0,3.0,63.2,53.2,10.0
2480236,17,979952,LA LAGUNA TOYOTA  ADAREVA,HOME,1613926,M. Gomez Fernandez,SF,1128614,I. Arregui Mariezcurrena,SF,1379088,P. Soler Suarez,SF,2432295,B. Stevanovic,SF,2735173,M. Forsyth,SF,0.9,57.0,1.0,2.0,-1.0,42.1,84.2,-42.1
2480236,17,979952,LA LAGUNA TOYOTA  ADAREVA,HOME,1613926,M. Gomez Fernandez,SF,1379088,P. Soler Suarez,SF,1884959,M. Luque Caballero,SF,2432295,B. Stevanovic,SF,2735173,M. Forsyth,SF,0.5,30.0,0.0,0.0,0.0,0.0,0.0,0.0
2480236,17,979952,LA LAGUNA TOYOTA  ADAREVA,HOME,2639428,C. Parisi,SF,1379088,P. Soler Suarez,SF,1884959,M. Luque Caballero,SF,1878753,N. Ibañez Silvestre,SF,2735173,M. Forsyth,SF,1.5,87.0,4.0,0.0,4.0,110.3,0.0,110.3
2480236,17,979952,LA LAGUNA TOYOTA  ADAREVA,HOME,2639428,C. Parisi,SF,1379088,P. Soler Suarez,SF,1884959,M. Luque Caballero,SF,2432295,B. Stevanovic,SF,2735173,M. Forsyth,SF,4.7,288.0,4.0,5.0,-1.0,33.3,41.7,-8.3
2480236,17,979952,LA LAGUNA TOYOTA  ADAREVA,HOME,2639428,C. Parisi,SF,1613926,M. Gomez Fernandez,SF,1128614,I. Arregui Mariezcurrena,SF,1379088,P. Soler Suarez,SF,2432295,B. Stevanovic,SF,0.5,30.0,2.0,2.0,0.0,160.0,160.0,0.0
2480236,17,979952,LA LAGUNA TOYOTA  ADAREVA,HOME,2639428,C. Parisi,SF,1613926,M. Gomez Fernandez,SF,1379088,P. Soler Suarez,SF,1884959,M. Luque Caballero,SF,2432295,B. Stevanovic,SF,2.5,149.0,5.0,5.0,0.0,80.5,80.5,0.0
2480236,17,979952,LA LAGUNA TOYOTA  ADAREVA,HOME,2639428,C. Parisi,SF,1613926,M. Gomez Fernandez,SF,1379088,P. Soler Suarez,SF,1884959,M. Luque Caballero,SF,2735173,M. Forsyth,SF,6.6,395.0,11.0,10.0,1.0,66.8,60.8,6.1
2480236,17,979952,LA LAGUNA TOYOTA  ADAREVA,HOME,2639428,C. Parisi,SF,1613926,M. Gomez Fernandez,SF,1379088,P. Soler Suarez,SF,2432295,B. Stevanovic,SF,2735173,M. Forsyth,SF,2.0,122.0,2.0,5.0,-3.0,39.3,98.4,-59.0
2480236,17,981306,CAJASOL BALONCESTO SEVILLA FEMENINO,AWAY,1679391,M. Martinez Carranza,SF,2791616,L. Vorphal,SF,1999405,N. Anitua Garcia,SF,2053354,F. Gassama Dansoko,SF,1522827,M. Recio Gonzalez,SF,8.7,520.0,13.0,21.0,-8.0,60.0,96.9,-36.9
2480236,17,981306,CAJASOL BALONCESTO SEVILLA FEMENINO,AWAY,1679391,M. Martinez Carranza,SF,2791616,L. Vorphal,SF,2004240,N. Sanchez Robayo,SF,1999405,N. Anitua Garcia,SF,1811227,C. Arfinengo Del Carpio,SF,28.6,1724.0,45.0,44.0,1.0,62.6,61.3,1.4
2480236,17,981306,CAJASOL BALONCESTO SEVILLA FEMENINO,AWAY,1679391,M. Martinez Carranza,SF,2791616,L. Vorphal,SF,2004240,N. Sanchez Robayo,SF,1999405,N. Anitua Garcia,SF,2053354,F. Gassama Dansoko,SF,2.6,156.0,0.0,4.0,-4.0,0.0,61.5,-61.5
2480237,17,981213,AZULMARINO MALLORCA PALMA,AWAY,2791252,A. Bulgak,SF,1083354,M. España Almendro,SF,1865395,M. Garcia Mateo,SF,1434977,C. Grande Pardo,SF,1527601,I. Junio Mbulito,SF,2.3,136.0,4.0,2.0,2.0,70.6,35.3,35.3
2480237,17,981213,AZULMARINO MALLORCA PALMA,AWAY,2791252,A. Bulgak,SF,1083354,M. España Almendro,SF,975683,A. Torrens Salom,SF,1865395,M. Garcia Mateo,SF,1434977,C. Grande Pardo,SF,3.9,230.0,9.0,9.0,0.0,93.9,93.9,0.0
2480237,17,981213,AZULMARINO MALLORCA PALMA,AWAY,2791252,A. Bulgak,SF,2793759,J. Asinde,SF,2815892,A. Siciliano,SF,1083354,M. España Almendro,SF,975683,A. Torrens Salom,SF,32.8,1961.0,58.0,63.0,-5.0,71.0,77.1,-6.1
2480237,17,981213,AZULMARINO MALLORCA PALMA,AWAY,2791252,A. Bulgak,SF,2815892,A. Siciliano,SF,1083354,M. España Almendro,SF,975683,A. Torrens Salom,SF,1865395,M. Garcia Mateo,SF,1.2,73.0,3.0,3.0,0.0,98.6,98.6,0.0
2480237,17,981492,CELTA  FEMXA ZORKA,HOME,1898932,M. Gea Becerra,SF,2276545,M. Vizmanos Iglesis,SF,2121212,P. Salinas Mascuñana,SF,2814638,J. Kelliher,SF,2651124,A. Boquete Manna,SF,1.9,111.0,3.0,4.0,-1.0,64.9,86.5,-21.6
2480237,17,981492,CELTA  FEMXA ZORKA,HOME,2049773,D. Bermejo Escribano,SF,2179984,U. Rodríguez Silva,SF,2276545,M. Vizmanos Iglesis,SF,2121212,P. Salinas Mascuñana,SF,2651124,A. Boquete Manna,SF,0.6,35.0,3.0,0.0,3.0,205.7,0.0,205.7
2480237,17,981492,CELTA  FEMXA ZORKA,HOME,2644595,I. Vennema,SF,1898932,M. Gea Becerra,SF,2121212,P. Salinas Mascuñana,SF,2814638,J. Kelliher,SF,2651124,A. Boquete Manna,SF,3.9,235.0,4.0,8.0,-4.0,40.9,81.7,-40.9
2480237,17,981492,CELTA  FEMXA ZORKA,HOME,2644595,I. Vennema,SF,1898932,M. Gea Becerra,SF,2276545,M. Vizmanos Iglesis,SF,2121212,P. Salinas Mascuñana,SF,2814638,J. Kelliher,SF,1.2,73.0,3.0,3.0,0.0,98.6,98.6,0.0
2480237,17,981492,CELTA  FEMXA ZORKA,HOME,2644595,I. Vennema,SF,2049773,D. Bermejo Escribano,SF,1898932,M. Gea Becerra,SF,2276545,M. Vizmanos Iglesis,SF,2121212,P. Salinas Mascuñana,SF,1.9,116.0,4.0,1.0,3.0,82.8,20.7,62.1
2480237,17,981492,CELTA  FEMXA ZORKA,HOME,2644595,I. Vennema,SF,2049773,D. Bermejo Escribano,SF,2179984,U. Rodríguez Silva,SF,2276545,M. Vizmanos Iglesis,SF,2121212,P. Salinas Mascuñana,SF,1.0,58.0,0.0,2.0,-2.0,0.0,82.8,-82.8
2480237,17,981492,CELTA  FEMXA ZORKA,HOME,2743289,D. Cabrera Baccon,SF,1898932,M. Gea Becerra,SF,2121212,P. Salinas Mascuñana,SF,2814638,J. Kelliher,SF,2651124,A. Boquete Manna,SF,1.3,76.0,4.0,5.0,-1.0,126.3,157.9,-31.6
2480237,17,981492,CELTA  FEMXA ZORKA,HOME,2743289,D. Cabrera Baccon,SF,2049773,D. Bermejo Escribano,SF,2179984,U. Rodríguez Silva,SF,2121212,P. Salinas Mascuñana,SF,2814638,J. Kelliher,SF,4.5,268.0,10.0,5.0,5.0,89.6,44.8,44.8
2480237,17,981492,CELTA  FEMXA ZORKA,HOME,2743289,D. Cabrera Baccon,SF,2049773,D. Bermejo Escribano,SF,2179984,U. Rodríguez Silva,SF,2814638,J. Kelliher,SF,2651124,A. Boquete Manna,SF,4.9,290.0,7.0,8.0,-1.0,57.9,66.2,-8.3
2480237,17,981492,CELTA  FEMXA ZORKA,HOME,2743289,D. Cabrera Baccon,SF,2179984,U. Rodríguez Silva,SF,1898932,M. Gea Becerra,SF,2121212,P. Salinas Mascuñana,SF,2814638,J. Kelliher,SF,0.8,47.0,0.0,2.0,-2.0,0.0,102.1,-102.1
2480237,17,981492,CELTA  FEMXA ZORKA,HOME,2743289,D. Cabrera Baccon,SF,2644595,I. Vennema,SF,1898932,M. Gea Becerra,SF,2121212,P. Salinas Mascuñana,SF,2814638,J. Kelliher,SF,1.1,63.0,0.0,6.0,-6.0,0.0,228.6,-228.6
2480237,17,981492,CELTA  FEMXA ZORKA,HOME,2743289,D. Cabrera Baccon,SF,2644595,I. Vennema,SF,1898932,M. Gea Becerra,SF,2276545,M. Vizmanos Iglesis,SF,2121212,P. Salinas Mascuñana,SF,5.3,316.0,12.0,8.0,4.0,91.1,60.8,30.4
2480237,17,981492,CELTA  FEMXA ZORKA,HOME,2743289,D. Cabrera Baccon,SF,2644595,I. Vennema,SF,2049773,D. Bermejo Escribano,SF,1898932,M. Gea Becerra,SF,2121212,P. Salinas Mascuñana,SF,10.7,643.0,23.0,16.0,7.0,85.8,59.7,26.1
2480237,17,981492,CELTA  FEMXA ZORKA,HOME,2743289,D. Cabrera Baccon,SF,2644595,I. Vennema,SF,2049773,D. Bermejo Escribano,SF,1898932,M. Gea Becerra,SF,2276545,M. Vizmanos Iglesis,SF,0.5,31.0,2.0,1.0,1.0,154.8,77.4,77.4
2480237,17,981492,CELTA  FEMXA ZORKA,HOME,2743289,D. Cabrera Baccon,SF,2644595,I. Vennema,SF,2049773,D. Bermejo Escribano,SF,2179984,U. Rodríguez Silva,SF,2121212,P. Salinas Mascuñana,SF,0.6,38.0,2.0,5.0,-3.0,126.3,315.8,-189.5
2480238,17,979919,RECOLETAS ZAMORA,AWAY,1599354,A. Tainta Lizalde,SF,1942017,A. Martin Tejedor,SF,2239381,D. Angel Villen,SF,2110765,A. Perez Relancio,SF,2561100,F. Pouye,SF,1.1,66.0,0.0,0.0,0.0,0.0,0.0,0.0
2480238,17,979919,RECOLETAS ZAMORA,AWAY,1599354,A. Tainta Lizalde,SF,1942017,A. Martin Tejedor,SF,2239381,D. Angel Villen,SF,2734310,E. Resende Carregosa,SF,2110765,A. Perez Relancio,SF,1.4,81.0,2.0,0.0,2.0,59.3,0.0,59.3
2480238,17,979919,RECOLETAS ZAMORA,AWAY,1599354,A. Tainta Lizalde,SF,1942017,A. Martin Tejedor,SF,2239381,D. Angel Villen,SF,2734310,E. Resende Carregosa,SF,2561100,F. Pouye,SF,1.9,117.0,2.0,7.0,-5.0,41.0,143.6,-102.6
2480238,17,979919,RECOLETAS ZAMORA,AWAY,1599354,A. Tainta Lizalde,SF,1942017,A. Martin Tejedor,SF,2734310,E. Resende Carregosa,SF,2110765,A. Perez Relancio,SF,1259670,B. Sanchez Marrufo,SF,0.1,9.0,0.0,0.0,0.0,0.0,0.0,0.0
2480238,17,979919,RECOLETAS ZAMORA,AWAY,1599354,A. Tainta Lizalde,SF,1942017,A. Martin Tejedor,SF,2734310,E. Resende Carregosa,SF,2561100,F. Pouye,SF,1259670,B. Sanchez Marrufo,SF,0.9,57.0,0.0,0.0,0.0,0.0,0.0,0.0
2480238,17,979919,RECOLETAS ZAMORA,AWAY,1599354,A. Tainta Lizalde,SF,2239381,D. Angel Villen,SF,2734310,E. Resende Carregosa,SF,2561100,F. Pouye,SF,1259670,B. Sanchez Marrufo,SF,5.6,335.0,10.0,11.0,-1.0,71.6,78.8,-7.2
2480238,17,979919,RECOLETAS ZAMORA,AWAY,1599354,A. Tainta Lizalde,SF,2432306,F. Niski Castelao,SF,1942017,A. Martin Tejedor,SF,2110765,A. Perez Relancio,SF,1259670,B. Sanchez Marrufo,SF,1.6,98.0,3.0,4.0,-1.0,73.5,98.0,-24.5
2480238,17,979919,RECOLETAS ZAMORA,AWAY,1599354,A. Tainta Lizalde,SF,2432306,F. Niski Castelao,SF,1942017,A. Martin Tejedor,SF,2239381,D. Angel Villen,SF,2561100,F. Pouye,SF,0.1,6.0,0.0,0.0,0.0,0.0,0.0,0.0
2480238,17,979919,RECOLETAS ZAMORA,AWAY,1599354,A. Tainta Lizalde,SF,2432306,F. Niski Castelao,SF,1942017,A. Martin Tejedor,SF,2239381,D. Angel Villen,SF,2734310,E. Resende Carregosa,SF,1.6,98.0,7.0,2.0,5.0,171.4,49.0,122.4
2480238,17,979919,RECOLETAS ZAMORA,AWAY,1599354,A. Tainta Lizalde,SF,2432306,F. Niski Castelao,SF,1942017,A. Martin Tejedor,SF,2561100,F. Pouye,SF,1259670,B. Sanchez Marrufo,SF,9.9,598.0,17.0,14.0,3.0,68.2,56.2,12.0
2480238,17,979919,RECOLETAS ZAMORA,AWAY,1599354,A. Tainta Lizalde,SF,2432306,F. Niski Castelao,SF,1942017,A. Martin Tejedor,SF,2734310,E. Resende Carregosa,SF,1259670,B. Sanchez Marrufo,SF,0.4,26.0,0.0,0.0,0.0,0.0,0.0,0.0
2480238,17,979919,RECOLETAS ZAMORA,AWAY,1599354,A. Tainta Lizalde,SF,2432306,F. Niski Castelao,SF,1942017,A. Martin Tejedor,SF,2734310,E. Resende Carregosa,SF,2561100,F. Pouye,SF,1.6,93.0,0.0,5.0,-5.0,0.0,129.0,-129.0
2480238,17,979919,RECOLETAS ZAMORA,AWAY,1599354,A. Tainta Lizalde,SF,2817152,F. Filor,SF,1942017,A. Martin Tejedor,SF,2239381,D. Angel Villen,SF,2734310,E. Resende Carregosa,SF,2.1,127.0,2.0,5.0,-3.0,37.8,94.5,-56.7
2480238,17,979919,RECOLETAS ZAMORA,AWAY,1599354,A. Tainta Lizalde,SF,2817152,F. Filor,SF,1942017,A. Martin Tejedor,SF,2734310,E. Resende Carregosa,SF,2110765,A. Perez Relancio,SF,6.0,363.0,13.0,4.0,9.0,86.0,26.4,59.5
2480238,17,979919,RECOLETAS ZAMORA,AWAY,1599354,A. Tainta Lizalde,SF,2817152,F. Filor,SF,2432306,F. Niski Castelao,SF,1942017,A. Martin Tejedor,SF,2110765,A. Perez Relancio,SF,1.7,100.0,0.0,3.0,-3.0,0.0,72.0,-72.0
2480238,17,979919,RECOLETAS ZAMORA,AWAY,1599354,A. Tainta Lizalde,SF,2817152,F. Filor,SF,2432306,F. Niski Castelao,SF,1942017,A. Martin Tejedor,SF,2239381,D. Angel Villen,SF,1.9,116.0,3.0,6.0,-3.0,62.1,124.1,-62.1
2480238,17,979919,RECOLETAS ZAMORA,AWAY,1599354,A. Tainta Lizalde,SF,2817152,F. Filor,SF,2432306,F. Niski Castelao,SF,1942017,A. Martin Tejedor,SF,2734310,E. Resende Carregosa,SF,1.9,110.0,2.0,8.0,-6.0,43.6,174.5,-130.9
2480238,17,979971,OSES CONSTRUCCION,HOME,1044456,M. Asurmendi Villaverde,SF,2561097,A. Diez Pastor,SF,2432778,J. Mungo Lanzetti,SF,1824910,S. Castro Marrero,SF,1820835,A. Wone Aranaz,SF,1.1,66.0,0.0,0.0,0.0,0.0,0.0,0.0
2480238,17,979971,OSES CONSTRUCCION,HOME,1588922,L. Gutierrez Lancho,SF,1044456,M. Asurmendi Villaverde,SF,1824910,S. Castro Marrero,SF,2432513,V. Llorente,SF,1820835,A. Wone Aranaz,SF,1.1,66.0,2.0,2.0,0.0,72.7,72.7,0.0
2480238,17,979971,OSES CONSTRUCCION,HOME,1588922,L. Gutierrez Lancho,SF,1044456,M. Asurmendi Villaverde,SF,2432778,J. Mungo Lanzetti,SF,1824910,S. Castro Marrero,SF,1820835,A. Wone Aranaz,SF,2.3,143.0,2.0,6.0,-4.0,33.6,100.7,-67.1
2480238,17,979971,OSES CONSTRUCCION,HOME,1588922,L. Gutierrez Lancho,SF,1044456,M. Asurmendi Villaverde,SF,2561097,A. Diez Pastor,SF,2432778,J. Mungo Lanzetti,SF,1820835,A. Wone Aranaz,SF,4.6,268.0,15.0,4.0,11.0,134.3,35.8,98.5
2480238,17,979971,OSES CONSTRUCCION,HOME,1588922,L. Gutierrez Lancho,SF,2364706,F. Parra,SF,2432778,J. Mungo Lanzetti,SF,1824910,S. Castro Marrero,SF,1820835,A. Wone Aranaz,SF,1.6,97.0,2.0,3.0,-1.0,49.5,74.2,-24.7
2480238,17,979971,OSES CONSTRUCCION,HOME,1588922,L. Gutierrez Lancho,SF,2364706,F. Parra,SF,2432778,J. Mungo Lanzetti,SF,1824910,S. Castro Marrero,SF,2432513,V. Llorente,SF,1.7,107.0,4.0,3.0,1.0,89.7,67.3,22.4
2480238,17,979971,OSES CONSTRUCCION,HOME,1588922,L. Gutierrez Lancho,SF,2432778,J. Mungo Lanzetti,SF,2432513,V. Llorente,SF,2561102,M. Blanco Morcillo,SF,1820835,A. Wone Aranaz,SF,1.6,95.0,0.0,2.0,-2.0,0.0,50.5,-50.5
2480238,17,979971,OSES CONSTRUCCION,HOME,1588922,L. Gutierrez Lancho,SF,2561097,A. Diez Pastor,SF,2432778,J. Mungo Lanzetti,SF,1824910,S. Castro Marrero,SF,1820835,A. Wone Aranaz,SF,1.2,70.0,2.0,0.0,2.0,68.6,0.0,68.6
2480238,17,979971,OSES CONSTRUCCION,HOME,1588922,L. Gutierrez Lancho,SF,2561097,A. Diez Pastor,SF,2432778,J. Mungo Lanzetti,SF,1824910,S. Castro Marrero,SF,2432513,V. Llorente,SF,0.5,30.0,1.0,0.0,1.0,80.0,0.0,80.0
2480238,17,979971,OSES CONSTRUCCION,HOME,1588922,L. Gutierrez Lancho,SF,2561102,M. Blanco Morcillo,SF,1824910,S. Castro Marrero,SF,2432513,V. Llorente,SF,1820835,A. Wone Aranaz,SF,1.0,60.0,0.0,7.0,-7.0,0.0,280.0,-280.0
2480238,17,979971,OSES CONSTRUCCION,HOME,2364706,F. Parra,SF,2432778,J. Mungo Lanzetti,SF,1824910,S. Castro Marrero,SF,2432513,V. Llorente,SF,2561102,M. Blanco Morcillo,SF,2.7,168.0,2.0,2.0,0.0,28.6,28.6,0.0
2480238,17,979971,OSES CONSTRUCCION,HOME,2364706,F. Parra,SF,2432778,J. Mungo Lanzetti,SF,1824910,S. Castro Marrero,SF,2561102,M. Blanco Morcillo,SF,1820835,A. Wone Aranaz,SF,4.3,262.0,8.0,5.0,3.0,73.3,45.8,27.5
2480238,17,979971,OSES CONSTRUCCION,HOME,2364706,F. Parra,SF,2432778,J. Mungo Lanzetti,SF,1824910,S. Castro Marrero,SF,2561102,M. Blanco Morcillo,SF,2432513,V. Llorente,SF,5.6,335.0,11.0,10.0,1.0,78.8,71.6,7.2
2480238,17,979971,OSES CONSTRUCCION,HOME,2364706,F. Parra,SF,2432778,J. Mungo Lanzetti,SF,2432513,V. Llorente,SF,2561102,M. Blanco Morcillo,SF,1820835,A. Wone Aranaz,SF,0.1,5.0,0.0,0.0,0.0,0.0,0.0,0.0
2480238,17,979971,OSES CONSTRUCCION,HOME,2364706,F. Parra,SF,2432778,J. Mungo Lanzetti,SF,2561102,M. Blanco Morcillo,SF,1820835,A. Wone Aranaz,SF,2165145,A. Valero Elia,SF,1.6,98.0,2.0,7.0,-5.0,49.0,171.4,-122.4
2480238,17,979971,OSES CONSTRUCCION,HOME,2364706,F. Parra,SF,2432778,J. Mungo Lanzetti,SF,2561102,M. Blanco Morcillo,SF,1824910,S. Castro Marrero,SF,1820835,A. Wone Aranaz,SF,1.4,81.0,0.0,2.0,-2.0,0.0,59.3,-59.3
2480238,17,979971,OSES CONSTRUCCION,HOME,2364706,F. Parra,SF,2432778,J. Mungo Lanzetti,SF,2561102,M. Blanco Morcillo,SF,1824910,S. Castro Marrero,SF,2432513,V. Llorente,SF,0.8,47.0,4.0,2.0,2.0,204.3,102.1,102.1
2480238,17,979971,OSES CONSTRUCCION,HOME,2364706,F. Parra,SF,2561097,A. Diez Pastor,SF,2432513,V. Llorente,SF,2561102,M. Blanco Morcillo,SF,1820835,A. Wone Aranaz,SF,2.3,140.0,5.0,3.0,2.0,85.7,51.4,34.3
2480238,17,979971,OSES CONSTRUCCION,HOME,2364706,F. Parra,SF,2561097,A. Diez Pastor,SF,2432778,J. Mungo Lanzetti,SF,2432513,V. Llorente,SF,2561102,M. Blanco Morcillo,SF,3.4,207.0,9.0,3.0,6.0,104.3,34.8,69.6
2480238,17,979971,OSES CONSTRUCCION,HOME,2364706,F. Parra,SF,2561102,M. Blanco Morcillo,SF,1824910,S. Castro Marrero,SF,2432513,V. Llorente,SF,1820835,A. Wone Aranaz,SF,0.8,49.0,0.0,0.0,0.0,0.0,0.0,0.0
2480238,17,979971,OSES CONSTRUCCION,HOME,2561097,A. Diez Pastor,SF,2432778,J. Mungo Lanzetti,SF,1824910,S. Castro Marrero,SF,2561102,M. Blanco Morcillo,SF,1820835,A. Wone Aranaz,SF,0.1,6.0,0.0,0.0,0.0,0.0,0.0,0.0
2480239,17,979988,FUSTECMA NBF CASTELLÓ,HOME,1680760,S. Carli Del Pino,SF,2131367,S. Basaez Narvaez,SF,2383616,F. Asemota Augustine,SF,1460562,C. Perez Relancio,SF,2087212,L. Ruiz De La Hermosa Arce,SF,0.2,13.0,0.0,0.0,0.0,0.0,0.0,0.0
2480239,17,979988,FUSTECMA NBF CASTELLÓ,HOME,1680760,S. Carli Del Pino,SF,2131367,S. Basaez Narvaez,SF,2383616,F. Asemota Augustine,SF,1460562,C. Perez Relancio,SF,2144678,L. Jovena Meseguer,SF,5.6,333.0,7.0,6.0,1.0,50.5,43.2,7.2
2480239,17,979988,FUSTECMA NBF CASTELLÓ,HOME,1680760,S. Carli Del Pino,SF,2131367,S. Basaez Narvaez,SF,2383616,F. Asemota Augustine,SF,2087212,L. Ruiz De La Hermosa Arce,SF,2827468,A. Bourgarel Aparicio,SF,0.3,18.0,2.0,0.0,2.0,266.7,0.0,266.7
2480239,17,979988,FUSTECMA NBF CASTELLÓ,HOME,1680760,S. Carli Del Pino,SF,2131367,S. Basaez Narvaez,SF,2383616,F. Asemota Augustine,SF,2144678,L. Jovena Meseguer,SF,1618451,L. Campos De Bengoa,SF,0.5,29.0,3.0,1.0,2.0,248.3,82.8,165.5
2480239,17,979988,FUSTECMA NBF CASTELLÓ,HOME,1680760,S. Carli Del Pino,SF,2131367,S. Basaez Narvaez,SF,2383616,F. Asemota Augustine,SF,2829993,G. Aiello,SF,2827468,A. Bourgarel Aparicio,SF,0.5,27.0,2.0,2.0,0.0,177.8,177.8,0.0
2480239,17,979988,FUSTECMA NBF CASTELLÓ,HOME,1680760,S. Carli Del Pino,SF,2383616,F. Asemota Augustine,SF,2087212,L. Ruiz De La Hermosa Arce,SF,2829993,G. Aiello,SF,2827468,A. Bourgarel Aparicio,SF,0.6,38.0,1.0,0.0,1.0,63.2,0.0,63.2
2480239,17,979988,FUSTECMA NBF CASTELLÓ,HOME,1680760,S. Carli Del Pino,SF,2383616,F. Asemota Augustine,SF,2274867,L. De Giacomo,SF,2087212,L. Ruiz De La Hermosa Arce,SF,2827468,A. Bourgarel Aparicio,SF,1.5,91.0,2.0,5.0,-3.0,52.7,131.9,-79.1
2480239,17,979988,FUSTECMA NBF CASTELLÓ,HOME,1680760,S. Carli Del Pino,SF,2829993,G. Aiello,SF,2131367,S. Basaez Narvaez,SF,1460562,C. Perez Relancio,SF,2827468,A. Bourgarel Aparicio,SF,1.9,112.0,6.0,3.0,3.0,128.6,64.3,64.3
2480239,17,979988,FUSTECMA NBF CASTELLÓ,HOME,1680760,S. Carli Del Pino,SF,2829993,G. Aiello,SF,2131367,S. Basaez Narvaez,SF,2383616,F. Asemota Augustine,SF,1460562,C. Perez Relancio,SF,7.7,458.0,8.0,9.0,-1.0,41.9,47.2,-5.2
2480239,17,979988,FUSTECMA NBF CASTELLÓ,HOME,1680760,S. Carli Del Pino,SF,2829993,G. Aiello,SF,2131367,S. Basaez Narvaez,SF,2383616,F. Asemota Augustine,SF,1618451,L. Campos De Bengoa,SF,0.4,24.0,0.0,0.0,0.0,0.0,0.0,0.0
2480239,17,979988,FUSTECMA NBF CASTELLÓ,HOME,1680760,S. Carli Del Pino,SF,2829993,G. Aiello,SF,2131367,S. Basaez Narvaez,SF,2383616,F. Asemota Augustine,SF,2087212,L. Ruiz De La Hermosa Arce,SF,1.7,101.0,0.0,6.0,-6.0,0.0,142.6,-142.6
2480239,17,979988,FUSTECMA NBF CASTELLÓ,HOME,1680760,S. Carli Del Pino,SF,2829993,G. Aiello,SF,2131367,S. Basaez Narvaez,SF,2383616,F. Asemota Augustine,SF,2274867,L. De Giacomo,SF,4.2,256.0,6.0,11.0,-5.0,56.2,103.1,-46.9
2480239,17,979988,FUSTECMA NBF CASTELLÓ,HOME,1680760,S. Carli Del Pino,SF,2829993,G. Aiello,SF,2131367,S. Basaez Narvaez,SF,2383616,F. Asemota Augustine,SF,2827468,A. Bourgarel Aparicio,SF,5.3,322.0,15.0,9.0,6.0,111.8,67.1,44.7
2480239,17,979988,FUSTECMA NBF CASTELLÓ,HOME,1680760,S. Carli Del Pino,SF,2829993,G. Aiello,SF,2274867,L. De Giacomo,SF,2087212,L. Ruiz De La Hermosa Arce,SF,1618451,L. Campos De Bengoa,SF,4.9,298.0,9.0,8.0,1.0,72.5,64.4,8.1
2480239,17,979988,FUSTECMA NBF CASTELLÓ,HOME,1680760,S. Carli Del Pino,SF,2829993,G. Aiello,SF,2383616,F. Asemota Augustine,SF,2087212,L. Ruiz De La Hermosa Arce,SF,2827468,A. Bourgarel Aparicio,SF,3.3,200.0,9.0,6.0,3.0,108.0,72.0,36.0
2480239,17,979988,FUSTECMA NBF CASTELLÓ,HOME,1680760,S. Carli Del Pino,SF,2829993,G. Aiello,SF,2383616,F. Asemota Augustine,SF,2274867,L. De Giacomo,SF,2827468,A. Bourgarel Aparicio,SF,1.1,63.0,0.0,0.0,0.0,0.0,0.0,0.0
2480239,17,979988,FUSTECMA NBF CASTELLÓ,HOME,1680760,S. Carli Del Pino,SF,2829993,G. Aiello,SF,2383616,F. Asemota Augustine,SF,2827468,A. Bourgarel Aparicio,SF,1618451,L. Campos De Bengoa,SF,0.3,17.0,0.0,0.0,0.0,0.0,0.0,0.0
2480239,17,981208,ALTER ENERSUN AL-QÁZERES EXTREMADURA,AWAY,1860325,L. Fontela Cabaleiro,SF,1112483,L. Mendez Lamas,SF,1902336,N. Liste Alfonsin,SF,2815234,I. Tavares Ramos,SF,1889214,C. Prieto Pereda,SF,3.6,215.0,7.0,2.0,5.0,78.1,22.3,55.8
2480239,17,981208,ALTER ENERSUN AL-QÁZERES EXTREMADURA,AWAY,1860325,L. Fontela Cabaleiro,SF,2432389,J. De Barros Filipe,SF,1902336,N. Liste Alfonsin,SF,2815234,I. Tavares Ramos,SF,2044012,C. Suárez Fernández,SF,1.8,106.0,0.0,2.0,-2.0,0.0,45.3,-45.3
2480239,17,981208,ALTER ENERSUN AL-QÁZERES EXTREMADURA,AWAY,1860325,L. Fontela Cabaleiro,SF,2815153,V. Gauna,SF,1112483,L. Mendez Lamas,SF,1902336,N. Liste Alfonsin,SF,2815234,I. Tavares Ramos,SF,1.5,90.0,4.0,4.0,0.0,106.7,106.7,0.0
2480239,17,981208,ALTER ENERSUN AL-QÁZERES EXTREMADURA,AWAY,1860325,L. Fontela Cabaleiro,SF,2815153,V. Gauna,SF,1902336,N. Liste Alfonsin,SF,2432389,J. De Barros Filipe,SF,2815234,I. Tavares Ramos,SF,0.3,20.0,0.0,2.0,-2.0,0.0,240.0,-240.0
2480239,17,981208,ALTER ENERSUN AL-QÁZERES EXTREMADURA,AWAY,1860325,L. Fontela Cabaleiro,SF,2815153,V. Gauna,SF,1902336,N. Liste Alfonsin,SF,2815234,I. Tavares Ramos,SF,1889214,C. Prieto Pereda,SF,5.9,351.0,15.0,2.0,13.0,102.6,13.7,88.9
2480239,17,981208,ALTER ENERSUN AL-QÁZERES EXTREMADURA,AWAY,1860325,L. Fontela Cabaleiro,SF,2815153,V. Gauna,SF,2432389,J. De Barros Filipe,SF,1902336,N. Liste Alfonsin,SF,2815234,I. Tavares Ramos,SF,1.0,60.0,0.0,2.0,-2.0,0.0,80.0,-80.0
2480239,17,981208,ALTER ENERSUN AL-QÁZERES EXTREMADURA,AWAY,2056237,L. Salmeron Segu,SF,1112483,L. Mendez Lamas,SF,1902336,N. Liste Alfonsin,SF,2432389,J. De Barros Filipe,SF,1889214,C. Prieto Pereda,SF,2.2,134.0,2.0,2.0,0.0,35.8,35.8,0.0
2480239,17,981208,ALTER ENERSUN AL-QÁZERES EXTREMADURA,AWAY,2056237,L. Salmeron Segu,SF,1112483,L. Mendez Lamas,SF,1902336,N. Liste Alfonsin,SF,2432389,J. De Barros Filipe,SF,2815234,I. Tavares Ramos,SF,0.5,31.0,0.0,1.0,-1.0,0.0,77.4,-77.4
2480239,17,981208,ALTER ENERSUN AL-QÁZERES EXTREMADURA,AWAY,2056237,L. Salmeron Segu,SF,1860325,L. Fontela Cabaleiro,SF,1112483,L. Mendez Lamas,SF,2432389,J. De Barros Filipe,SF,1902336,N. Liste Alfonsin,SF,1.4,83.0,1.0,2.0,-1.0,28.9,57.8,-28.9
2480239,17,981208,ALTER ENERSUN AL-QÁZERES EXTREMADURA,AWAY,2056237,L. Salmeron Segu,SF,1860325,L. Fontela Cabaleiro,SF,2815153,V. Gauna,SF,1112483,L. Mendez Lamas,SF,2432389,J. De Barros Filipe,SF,2.1,124.0,0.0,2.0,-2.0,0.0,38.7,-38.7
2480239,17,981208,ALTER ENERSUN AL-QÁZERES EXTREMADURA,AWAY,2056237,L. Salmeron Segu,SF,1860325,L. Fontela Cabaleiro,SF,2815153,V. Gauna,SF,1902336,N. Liste Alfonsin,SF,2432389,J. De Barros Filipe,SF,1.7,100.0,2.0,5.0,-3.0,48.0,120.0,-72.0
2480239,17,981208,ALTER ENERSUN AL-QÁZERES EXTREMADURA,AWAY,2056237,L. Salmeron Segu,SF,1860325,L. Fontela Cabaleiro,SF,2815153,V. Gauna,SF,1902336,N. Liste Alfonsin,SF,2815234,I. Tavares Ramos,SF,1.9,113.0,0.0,5.0,-5.0,0.0,106.2,-106.2
2480239,17,981208,ALTER ENERSUN AL-QÁZERES EXTREMADURA,AWAY,2056237,L. Salmeron Segu,SF,2815153,V. Gauna,SF,1112483,L. Mendez Lamas,SF,1902336,N. Liste Alfonsin,SF,2432389,J. De Barros Filipe,SF,2.0,121.0,5.0,5.0,0.0,99.2,99.2,0.0
2480239,17,981208,ALTER ENERSUN AL-QÁZERES EXTREMADURA,AWAY,2056237,L. Salmeron Segu,SF,2815153,V. Gauna,SF,1902336,N. Liste Alfonsin,SF,2432389,J. De Barros Filipe,SF,2815234,I. Tavares Ramos,SF,2.2,136.0,6.0,6.0,0.0,105.9,105.9,0.0
2480239,17,981208,ALTER ENERSUN AL-QÁZERES EXTREMADURA,AWAY,2056237,L. Salmeron Segu,SF,2815153,V. Gauna,SF,2432389,J. De Barros Filipe,SF,1902336,N. Liste Alfonsin,SF,2815234,I. Tavares Ramos,SF,4.2,252.0,9.0,10.0,-1.0,85.7,95.2,-9.5
2480239,17,981208,ALTER ENERSUN AL-QÁZERES EXTREMADURA,AWAY,2815153,V. Gauna,SF,1902336,N. Liste Alfonsin,SF,2432389,J. De Barros Filipe,SF,2815234,I. Tavares Ramos,SF,1889214,C. Prieto Pereda,SF,3.7,223.0,9.0,10.0,-1.0,96.9,107.6,-10.8
2480239,17,981208,ALTER ENERSUN AL-QÁZERES EXTREMADURA,AWAY,2815153,V. Gauna,SF,2432389,J. De Barros Filipe,SF,1902336,N. Liste Alfonsin,SF,2815234,I. Tavares Ramos,SF,1889214,C. Prieto Pereda,SF,4.0,241.0,6.0,8.0,-2.0,59.8,79.7,-19.9
2480240,17,979770,MELILLA CIUDAD DEL DEPORTE LA SALLE,AWAY,1756623,A. Hernangomez Geuer,SF,1946976,L. Moya Blanch,SF,1454479,A. Senosiain Vergarachea,SF,2814864,R. Monteiro Da Silva,SF,1587316,C. Caceres Ayala,SF,1.7,101.0,0.0,2.0,-2.0,0.0,47.5,-47.5
2480240,17,979770,MELILLA CIUDAD DEL DEPORTE LA SALLE,AWAY,1756623,A. Hernangomez Geuer,SF,1946976,L. Moya Blanch,SF,1454479,A. Senosiain Vergarachea,SF,2814864,R. Monteiro Da Silva,SF,2648563,M. D'Urso Vallina,SF,2.3,143.0,2.0,0.0,2.0,33.6,0.0,33.6
2480240,17,979770,MELILLA CIUDAD DEL DEPORTE LA SALLE,AWAY,1756623,A. Hernangomez Geuer,SF,2104399,C. Garcia Muñoz,SF,1454479,A. Senosiain Vergarachea,SF,2814864,R. Monteiro Da Silva,SF,2648563,M. D'Urso Vallina,SF,2.6,157.0,4.0,2.0,2.0,61.1,30.6,30.6
2480240,17,979770,MELILLA CIUDAD DEL DEPORTE LA SALLE,AWAY,1756623,A. Hernangomez Geuer,SF,2104399,C. Garcia Muñoz,SF,1713801,C. Torrubia Cano,SF,1454479,A. Senosiain Vergarachea,SF,2648563,M. D'Urso Vallina,SF,4.1,250.0,6.0,3.0,3.0,57.6,28.8,28.8
2480240,17,979770,MELILLA CIUDAD DEL DEPORTE LA SALLE,AWAY,2104399,C. Garcia Muñoz,SF,1756623,A. Hernangomez Geuer,SF,1454479,A. Senosiain Vergarachea,SF,1829640,A. Sanchez Davila,SF,1587316,C. Caceres Ayala,SF,7.0,422.0,9.0,7.0,2.0,51.2,39.8,11.4
2480240,17,979770,MELILLA CIUDAD DEL DEPORTE LA SALLE,AWAY,2432929,M. Davydova,SF,1756623,A. Hernangomez Geuer,SF,1454479,A. Senosiain Vergarachea,SF,1829640,A. Sanchez Davila,SF,2648563,M. D'Urso Vallina,SF,2.4,144.0,3.0,3.0,0.0,50.0,50.0,0.0
2480240,17,979770,MELILLA CIUDAD DEL DEPORTE LA SALLE,AWAY,2432929,M. Davydova,SF,1756623,A. Hernangomez Geuer,SF,1454479,A. Senosiain Vergarachea,SF,2814864,R. Monteiro Da Silva,SF,1587316,C. Caceres Ayala,SF,0.2,15.0,2.0,1.0,1.0,320.0,160.0,160.0
2480240,17,979770,MELILLA CIUDAD DEL DEPORTE LA SALLE,AWAY,2432929,M. Davydova,SF,1756623,A. Hernangomez Geuer,SF,1454479,A. Senosiain Vergarachea,SF,2814864,R. Monteiro Da Silva,SF,2648563,M. D'Urso Vallina,SF,4.9,293.0,7.0,7.0,0.0,57.3,57.3,0.0
2480240,17,979770,MELILLA CIUDAD DEL DEPORTE LA SALLE,AWAY,2432929,M. Davydova,SF,1946976,L. Moya Blanch,SF,1454479,A. Senosiain Vergarachea,SF,1829640,A. Sanchez Davila,SF,2814864,R. Monteiro Da Silva,SF,2.2,127.0,2.0,2.0,0.0,37.8,37.8,0.0
2480240,17,979770,MELILLA CIUDAD DEL DEPORTE LA SALLE,AWAY,2432929,M. Davydova,SF,1946976,L. Moya Blanch,SF,1454479,A. Senosiain Vergarachea,SF,2814864,R. Monteiro Da Silva,SF,1587316,C. Caceres Ayala,SF,0.5,31.0,0.0,0.0,0.0,0.0,0.0,0.0
2480240,17,979770,MELILLA CIUDAD DEL DEPORTE LA SALLE,AWAY,2432929,M. Davydova,SF,1946976,L. Moya Blanch,SF,1454479,A. Senosiain Vergarachea,SF,2814864,R. Monteiro Da Silva,SF,1829640,A. Sanchez Davila,SF,1.4,83.0,3.0,0.0,3.0,86.7,0.0,86.7
2480240,17,979770,MELILLA CIUDAD DEL DEPORTE LA SALLE,AWAY,2432929,M. Davydova,SF,1946976,L. Moya Blanch,SF,1454479,A. Senosiain Vergarachea,SF,2814864,R. Monteiro Da Silva,SF,2648563,M. D'Urso Vallina,SF,6.6,398.0,10.0,10.0,0.0,60.3,60.3,0.0
2480240,17,979770,MELILLA CIUDAD DEL DEPORTE LA SALLE,AWAY,2432929,M. Davydova,SF,1946976,L. Moya Blanch,SF,2814864,R. Monteiro Da Silva,SF,1587316,C. Caceres Ayala,SF,1829640,A. Sanchez Davila,SF,3.9,236.0,3.0,8.0,-5.0,30.5,81.4,-50.8
2480240,17,981288,SERNOVA RENOVABLES REAL CANOE,HOME,2097038,P. De Mier Espina,SF,1787143,C. Mato De Prada,SF,1242234,C. Rodriguez Nuñez,SF,2818945,O. Santana Moldavsky,SF,1859345,L. Fleta Robles,SF,9.1,550.0,10.0,10.0,0.0,43.6,43.6,0.0
2480240,17,981288,SERNOVA RENOVABLES REAL CANOE,HOME,2097038,P. De Mier Espina,SF,1787143,C. Mato De Prada,SF,1927626,C. Flores Garcia,SF,1242234,C. Rodriguez Nuñez,SF,2818945,O. Santana Moldavsky,SF,0.5,29.0,0.0,2.0,-2.0,0.0,165.5,-165.5
2480240,17,981288,SERNOVA RENOVABLES REAL CANOE,HOME,2097038,P. De Mier Espina,SF,2021397,A. Esnal Aguirre,SF,1242234,C. Rodriguez Nuñez,SF,2818945,O. Santana Moldavsky,SF,1859345,L. Fleta Robles,SF,2.3,139.0,2.0,3.0,-1.0,34.5,51.8,-17.3
2480240,17,981288,SERNOVA RENOVABLES REAL CANOE,HOME,2097038,P. De Mier Espina,SF,2021397,A. Esnal Aguirre,SF,1787143,C. Mato De Prada,SF,1242234,C. Rodriguez Nuñez,SF,2818945,O. Santana Moldavsky,SF,6.4,382.0,10.0,8.0,2.0,62.8,50.3,12.6
2480240,17,981288,SERNOVA RENOVABLES REAL CANOE,HOME,2097038,P. De Mier Espina,SF,2021397,A. Esnal Aguirre,SF,1787143,C. Mato De Prada,SF,1927626,C. Flores Garcia,SF,1242234,C. Rodriguez Nuñez,SF,7.6,467.0,7.0,8.0,-1.0,36.0,41.1,-5.1
2480240,17,981288,SERNOVA RENOVABLES REAL CANOE,HOME,2097038,P. De Mier Espina,SF,2021397,A. Esnal Aguirre,SF,1787143,C. Mato De Prada,SF,1927626,C. Flores Garcia,SF,1859345,L. Fleta Robles,SF,0.1,6.0,2.0,0.0,2.0,800.0,0.0,800.0
2480240,17,981288,SERNOVA RENOVABLES REAL CANOE,HOME,2097038,P. De Mier Espina,SF,2021397,A. Esnal Aguirre,SF,1927626,C. Flores Garcia,SF,1242234,C. Rodriguez Nuñez,SF,2818945,O. Santana Moldavsky,SF,2.9,174.0,2.0,4.0,-2.0,27.6,55.2,-27.6
2480240,17,981288,SERNOVA RENOVABLES REAL CANOE,HOME,2215525,T. Mbomio Ada,SF,2097038,P. De Mier Espina,SF,2021397,A. Esnal Aguirre,SF,1242234,C. Rodriguez Nuñez,SF,1859345,L. Fleta Robles,SF,1.9,111.0,2.0,2.0,0.0,43.2,43.2,0.0
2480240,17,981288,SERNOVA RENOVABLES REAL CANOE,HOME,2215525,T. Mbomio Ada,SF,2097038,P. De Mier Espina,SF,2021397,A. Esnal Aguirre,SF,1787143,C. Mato De Prada,SF,1242234,C. Rodriguez Nuñez,SF,0.7,42.0,1.0,0.0,1.0,57.1,0.0,57.1
2480240,17,981288,SERNOVA RENOVABLES REAL CANOE,HOME,2215525,T. Mbomio Ada,SF,2097038,P. De Mier Espina,SF,2021397,A. Esnal Aguirre,SF,1787143,C. Mato De Prada,SF,1927626,C. Flores Garcia,SF,6.6,400.0,6.0,11.0,-5.0,36.0,66.0,-30.0
2480240,17,981288,SERNOVA RENOVABLES REAL CANOE,HOME,2215525,T. Mbomio Ada,SF,2097038,P. De Mier Espina,SF,2021397,A. Esnal Aguirre,SF,1927626,C. Flores Garcia,SF,1242234,C. Rodriguez Nuñez,SF,1.7,100.0,3.0,3.0,0.0,72.0,72.0,0.0
2480241,18,981206,MCR LIMA-HORTA BARCELONA,AWAY,1494221,L. Soler Madariaga,SF,1908281,M. Aguado Tortella,SF,1886093,E. Escuder Gonzalez,SF,1958425,L. Roig I Salrach,SF,2042157,C. Ripoll Moya,SF,2.5,148.0,5.0,4.0,1.0,81.1,64.9,16.2
2480241,18,981206,MCR LIMA-HORTA BARCELONA,AWAY,1494221,L. Soler Madariaga,SF,1908281,M. Aguado Tortella,SF,1959765,J. Rueda Choni,SF,1958425,L. Roig I Salrach,SF,2042157,C. Ripoll Moya,SF,0.8,45.0,0.0,0.0,0.0,0.0,0.0,0.0
2480241,18,981206,MCR LIMA-HORTA BARCELONA,AWAY,1494221,L. Soler Madariaga,SF,1908281,M. Aguado Tortella,SF,1968768,I. Subirats Teruel,SF,1958425,L. Roig I Salrach,SF,2042157,C. Ripoll Moya,SF,1.6,94.0,4.0,4.0,0.0,102.1,102.1,0.0
2480241,18,981206,MCR LIMA-HORTA BARCELONA,AWAY,2049841,E. Trawally Porta,SF,1494221,L. Soler Madariaga,SF,1908281,M. Aguado Tortella,SF,1886093,E. Escuder Gonzalez,SF,1958425,L. Roig I Salrach,SF,1.8,105.0,0.0,2.0,-2.0,0.0,45.7,-45.7
2480241,18,981206,MCR LIMA-HORTA BARCELONA,AWAY,2049841,E. Trawally Porta,SF,1494221,L. Soler Madariaga,SF,1908281,M. Aguado Tortella,SF,1959765,J. Rueda Choni,SF,1912814,N. Barrientos Pereira,SF,3.1,185.0,5.0,2.0,3.0,64.9,25.9,38.9
2480241,18,981206,MCR LIMA-HORTA BARCELONA,AWAY,2049841,E. Trawally Porta,SF,1494221,L. Soler Madariaga,SF,1908281,M. Aguado Tortella,SF,1968768,I. Subirats Teruel,SF,1958425,L. Roig I Salrach,SF,0.3,18.0,3.0,0.0,3.0,400.0,0.0,400.0
2480241,18,981206,MCR LIMA-HORTA BARCELONA,AWAY,2049841,E. Trawally Porta,SF,1908281,M. Aguado Tortella,SF,1959765,J. Rueda Choni,SF,1968768,I. Subirats Teruel,SF,1958425,L. Roig I Salrach,SF,0.9,50.0,2.0,2.0,0.0,96.0,96.0,0.0
2480241,18,981206,MCR LIMA-HORTA BARCELONA,AWAY,2235190,E. Morales López,SF,1494221,L. Soler Madariaga,SF,1908281,M. Aguado Tortella,SF,1958425,L. Roig I Salrach,SF,1912814,N. Barrientos Pereira,SF,1.4,80.0,4.0,2.0,2.0,120.0,60.0,60.0
2480241,18,981206,MCR LIMA-HORTA BARCELONA,AWAY,2235190,E. Morales López,SF,1494221,L. Soler Madariaga,SF,1908281,M. Aguado Tortella,SF,1959765,J. Rueda Choni,SF,1912814,N. Barrientos Pereira,SF,0.7,40.0,3.0,0.0,3.0,180.0,0.0,180.0
2480241,18,981206,MCR LIMA-HORTA BARCELONA,AWAY,2235190,E. Morales López,SF,1494221,L. Soler Madariaga,SF,1908281,M. Aguado Tortella,SF,1959765,J. Rueda Choni,SF,1958425,L. Roig I Salrach,SF,1.3,76.0,0.0,2.0,-2.0,0.0,63.2,-63.2
2480241,18,981206,MCR LIMA-HORTA BARCELONA,AWAY,2235190,E. Morales López,SF,1908281,M. Aguado Tortella,SF,1968768,I. Subirats Teruel,SF,1959765,J. Rueda Choni,SF,1958425,L. Roig I Salrach,SF,3.3,195.0,3.0,8.0,-5.0,36.9,98.5,-61.5
2480241,18,981206,MCR LIMA-HORTA BARCELONA,AWAY,2235190,E. Morales López,SF,2049841,E. Trawally Porta,SF,1908281,M. Aguado Tortella,SF,1959765,J. Rueda Choni,SF,1958425,L. Roig I Salrach,SF,3.3,203.0,3.0,2.0,1.0,35.5,23.6,11.8
2480241,18,981206,MCR LIMA-HORTA BARCELONA,AWAY,2235190,E. Morales López,SF,2049841,E. Trawally Porta,SF,1908281,M. Aguado Tortella,SF,1968768,I. Subirats Teruel,SF,1958425,L. Roig I Salrach,SF,3.3,197.0,5.0,1.0,4.0,60.9,12.2,48.7
2480241,18,981206,MCR LIMA-HORTA BARCELONA,AWAY,2235190,E. Morales López,SF,2049841,E. Trawally Porta,SF,1908281,M. Aguado Tortella,SF,1968768,I. Subirats Teruel,SF,1959765,J. Rueda Choni,SF,3.2,192.0,4.0,2.0,2.0,50.0,25.0,25.0
2480241,18,981206,MCR LIMA-HORTA BARCELONA,AWAY,2235190,E. Morales López,SF,2049841,E. Trawally Porta,SF,1959765,J. Rueda Choni,SF,1912814,N. Barrientos Pereira,SF,2042157,C. Ripoll Moya,SF,1.5,92.0,2.0,3.0,-1.0,52.2,78.3,-26.1
2480241,18,981206,MCR LIMA-HORTA BARCELONA,AWAY,2235190,E. Morales López,SF,2049841,E. Trawally Porta,SF,1959765,J. Rueda Choni,SF,1958425,L. Roig I Salrach,SF,1912814,N. Barrientos Pereira,SF,0.6,35.0,2.0,0.0,2.0,137.1,0.0,137.1
2480241,18,981206,MCR LIMA-HORTA BARCELONA,AWAY,2235190,E. Morales López,SF,2049841,E. Trawally Porta,SF,1959765,J. Rueda Choni,SF,1968768,I. Subirats Teruel,SF,1912814,N. Barrientos Pereira,SF,3.9,234.0,7.0,0.0,7.0,71.8,0.0,71.8
2480241,18,981206,MCR LIMA-HORTA BARCELONA,AWAY,2235190,E. Morales López,SF,2049841,E. Trawally Porta,SF,1968768,I. Subirats Teruel,SF,1959765,J. Rueda Choni,SF,1912814,N. Barrientos Pereira,SF,1.8,109.0,0.0,2.0,-2.0,0.0,44.0,-44.0
2480241,18,981206,MCR LIMA-HORTA BARCELONA,AWAY,2235190,E. Morales López,SF,2049841,E. Trawally Porta,SF,1968768,I. Subirats Teruel,SF,1959765,J. Rueda Choni,SF,1958425,L. Roig I Salrach,SF,5.0,302.0,14.0,6.0,8.0,111.3,47.7,63.6
2480241,18,981288,SERNOVA RENOVABLES REAL CANOE,HOME,2097038,P. De Mier Espina,SF,1787143,C. Mato De Prada,SF,1242234,C. Rodriguez Nuñez,SF,2866005,E. Zemoura,SF,1859345,L. Fleta Robles,SF,1.2,67.0,0.0,5.0,-5.0,0.0,179.1,-179.1
2480241,18,981288,SERNOVA RENOVABLES REAL CANOE,HOME,2097038,P. De Mier Espina,SF,1787143,C. Mato De Prada,SF,1927626,C. Flores Garcia,SF,1242234,C. Rodriguez Nuñez,SF,2185085,A. Hernandez Casa,SF,0.3,20.0,0.0,0.0,0.0,0.0,0.0,0.0
2480241,18,981288,SERNOVA RENOVABLES REAL CANOE,HOME,2097038,P. De Mier Espina,SF,1787143,C. Mato De Prada,SF,1927626,C. Flores Garcia,SF,1242234,C. Rodriguez Nuñez,SF,2818945,O. Santana Moldavsky,SF,4.7,283.0,4.0,7.0,-3.0,33.9,59.4,-25.4
2480241,18,981288,SERNOVA RENOVABLES REAL CANOE,HOME,2097038,P. De Mier Espina,SF,1787143,C. Mato De Prada,SF,1927626,C. Flores Garcia,SF,1242234,C. Rodriguez Nuñez,SF,2866005,E. Zemoura,SF,1.6,101.0,2.0,2.0,0.0,47.5,47.5,0.0
2480241,18,981288,SERNOVA RENOVABLES REAL CANOE,HOME,2097038,P. De Mier Espina,SF,1787143,C. Mato De Prada,SF,2021397,A. Esnal Aguirre,SF,1242234,C. Rodriguez Nuñez,SF,2866005,E. Zemoura,SF,3.4,205.0,4.0,10.0,-6.0,46.8,117.1,-70.2
2480241,18,981288,SERNOVA RENOVABLES REAL CANOE,HOME,2097038,P. De Mier Espina,SF,1927626,C. Flores Garcia,SF,1242234,C. Rodriguez Nuñez,SF,2866005,E. Zemoura,SF,1859345,L. Fleta Robles,SF,3.7,215.0,6.0,4.0,2.0,67.0,44.7,22.3
2480241,18,981288,SERNOVA RENOVABLES REAL CANOE,HOME,2097038,P. De Mier Espina,SF,2021397,A. Esnal Aguirre,SF,1787143,C. Mato De Prada,SF,1242234,C. Rodriguez Nuñez,SF,2818945,O. Santana Moldavsky,SF,2.1,127.0,1.0,2.0,-1.0,18.9,37.8,-18.9
2480241,18,981288,SERNOVA RENOVABLES REAL CANOE,HOME,2097038,P. De Mier Espina,SF,2021397,A. Esnal Aguirre,SF,1787143,C. Mato De Prada,SF,1242234,C. Rodriguez Nuñez,SF,2866005,E. Zemoura,SF,3.1,184.0,0.0,7.0,-7.0,0.0,91.3,-91.3
2480241,18,981288,SERNOVA RENOVABLES REAL CANOE,HOME,2097038,P. De Mier Espina,SF,2021397,A. Esnal Aguirre,SF,1787143,C. Mato De Prada,SF,1927626,C. Flores Garcia,SF,1242234,C. Rodriguez Nuñez,SF,7.1,415.0,12.0,13.0,-1.0,69.4,75.2,-5.8
2480241,18,981288,SERNOVA RENOVABLES REAL CANOE,HOME,2097038,P. De Mier Espina,SF,2021397,A. Esnal Aguirre,SF,1927626,C. Flores Garcia,SF,1242234,C. Rodriguez Nuñez,SF,2866005,E. Zemoura,SF,2.1,126.0,0.0,3.0,-3.0,0.0,57.1,-57.1
2480241,18,981288,SERNOVA RENOVABLES REAL CANOE,HOME,2215525,T. Mbomio Ada,SF,2097038,P. De Mier Espina,SF,1787143,C. Mato De Prada,SF,1242234,C. Rodriguez Nuñez,SF,2866005,E. Zemoura,SF,2.5,150.0,4.0,0.0,4.0,64.0,0.0,64.0
2480241,18,981288,SERNOVA RENOVABLES REAL CANOE,HOME,2215525,T. Mbomio Ada,SF,2097038,P. De Mier Espina,SF,1787143,C. Mato De Prada,SF,1927626,C. Flores Garcia,SF,2818945,O. Santana Moldavsky,SF,3.3,197.0,1.0,5.0,-4.0,12.2,60.9,-48.7
2480241,18,981288,SERNOVA RENOVABLES REAL CANOE,HOME,2215525,T. Mbomio Ada,SF,2097038,P. De Mier Espina,SF,1787143,C. Mato De Prada,SF,2021397,A. Esnal Aguirre,SF,2866005,E. Zemoura,SF,1.8,107.0,4.0,6.0,-2.0,89.7,134.6,-44.9
2480241,18,981288,SERNOVA RENOVABLES REAL CANOE,HOME,2215525,T. Mbomio Ada,SF,2097038,P. De Mier Espina,SF,2021397,A. Esnal Aguirre,SF,1787143,C. Mato De Prada,SF,1927626,C. Flores Garcia,SF,1.5,90.0,4.0,0.0,4.0,106.7,0.0,106.7
2480241,18,981288,SERNOVA RENOVABLES REAL CANOE,HOME,2215525,T. Mbomio Ada,SF,2097038,P. De Mier Espina,SF,2021397,A. Esnal Aguirre,SF,1787143,C. Mato De Prada,SF,2866005,E. Zemoura,SF,1.9,113.0,0.0,2.0,-2.0,0.0,42.5,-42.5
2480242,18,979770,MELILLA CIUDAD DEL DEPORTE LA SALLE,HOME,1713801,C. Torrubia Cano,SF,2104399,C. Garcia Muñoz,SF,1946976,L. Moya Blanch,SF,1454479,A. Senosiain Vergarachea,SF,1587316,C. Caceres Ayala,SF,0.3,17.0,1.0,0.0,1.0,141.2,0.0,141.2
2480242,18,979770,MELILLA CIUDAD DEL DEPORTE LA SALLE,HOME,1756623,A. Hernangomez Geuer,SF,1946976,L. Moya Blanch,SF,1454479,A. Senosiain Vergarachea,SF,1829640,A. Sanchez Davila,SF,2814864,R. Monteiro Da Silva,SF,1.6,94.0,5.0,4.0,1.0,127.7,102.1,25.5
2480242,18,979770,MELILLA CIUDAD DEL DEPORTE LA SALLE,HOME,1756623,A. Hernangomez Geuer,SF,1946976,L. Moya Blanch,SF,1454479,A. Senosiain Vergarachea,SF,2814864,R. Monteiro Da Silva,SF,2648563,M. D'Urso Vallina,SF,1.7,103.0,0.0,2.0,-2.0,0.0,46.6,-46.6
2480242,18,979770,MELILLA CIUDAD DEL DEPORTE LA SALLE,HOME,1756623,A. Hernangomez Geuer,SF,2104399,C. Garcia Muñoz,SF,1454479,A. Senosiain Vergarachea,SF,1587316,C. Caceres Ayala,SF,2648563,M. D'Urso Vallina,SF,1.0,58.0,0.0,0.0,0.0,0.0,0.0,0.0
2480242,18,979770,MELILLA CIUDAD DEL DEPORTE LA SALLE,HOME,1756623,A. Hernangomez Geuer,SF,2104399,C. Garcia Muñoz,SF,1454479,A. Senosiain Vergarachea,SF,1829640,A. Sanchez Davila,SF,1587316,C. Caceres Ayala,SF,0.3,16.0,0.0,2.0,-2.0,0.0,300.0,-300.0
2480242,18,979770,MELILLA CIUDAD DEL DEPORTE LA SALLE,HOME,1756623,A. Hernangomez Geuer,SF,2104399,C. Garcia Muñoz,SF,1454479,A. Senosiain Vergarachea,SF,2814864,R. Monteiro Da Silva,SF,2648563,M. D'Urso Vallina,SF,5.4,322.0,8.0,5.0,3.0,59.6,37.3,22.4
2480242,18,979770,MELILLA CIUDAD DEL DEPORTE LA SALLE,HOME,1756623,A. Hernangomez Geuer,SF,2104399,C. Garcia Muñoz,SF,1713801,C. Torrubia Cano,SF,1454479,A. Senosiain Vergarachea,SF,1829640,A. Sanchez Davila,SF,0.2,14.0,1.0,0.0,1.0,171.4,0.0,171.4
2480242,18,979770,MELILLA CIUDAD DEL DEPORTE LA SALLE,HOME,1756623,A. Hernangomez Geuer,SF,2104399,C. Garcia Muñoz,SF,1713801,C. Torrubia Cano,SF,1454479,A. Senosiain Vergarachea,SF,2648563,M. D'Urso Vallina,SF,5.0,304.0,4.0,5.0,-1.0,31.6,39.5,-7.9
2480242,18,979770,MELILLA CIUDAD DEL DEPORTE LA SALLE,HOME,2104399,C. Garcia Muñoz,SF,1946976,L. Moya Blanch,SF,1454479,A. Senosiain Vergarachea,SF,1829640,A. Sanchez Davila,SF,1587316,C. Caceres Ayala,SF,3.2,197.0,4.0,7.0,-3.0,48.7,85.3,-36.5
2480242,18,979770,MELILLA CIUDAD DEL DEPORTE LA SALLE,HOME,2104399,C. Garcia Muñoz,SF,1946976,L. Moya Blanch,SF,1454479,A. Senosiain Vergarachea,SF,1829640,A. Sanchez Davila,SF,2814864,R. Monteiro Da Silva,SF,0.6,37.0,0.0,0.0,0.0,0.0,0.0,0.0
2480242,18,979770,MELILLA CIUDAD DEL DEPORTE LA SALLE,HOME,2432929,M. Davydova,SF,1454479,A. Senosiain Vergarachea,SF,1829640,A. Sanchez Davila,SF,2814864,R. Monteiro Da Silva,SF,1587316,C. Caceres Ayala,SF,1.6,95.0,4.0,0.0,4.0,101.1,0.0,101.1
2480242,18,979770,MELILLA CIUDAD DEL DEPORTE LA SALLE,HOME,2432929,M. Davydova,SF,1454479,A. Senosiain Vergarachea,SF,1829640,A. Sanchez Davila,SF,2814864,R. Monteiro Da Silva,SF,2648563,M. D'Urso Vallina,SF,0.7,40.0,0.0,0.0,0.0,0.0,0.0,0.0
2480242,18,979770,MELILLA CIUDAD DEL DEPORTE LA SALLE,HOME,2432929,M. Davydova,SF,1756623,A. Hernangomez Geuer,SF,1454479,A. Senosiain Vergarachea,SF,1829640,A. Sanchez Davila,SF,2814864,R. Monteiro Da Silva,SF,1.0,62.0,0.0,0.0,0.0,0.0,0.0,0.0
2480242,18,979770,MELILLA CIUDAD DEL DEPORTE LA SALLE,HOME,2432929,M. Davydova,SF,1756623,A. Hernangomez Geuer,SF,1454479,A. Senosiain Vergarachea,SF,2814864,R. Monteiro Da Silva,SF,2648563,M. D'Urso Vallina,SF,6.8,415.0,13.0,3.0,10.0,75.2,17.3,57.8
2480242,18,979770,MELILLA CIUDAD DEL DEPORTE LA SALLE,HOME,2432929,M. Davydova,SF,1946976,L. Moya Blanch,SF,1454479,A. Senosiain Vergarachea,SF,1829640,A. Sanchez Davila,SF,2814864,R. Monteiro Da Silva,SF,1.4,88.0,0.0,4.0,-4.0,0.0,109.1,-109.1
2480242,18,979770,MELILLA CIUDAD DEL DEPORTE LA SALLE,HOME,2432929,M. Davydova,SF,1946976,L. Moya Blanch,SF,1454479,A. Senosiain Vergarachea,SF,2814864,R. Monteiro Da Silva,SF,1587316,C. Caceres Ayala,SF,1.9,113.0,0.0,4.0,-4.0,0.0,85.0,-85.0
2480242,18,979770,MELILLA CIUDAD DEL DEPORTE LA SALLE,HOME,2432929,M. Davydova,SF,1946976,L. Moya Blanch,SF,1454479,A. Senosiain Vergarachea,SF,2814864,R. Monteiro Da Silva,SF,2648563,M. D'Urso Vallina,SF,3.2,194.0,5.0,2.0,3.0,61.9,24.7,37.1
2480242,18,979770,MELILLA CIUDAD DEL DEPORTE LA SALLE,HOME,2432929,M. Davydova,SF,1946976,L. Moya Blanch,SF,2814864,R. Monteiro Da Silva,SF,1587316,C. Caceres Ayala,SF,1829640,A. Sanchez Davila,SF,3.9,231.0,6.0,10.0,-4.0,62.3,103.9,-41.6
2480242,18,979988,FUSTECMA NBF CASTELLÓ,AWAY,1680760,S. Carli Del Pino,SF,2087212,L. Ruiz De La Hermosa Arce,SF,2274867,L. De Giacomo,SF,2827468,A. Bourgarel Aparicio,SF,1618451,L. Campos De Bengoa,SF,1.4,85.0,0.0,2.0,-2.0,0.0,56.5,-56.5
2480242,18,979988,FUSTECMA NBF CASTELLÓ,AWAY,1680760,S. Carli Del Pino,SF,2131367,S. Basaez Narvaez,SF,2087212,L. Ruiz De La Hermosa Arce,SF,1460562,C. Perez Relancio,SF,2144678,L. Jovena Meseguer,SF,3.3,200.0,3.0,4.0,-1.0,36.0,48.0,-12.0
2480242,18,979988,FUSTECMA NBF CASTELLÓ,AWAY,1680760,S. Carli Del Pino,SF,2131367,S. Basaez Narvaez,SF,2087212,L. Ruiz De La Hermosa Arce,SF,2274867,L. De Giacomo,SF,1618451,L. Campos De Bengoa,SF,0.5,31.0,1.0,0.0,1.0,77.4,0.0,77.4
2480242,18,979988,FUSTECMA NBF CASTELLÓ,AWAY,1680760,S. Carli Del Pino,SF,2131367,S. Basaez Narvaez,SF,2087212,L. Ruiz De La Hermosa Arce,SF,2274867,L. De Giacomo,SF,2827468,A. Bourgarel Aparicio,SF,1.9,115.0,2.0,2.0,0.0,41.7,41.7,0.0
2480242,18,979988,FUSTECMA NBF CASTELLÓ,AWAY,1680760,S. Carli Del Pino,SF,2131367,S. Basaez Narvaez,SF,2274867,L. De Giacomo,SF,2144678,L. Jovena Meseguer,SF,2827468,A. Bourgarel Aparicio,SF,0.4,23.0,0.0,0.0,0.0,0.0,0.0,0.0
2480242,18,979988,FUSTECMA NBF CASTELLÓ,AWAY,1680760,S. Carli Del Pino,SF,2829993,G. Aiello,SF,1460562,C. Perez Relancio,SF,2827468,A. Bourgarel Aparicio,SF,1618451,L. Campos De Bengoa,SF,2.5,150.0,0.0,2.0,-2.0,0.0,32.0,-32.0
2480242,18,979988,FUSTECMA NBF CASTELLÓ,AWAY,1680760,S. Carli Del Pino,SF,2829993,G. Aiello,SF,2131367,S. Basaez Narvaez,SF,1460562,C. Perez Relancio,SF,1618451,L. Campos De Bengoa,SF,1.7,106.0,4.0,0.0,4.0,90.6,0.0,90.6
2480242,18,979988,FUSTECMA NBF CASTELLÓ,AWAY,1680760,S. Carli Del Pino,SF,2829993,G. Aiello,SF,2131367,S. Basaez Narvaez,SF,2087212,L. Ruiz De La Hermosa Arce,SF,1460562,C. Perez Relancio,SF,4.4,264.0,9.0,7.0,2.0,81.8,63.6,18.2
2480242,18,979988,FUSTECMA NBF CASTELLÓ,AWAY,1680760,S. Carli Del Pino,SF,2829993,G. Aiello,SF,2131367,S. Basaez Narvaez,SF,2087212,L. Ruiz De La Hermosa Arce,SF,1618451,L. Campos De Bengoa,SF,0.5,31.0,0.0,2.0,-2.0,0.0,154.8,-154.8
2480242,18,979988,FUSTECMA NBF CASTELLÓ,AWAY,1680760,S. Carli Del Pino,SF,2829993,G. Aiello,SF,2131367,S. Basaez Narvaez,SF,2087212,L. Ruiz De La Hermosa Arce,SF,2274867,L. De Giacomo,SF,0.4,26.0,2.0,2.0,0.0,184.6,184.6,0.0
2480242,18,979988,FUSTECMA NBF CASTELLÓ,AWAY,1680760,S. Carli Del Pino,SF,2829993,G. Aiello,SF,2131367,S. Basaez Narvaez,SF,2274867,L. De Giacomo,SF,1618451,L. Campos De Bengoa,SF,2.1,128.0,1.0,0.0,1.0,18.8,0.0,18.8
2480242,18,979988,FUSTECMA NBF CASTELLÓ,AWAY,1680760,S. Carli Del Pino,SF,2829993,G. Aiello,SF,2131367,S. Basaez Narvaez,SF,2274867,L. De Giacomo,SF,2087212,L. Ruiz De La Hermosa Arce,SF,1.3,77.0,2.0,0.0,2.0,62.3,0.0,62.3
2480242,18,979988,FUSTECMA NBF CASTELLÓ,AWAY,1680760,S. Carli Del Pino,SF,2829993,G. Aiello,SF,2131367,S. Basaez Narvaez,SF,2827468,A. Bourgarel Aparicio,SF,1618451,L. Campos De Bengoa,SF,1.1,64.0,0.0,2.0,-2.0,0.0,75.0,-75.0
2480242,18,979988,FUSTECMA NBF CASTELLÓ,AWAY,1680760,S. Carli Del Pino,SF,2829993,G. Aiello,SF,2274867,L. De Giacomo,SF,2827468,A. Bourgarel Aparicio,SF,1618451,L. Campos De Bengoa,SF,6.6,394.0,10.0,13.0,-3.0,60.9,79.2,-18.3
2480242,18,979988,FUSTECMA NBF CASTELLÓ,AWAY,1932094,J. Gomez Guimera,SF,1680760,S. Carli Del Pino,SF,2131367,S. Basaez Narvaez,SF,2087212,L. Ruiz De La Hermosa Arce,SF,1460562,C. Perez Relancio,SF,1.9,117.0,2.0,4.0,-2.0,41.0,82.1,-41.0
2480242,18,979988,FUSTECMA NBF CASTELLÓ,AWAY,1932094,J. Gomez Guimera,SF,1680760,S. Carli Del Pino,SF,2131367,S. Basaez Narvaez,SF,2144678,L. Jovena Meseguer,SF,2827468,A. Bourgarel Aparicio,SF,0.4,29.0,0.0,1.0,-1.0,0.0,82.8,-82.8
2480242,18,979988,FUSTECMA NBF CASTELLÓ,AWAY,1932094,J. Gomez Guimera,SF,1680760,S. Carli Del Pino,SF,2131367,S. Basaez Narvaez,SF,2274867,L. De Giacomo,SF,1460562,C. Perez Relancio,SF,0.3,17.0,0.0,1.0,-1.0,0.0,141.2,-141.2
2480242,18,979988,FUSTECMA NBF CASTELLÓ,AWAY,1932094,J. Gomez Guimera,SF,1680760,S. Carli Del Pino,SF,2131367,S. Basaez Narvaez,SF,2274867,L. De Giacomo,SF,2827468,A. Bourgarel Aparicio,SF,0.9,54.0,0.0,2.0,-2.0,0.0,88.9,-88.9
2480242,18,979988,FUSTECMA NBF CASTELLÓ,AWAY,1932094,J. Gomez Guimera,SF,1680760,S. Carli Del Pino,SF,2131367,S. Basaez Narvaez,SF,2829993,G. Aiello,SF,2827468,A. Bourgarel Aparicio,SF,2.6,154.0,7.0,0.0,7.0,109.1,0.0,109.1
2480242,18,979988,FUSTECMA NBF CASTELLÓ,AWAY,1932094,J. Gomez Guimera,SF,1680760,S. Carli Del Pino,SF,2829993,G. Aiello,SF,2131367,S. Basaez Narvaez,SF,1618451,L. Campos De Bengoa,SF,0.4,26.0,0.0,0.0,0.0,0.0,0.0,0.0
2480242,18,979988,FUSTECMA NBF CASTELLÓ,AWAY,1932094,J. Gomez Guimera,SF,1680760,S. Carli Del Pino,SF,2829993,G. Aiello,SF,2131367,S. Basaez Narvaez,SF,2087212,L. Ruiz De La Hermosa Arce,SF,0.6,37.0,0.0,0.0,0.0,0.0,0.0,0.0
2480242,18,979988,FUSTECMA NBF CASTELLÓ,AWAY,1932094,J. Gomez Guimera,SF,1680760,S. Carli Del Pino,SF,2829993,G. Aiello,SF,2131367,S. Basaez Narvaez,SF,2274867,L. De Giacomo,SF,0.5,27.0,0.0,3.0,-3.0,0.0,266.7,-266.7
2480242,18,979988,FUSTECMA NBF CASTELLÓ,AWAY,1932094,J. Gomez Guimera,SF,1680760,S. Carli Del Pino,SF,2829993,G. Aiello,SF,2274867,L. De Giacomo,SF,2827468,A. Bourgarel Aparicio,SF,4.1,245.0,5.0,4.0,1.0,49.0,39.2,9.8
2480243,18,979971,OSES CONSTRUCCION,AWAY,1044456,M. Asurmendi Villaverde,SF,2432778,J. Mungo Lanzetti,SF,1824910,S. Castro Marrero,SF,2432513,V. Llorente,SF,2561102,M. Blanco Morcillo,SF,1.2,77.0,0.0,2.0,-2.0,0.0,62.3,-62.3
2480243,18,979971,OSES CONSTRUCCION,AWAY,1588922,L. Gutierrez Lancho,SF,1044456,M. Asurmendi Villaverde,SF,2432778,J. Mungo Lanzetti,SF,1824910,S. Castro Marrero,SF,1820835,A. Wone Aranaz,SF,0.7,40.0,0.0,0.0,0.0,0.0,0.0,0.0
2480243,18,979971,OSES CONSTRUCCION,AWAY,1588922,L. Gutierrez Lancho,SF,1044456,M. Asurmendi Villaverde,SF,2432778,J. Mungo Lanzetti,SF,1824910,S. Castro Marrero,SF,2432513,V. Llorente,SF,3.0,180.0,2.0,5.0,-3.0,26.7,66.7,-40.0
2480243,18,979971,OSES CONSTRUCCION,AWAY,1588922,L. Gutierrez Lancho,SF,2364706,F. Parra,SF,1044456,M. Asurmendi Villaverde,SF,1593987,M. Recarte Mendive,SF,1820835,A. Wone Aranaz,SF,3.3,196.0,2.0,9.0,-7.0,24.5,110.2,-85.7
2480243,18,979971,OSES CONSTRUCCION,AWAY,1588922,L. Gutierrez Lancho,SF,2364706,F. Parra,SF,1044456,M. Asurmendi Villaverde,SF,2432778,J. Mungo Lanzetti,SF,1820835,A. Wone Aranaz,SF,3.1,187.0,4.0,6.0,-2.0,51.3,77.0,-25.7
2480243,18,979971,OSES CONSTRUCCION,AWAY,1588922,L. Gutierrez Lancho,SF,2364706,F. Parra,SF,1044456,M. Asurmendi Villaverde,SF,2432778,J. Mungo Lanzetti,SF,2432513,V. Llorente,SF,0.2,12.0,0.0,2.0,-2.0,0.0,400.0,-400.0
2480243,18,979971,OSES CONSTRUCCION,AWAY,1588922,L. Gutierrez Lancho,SF,2432778,J. Mungo Lanzetti,SF,1824910,S. Castro Marrero,SF,2432513,V. Llorente,SF,2561102,M. Blanco Morcillo,SF,0.4,23.0,0.0,2.0,-2.0,0.0,208.7,-208.7
2480243,18,979971,OSES CONSTRUCCION,AWAY,1588922,L. Gutierrez Lancho,SF,2432778,J. Mungo Lanzetti,SF,1824910,S. Castro Marrero,SF,2561102,M. Blanco Morcillo,SF,2432513,V. Llorente,SF,4.8,291.0,18.0,11.0,7.0,148.5,90.7,57.7
2480243,18,979971,OSES CONSTRUCCION,AWAY,1588922,L. Gutierrez Lancho,SF,2432778,J. Mungo Lanzetti,SF,2561102,M. Blanco Morcillo,SF,2432513,V. Llorente,SF,1824910,S. Castro Marrero,SF,6.7,399.0,17.0,7.0,10.0,102.3,42.1,60.2
2480243,18,979971,OSES CONSTRUCCION,AWAY,1588922,L. Gutierrez Lancho,SF,2561097,A. Diez Pastor,SF,2432778,J. Mungo Lanzetti,SF,2561102,M. Blanco Morcillo,SF,1824910,S. Castro Marrero,SF,0.8,48.0,2.0,0.0,2.0,100.0,0.0,100.0
2480243,18,979971,OSES CONSTRUCCION,AWAY,1588922,L. Gutierrez Lancho,SF,2561097,A. Diez Pastor,SF,2561102,M. Blanco Morcillo,SF,2432513,V. Llorente,SF,1824910,S. Castro Marrero,SF,2.6,153.0,7.0,0.0,7.0,109.8,0.0,109.8
2480243,18,979971,OSES CONSTRUCCION,AWAY,2364706,F. Parra,SF,1044456,M. Asurmendi Villaverde,SF,1824910,S. Castro Marrero,SF,1593987,M. Recarte Mendive,SF,1820835,A. Wone Aranaz,SF,0.6,34.0,2.0,0.0,2.0,141.2,0.0,141.2
2480243,18,979971,OSES CONSTRUCCION,AWAY,2364706,F. Parra,SF,1044456,M. Asurmendi Villaverde,SF,2432778,J. Mungo Lanzetti,SF,1824910,S. Castro Marrero,SF,1820835,A. Wone Aranaz,SF,0.9,57.0,0.0,4.0,-4.0,0.0,168.4,-168.4
2480243,18,979971,OSES CONSTRUCCION,AWAY,2364706,F. Parra,SF,1044456,M. Asurmendi Villaverde,SF,2561097,A. Diez Pastor,SF,1593987,M. Recarte Mendive,SF,1820835,A. Wone Aranaz,SF,3.0,184.0,2.0,8.0,-6.0,26.1,104.3,-78.3
2480243,18,979971,OSES CONSTRUCCION,AWAY,2364706,F. Parra,SF,2432778,J. Mungo Lanzetti,SF,1824910,S. Castro Marrero,SF,2432513,V. Llorente,SF,2561102,M. Blanco Morcillo,SF,3.1,190.0,6.0,5.0,1.0,75.8,63.2,12.6
2480243,18,979971,OSES CONSTRUCCION,AWAY,2364706,F. Parra,SF,2432778,J. Mungo Lanzetti,SF,1824910,S. Castro Marrero,SF,2561102,M. Blanco Morcillo,SF,2432513,V. Llorente,SF,1.6,96.0,6.0,3.0,3.0,150.0,75.0,75.0
2480243,18,979971,OSES CONSTRUCCION,AWAY,2561097,A. Diez Pastor,SF,2432778,J. Mungo Lanzetti,SF,1824910,S. Castro Marrero,SF,2432513,V. Llorente,SF,2561102,M. Blanco Morcillo,SF,3.9,233.0,9.0,6.0,3.0,92.7,61.8,30.9
2480243,18,981208,ALTER ENERSUN AL-QÁZERES EXTREMADURA,HOME,1860325,L. Fontela Cabaleiro,SF,2815153,V. Gauna,SF,1112483,L. Mendez Lamas,SF,1902336,N. Liste Alfonsin,SF,2815234,I. Tavares Ramos,SF,0.9,57.0,0.0,0.0,0.0,0.0,0.0,0.0
2480243,18,981208,ALTER ENERSUN AL-QÁZERES EXTREMADURA,HOME,1860325,L. Fontela Cabaleiro,SF,2815153,V. Gauna,SF,1902336,N. Liste Alfonsin,SF,2432389,J. De Barros Filipe,SF,1889214,C. Prieto Pereda,SF,1.0,60.0,0.0,2.0,-2.0,0.0,80.0,-80.0
2480243,18,981208,ALTER ENERSUN AL-QÁZERES EXTREMADURA,HOME,1860325,L. Fontela Cabaleiro,SF,2815153,V. Gauna,SF,1902336,N. Liste Alfonsin,SF,2815234,I. Tavares Ramos,SF,1889214,C. Prieto Pereda,SF,0.2,12.0,2.0,0.0,2.0,400.0,0.0,400.0
2480243,18,981208,ALTER ENERSUN AL-QÁZERES EXTREMADURA,HOME,1860325,L. Fontela Cabaleiro,SF,2815153,V. Gauna,SF,1902336,N. Liste Alfonsin,SF,2815234,I. Tavares Ramos,SF,2044012,C. Suárez Fernández,SF,1.4,83.0,4.0,0.0,4.0,115.7,0.0,115.7
2480243,18,981208,ALTER ENERSUN AL-QÁZERES EXTREMADURA,HOME,1860325,L. Fontela Cabaleiro,SF,2815153,V. Gauna,SF,1902336,N. Liste Alfonsin,SF,2815234,I. Tavares Ramos,SF,2432389,J. De Barros Filipe,SF,5.4,323.0,7.0,13.0,-6.0,52.0,96.6,-44.6
2480243,18,981208,ALTER ENERSUN AL-QÁZERES EXTREMADURA,HOME,1860325,L. Fontela Cabaleiro,SF,2815153,V. Gauna,SF,2432389,J. De Barros Filipe,SF,1112483,L. Mendez Lamas,SF,2815234,I. Tavares Ramos,SF,4.9,296.0,11.0,18.0,-7.0,89.2,145.9,-56.8
2480243,18,981208,ALTER ENERSUN AL-QÁZERES EXTREMADURA,HOME,1860325,L. Fontela Cabaleiro,SF,2815153,V. Gauna,SF,2432389,J. De Barros Filipe,SF,1902336,N. Liste Alfonsin,SF,1112483,L. Mendez Lamas,SF,3.9,233.0,6.0,9.0,-3.0,61.8,92.7,-30.9
2480243,18,981208,ALTER ENERSUN AL-QÁZERES EXTREMADURA,HOME,1860325,L. Fontela Cabaleiro,SF,2815153,V. Gauna,SF,2432389,J. De Barros Filipe,SF,1902336,N. Liste Alfonsin,SF,2815234,I. Tavares Ramos,SF,1.5,91.0,3.0,6.0,-3.0,79.1,158.2,-79.1
2480243,18,981208,ALTER ENERSUN AL-QÁZERES EXTREMADURA,HOME,2056237,L. Salmeron Segu,SF,1860325,L. Fontela Cabaleiro,SF,1902336,N. Liste Alfonsin,SF,1112483,L. Mendez Lamas,SF,1889214,C. Prieto Pereda,SF,2.7,162.0,4.0,2.0,2.0,59.3,29.6,29.6
2480243,18,981208,ALTER ENERSUN AL-QÁZERES EXTREMADURA,HOME,2056237,L. Salmeron Segu,SF,1860325,L. Fontela Cabaleiro,SF,1902336,N. Liste Alfonsin,SF,2432389,J. De Barros Filipe,SF,1889214,C. Prieto Pereda,SF,6.3,376.0,14.0,7.0,7.0,89.4,44.7,44.7
2480243,18,981208,ALTER ENERSUN AL-QÁZERES EXTREMADURA,HOME,2056237,L. Salmeron Segu,SF,1860325,L. Fontela Cabaleiro,SF,2432389,J. De Barros Filipe,SF,1112483,L. Mendez Lamas,SF,1902336,N. Liste Alfonsin,SF,0.2,10.0,0.0,0.0,0.0,0.0,0.0,0.0
2480243,18,981208,ALTER ENERSUN AL-QÁZERES EXTREMADURA,HOME,2056237,L. Salmeron Segu,SF,1860325,L. Fontela Cabaleiro,SF,2432389,J. De Barros Filipe,SF,1902336,N. Liste Alfonsin,SF,1889214,C. Prieto Pereda,SF,0.9,50.0,0.0,0.0,0.0,0.0,0.0,0.0
2480243,18,981208,ALTER ENERSUN AL-QÁZERES EXTREMADURA,HOME,2056237,L. Salmeron Segu,SF,1860325,L. Fontela Cabaleiro,SF,2815153,V. Gauna,SF,1902336,N. Liste Alfonsin,SF,1889214,C. Prieto Pereda,SF,2.0,122.0,3.0,2.0,1.0,59.0,39.3,19.7
2480243,18,981208,ALTER ENERSUN AL-QÁZERES EXTREMADURA,HOME,2056237,L. Salmeron Segu,SF,1860325,L. Fontela Cabaleiro,SF,2815153,V. Gauna,SF,1902336,N. Liste Alfonsin,SF,2815234,I. Tavares Ramos,SF,0.4,23.0,0.0,6.0,-6.0,0.0,626.1,-626.1
2480243,18,981208,ALTER ENERSUN AL-QÁZERES EXTREMADURA,HOME,2056237,L. Salmeron Segu,SF,1860325,L. Fontela Cabaleiro,SF,2815153,V. Gauna,SF,2432389,J. De Barros Filipe,SF,1902336,N. Liste Alfonsin,SF,3.5,215.0,10.0,4.0,6.0,111.6,44.7,67.0
2480243,18,981208,ALTER ENERSUN AL-QÁZERES EXTREMADURA,HOME,2056237,L. Salmeron Segu,SF,2432389,J. De Barros Filipe,SF,1112483,L. Mendez Lamas,SF,1902336,N. Liste Alfonsin,SF,2815234,I. Tavares Ramos,SF,1.1,68.0,0.0,2.0,-2.0,0.0,70.6,-70.6
2480243,18,981208,ALTER ENERSUN AL-QÁZERES EXTREMADURA,HOME,2056237,L. Salmeron Segu,SF,2432389,J. De Barros Filipe,SF,1902336,N. Liste Alfonsin,SF,2815234,I. Tavares Ramos,SF,1889214,C. Prieto Pereda,SF,1.5,91.0,2.0,2.0,0.0,52.7,52.7,0.0
2480243,18,981208,ALTER ENERSUN AL-QÁZERES EXTREMADURA,HOME,2056237,L. Salmeron Segu,SF,2815153,V. Gauna,SF,1112483,L. Mendez Lamas,SF,1902336,N. Liste Alfonsin,SF,2815234,I. Tavares Ramos,SF,0.6,37.0,0.0,2.0,-2.0,0.0,129.7,-129.7
2480243,18,981208,ALTER ENERSUN AL-QÁZERES EXTREMADURA,HOME,2056237,L. Salmeron Segu,SF,2815153,V. Gauna,SF,1902336,N. Liste Alfonsin,SF,2815234,I. Tavares Ramos,SF,1889214,C. Prieto Pereda,SF,0.6,34.0,0.0,2.0,-2.0,0.0,141.2,-141.2
2480243,18,981208,ALTER ENERSUN AL-QÁZERES EXTREMADURA,HOME,2056237,L. Salmeron Segu,SF,2815153,V. Gauna,SF,2432389,J. De Barros Filipe,SF,1902336,N. Liste Alfonsin,SF,2815234,I. Tavares Ramos,SF,0.9,57.0,4.0,0.0,4.0,168.4,0.0,168.4
2480244,18,979919,RECOLETAS ZAMORA,HOME,1599354,A. Tainta Lizalde,SF,2239381,D. Angel Villen,SF,2110765,A. Perez Relancio,SF,2561100,F. Pouye,SF,1259670,B. Sanchez Marrufo,SF,0.2,14.0,0.0,0.0,0.0,0.0,0.0,0.0
2480244,18,979919,RECOLETAS ZAMORA,HOME,1599354,A. Tainta Lizalde,SF,2239381,D. Angel Villen,SF,2734310,E. Resende Carregosa,SF,2110765,A. Perez Relancio,SF,2561100,F. Pouye,SF,0.7,43.0,0.0,3.0,-3.0,0.0,167.4,-167.4
2480244,18,979919,RECOLETAS ZAMORA,HOME,1599354,A. Tainta Lizalde,SF,2239381,D. Angel Villen,SF,2734310,E. Resende Carregosa,SF,2185038,V. Alonso Escobar,SF,2379459,L. Sahagun Bernal,SF,0.2,11.0,0.0,0.0,0.0,0.0,0.0,0.0
2480244,18,979919,RECOLETAS ZAMORA,HOME,1599354,A. Tainta Lizalde,SF,2239381,D. Angel Villen,SF,2734310,E. Resende Carregosa,SF,2379459,L. Sahagun Bernal,SF,1259670,B. Sanchez Marrufo,SF,1.0,58.0,1.0,0.0,1.0,41.4,0.0,41.4
2480244,18,979919,RECOLETAS ZAMORA,HOME,1599354,A. Tainta Lizalde,SF,2239381,D. Angel Villen,SF,2734310,E. Resende Carregosa,SF,2561100,F. Pouye,SF,1259670,B. Sanchez Marrufo,SF,1.6,99.0,2.0,5.0,-3.0,48.5,121.2,-72.7
2480244,18,979919,RECOLETAS ZAMORA,HOME,1599354,A. Tainta Lizalde,SF,2432306,F. Niski Castelao,SF,2110765,A. Perez Relancio,SF,2509640,E. Tamames Corral,SF,2561100,F. Pouye,SF,0.1,7.0,0.0,0.0,0.0,0.0,0.0,0.0
2480244,18,979919,RECOLETAS ZAMORA,HOME,1599354,A. Tainta Lizalde,SF,2432306,F. Niski Castelao,SF,2110765,A. Perez Relancio,SF,2561100,F. Pouye,SF,1259670,B. Sanchez Marrufo,SF,1.7,100.0,1.0,4.0,-3.0,24.0,96.0,-72.0
2480244,18,979919,RECOLETAS ZAMORA,HOME,1599354,A. Tainta Lizalde,SF,2432306,F. Niski Castelao,SF,2239381,D. Angel Villen,SF,2110765,A. Perez Relancio,SF,2185038,V. Alonso Escobar,SF,0.8,51.0,6.0,2.0,4.0,282.4,94.1,188.2
2480244,18,979919,RECOLETAS ZAMORA,HOME,1599354,A. Tainta Lizalde,SF,2432306,F. Niski Castelao,SF,2239381,D. Angel Villen,SF,2110765,A. Perez Relancio,SF,2509640,E. Tamames Corral,SF,0.2,10.0,0.0,0.0,0.0,0.0,0.0,0.0
2480244,18,979919,RECOLETAS ZAMORA,HOME,1599354,A. Tainta Lizalde,SF,2432306,F. Niski Castelao,SF,2239381,D. Angel Villen,SF,2110765,A. Perez Relancio,SF,2561100,F. Pouye,SF,3.4,205.0,6.0,10.0,-4.0,70.2,117.1,-46.8
2480244,18,979919,RECOLETAS ZAMORA,HOME,1599354,A. Tainta Lizalde,SF,2432306,F. Niski Castelao,SF,2239381,D. Angel Villen,SF,2561100,F. Pouye,SF,1259670,B. Sanchez Marrufo,SF,2.6,159.0,0.0,2.0,-2.0,0.0,30.2,-30.2
2480244,18,979919,RECOLETAS ZAMORA,HOME,1599354,A. Tainta Lizalde,SF,2432306,F. Niski Castelao,SF,2239381,D. Angel Villen,SF,2734310,E. Resende Carregosa,SF,2561100,F. Pouye,SF,0.1,9.0,5.0,2.0,3.0,1333.3,533.3,800.0
2480244,18,979919,RECOLETAS ZAMORA,HOME,1599354,A. Tainta Lizalde,SF,2432306,F. Niski Castelao,SF,2734310,E. Resende Carregosa,SF,2110765,A. Perez Relancio,SF,2561100,F. Pouye,SF,1.8,110.0,1.0,1.0,0.0,21.8,21.8,0.0
2480244,18,979919,RECOLETAS ZAMORA,HOME,1599354,A. Tainta Lizalde,SF,2432306,F. Niski Castelao,SF,2734310,E. Resende Carregosa,SF,2561100,F. Pouye,SF,1259670,B. Sanchez Marrufo,SF,4.9,299.0,12.0,9.0,3.0,96.3,72.2,24.1
2480244,18,979919,RECOLETAS ZAMORA,HOME,1599354,A. Tainta Lizalde,SF,2817152,F. Filor,SF,2239381,D. Angel Villen,SF,2734310,E. Resende Carregosa,SF,1259670,B. Sanchez Marrufo,SF,7.2,429.0,7.0,10.0,-3.0,39.2,55.9,-16.8
2480244,18,979919,RECOLETAS ZAMORA,HOME,1599354,A. Tainta Lizalde,SF,2817152,F. Filor,SF,2239381,D. Angel Villen,SF,2734310,E. Resende Carregosa,SF,2110765,A. Perez Relancio,SF,1.4,84.0,1.0,3.0,-2.0,28.6,85.7,-57.1
2480244,18,979919,RECOLETAS ZAMORA,HOME,1599354,A. Tainta Lizalde,SF,2817152,F. Filor,SF,2239381,D. Angel Villen,SF,2734310,E. Resende Carregosa,SF,2561100,F. Pouye,SF,0.4,24.0,0.0,2.0,-2.0,0.0,200.0,-200.0
2480244,18,979919,RECOLETAS ZAMORA,HOME,1599354,A. Tainta Lizalde,SF,2817152,F. Filor,SF,2432306,F. Niski Castelao,SF,2110765,A. Perez Relancio,SF,2561100,F. Pouye,SF,1.1,69.0,0.0,2.0,-2.0,0.0,69.6,-69.6
2480244,18,979919,RECOLETAS ZAMORA,HOME,1599354,A. Tainta Lizalde,SF,2817152,F. Filor,SF,2432306,F. Niski Castelao,SF,2239381,D. Angel Villen,SF,1259670,B. Sanchez Marrufo,SF,1.3,79.0,2.0,6.0,-4.0,60.8,182.3,-121.5
2480244,18,979919,RECOLETAS ZAMORA,HOME,1599354,A. Tainta Lizalde,SF,2817152,F. Filor,SF,2432306,F. Niski Castelao,SF,2239381,D. Angel Villen,SF,2110765,A. Perez Relancio,SF,2.1,122.0,0.0,4.0,-4.0,0.0,78.7,-78.7
2480244,18,979919,RECOLETAS ZAMORA,HOME,1599354,A. Tainta Lizalde,SF,2817152,F. Filor,SF,2432306,F. Niski Castelao,SF,2239381,D. Angel Villen,SF,2561100,F. Pouye,SF,0.4,26.0,0.0,0.0,0.0,0.0,0.0,0.0
2480244,18,979919,RECOLETAS ZAMORA,HOME,1599354,A. Tainta Lizalde,SF,2817152,F. Filor,SF,2432306,F. Niski Castelao,SF,2239381,D. Angel Villen,SF,2734310,E. Resende Carregosa,SF,0.4,28.0,2.0,3.0,-1.0,171.4,257.1,-85.7
2480244,18,979919,RECOLETAS ZAMORA,HOME,1599354,A. Tainta Lizalde,SF,2817152,F. Filor,SF,2432306,F. Niski Castelao,SF,2734310,E. Resende Carregosa,SF,1259670,B. Sanchez Marrufo,SF,1.8,109.0,3.0,5.0,-2.0,66.1,110.1,-44.0
2480244,18,979919,RECOLETAS ZAMORA,HOME,1599354,A. Tainta Lizalde,SF,2817152,F. Filor,SF,2432306,F. Niski Castelao,SF,2734310,E. Resende Carregosa,SF,2110765,A. Perez Relancio,SF,0.7,42.0,0.0,0.0,0.0,0.0,0.0,0.0
2480244,18,979919,RECOLETAS ZAMORA,HOME,1599354,A. Tainta Lizalde,SF,2817152,F. Filor,SF,2734310,E. Resende Carregosa,SF,2110765,A. Perez Relancio,SF,2509640,E. Tamames Corral,SF,1.8,108.0,0.0,2.0,-2.0,0.0,44.4,-44.4
2480244,18,979919,RECOLETAS ZAMORA,HOME,1599354,A. Tainta Lizalde,SF,2817152,F. Filor,SF,2734310,E. Resende Carregosa,SF,2110765,A. Perez Relancio,SF,2561100,F. Pouye,SF,1.8,105.0,2.0,2.0,0.0,45.7,45.7,0.0
2480244,18,981492,CELTA  FEMXA ZORKA,AWAY,2049773,D. Bermejo Escribano,SF,2179984,U. Rodríguez Silva,SF,2276545,M. Vizmanos Iglesis,SF,2121212,P. Salinas Mascuñana,SF,2814638,J. Kelliher,SF,2.2,134.0,5.0,1.0,4.0,89.6,17.9,71.6
2480244,18,981492,CELTA  FEMXA ZORKA,AWAY,2179703,N. Martínez Quintana,SF,2049773,D. Bermejo Escribano,SF,2179984,U. Rodríguez Silva,SF,2276545,M. Vizmanos Iglesis,SF,2121212,P. Salinas Mascuñana,SF,4.1,245.0,4.0,7.0,-3.0,39.2,68.6,-29.4
2480244,18,981492,CELTA  FEMXA ZORKA,AWAY,2644595,I. Vennema,SF,1898932,M. Gea Becerra,SF,2121212,P. Salinas Mascuñana,SF,2814638,J. Kelliher,SF,2651124,A. Boquete Manna,SF,1.9,114.0,3.0,1.0,2.0,63.2,21.1,42.1
2480244,18,981492,CELTA  FEMXA ZORKA,AWAY,2644595,I. Vennema,SF,1898932,M. Gea Becerra,SF,2276545,M. Vizmanos Iglesis,SF,2121212,P. Salinas Mascuñana,SF,2651124,A. Boquete Manna,SF,2.4,146.0,5.0,2.0,3.0,82.2,32.9,49.3
2480244,18,981492,CELTA  FEMXA ZORKA,AWAY,2644595,I. Vennema,SF,1898932,M. Gea Becerra,SF,2276545,M. Vizmanos Iglesis,SF,2121212,P. Salinas Mascuñana,SF,2814638,J. Kelliher,SF,3.8,229.0,1.0,5.0,-4.0,10.5,52.4,-41.9
2480244,18,981492,CELTA  FEMXA ZORKA,AWAY,2644595,I. Vennema,SF,2049773,D. Bermejo Escribano,SF,1898932,M. Gea Becerra,SF,2276545,M. Vizmanos Iglesis,SF,2121212,P. Salinas Mascuñana,SF,1.1,67.0,5.0,3.0,2.0,179.1,107.5,71.6
2480244,18,981492,CELTA  FEMXA ZORKA,AWAY,2743289,D. Cabrera Baccon,SF,1898932,M. Gea Becerra,SF,2121212,P. Salinas Mascuñana,SF,2814638,J. Kelliher,SF,2651124,A. Boquete Manna,SF,1.7,102.0,4.0,7.0,-3.0,94.1,164.7,-70.6
2480244,18,981492,CELTA  FEMXA ZORKA,AWAY,2743289,D. Cabrera Baccon,SF,2049773,D. Bermejo Escribano,SF,2121212,P. Salinas Mascuñana,SF,2814638,J. Kelliher,SF,2651124,A. Boquete Manna,SF,3.4,206.0,10.0,8.0,2.0,116.5,93.2,23.3
2480244,18,981492,CELTA  FEMXA ZORKA,AWAY,2743289,D. Cabrera Baccon,SF,2049773,D. Bermejo Escribano,SF,2179984,U. Rodríguez Silva,SF,2121212,P. Salinas Mascuñana,SF,2814638,J. Kelliher,SF,1.9,112.0,6.0,0.0,6.0,128.6,0.0,128.6
2480244,18,981492,CELTA  FEMXA ZORKA,AWAY,2743289,D. Cabrera Baccon,SF,2049773,D. Bermejo Escribano,SF,2179984,U. Rodríguez Silva,SF,2276545,M. Vizmanos Iglesis,SF,2121212,P. Salinas Mascuñana,SF,1.3,79.0,6.0,2.0,4.0,182.3,60.8,121.5
2480244,18,981492,CELTA  FEMXA ZORKA,AWAY,2743289,D. Cabrera Baccon,SF,2049773,D. Bermejo Escribano,SF,2179984,U. Rodríguez Silva,SF,2814638,J. Kelliher,SF,2651124,A. Boquete Manna,SF,4.0,242.0,4.0,7.0,-3.0,39.7,69.4,-29.8
2480244,18,981492,CELTA  FEMXA ZORKA,AWAY,2743289,D. Cabrera Baccon,SF,2179984,U. Rodríguez Silva,SF,1898932,M. Gea Becerra,SF,2121212,P. Salinas Mascuñana,SF,2814638,J. Kelliher,SF,1.3,77.0,0.0,0.0,0.0,0.0,0.0,0.0
2480244,18,981492,CELTA  FEMXA ZORKA,AWAY,2743289,D. Cabrera Baccon,SF,2644595,I. Vennema,SF,1898932,M. Gea Becerra,SF,2121212,P. Salinas Mascuñana,SF,2651124,A. Boquete Manna,SF,0.8,51.0,2.0,0.0,2.0,94.1,0.0,94.1
2480244,18,981492,CELTA  FEMXA ZORKA,AWAY,2743289,D. Cabrera Baccon,SF,2644595,I. Vennema,SF,1898932,M. Gea Becerra,SF,2121212,P. Salinas Mascuñana,SF,2814638,J. Kelliher,SF,1.1,67.0,4.0,2.0,2.0,143.3,71.6,71.6
2480244,18,981492,CELTA  FEMXA ZORKA,AWAY,2743289,D. Cabrera Baccon,SF,2644595,I. Vennema,SF,2049773,D. Bermejo Escribano,SF,1898932,M. Gea Becerra,SF,2121212,P. Salinas Mascuñana,SF,2.3,142.0,8.0,2.0,6.0,135.2,33.8,101.4
2480244,18,981492,CELTA  FEMXA ZORKA,AWAY,2743289,D. Cabrera Baccon,SF,2644595,I. Vennema,SF,2049773,D. Bermejo Escribano,SF,2179984,U. Rodríguez Silva,SF,2121212,P. Salinas Mascuñana,SF,2.0,125.0,2.0,2.0,0.0,38.4,38.4,0.0
2480244,18,981492,CELTA  FEMXA ZORKA,AWAY,2743289,D. Cabrera Baccon,SF,2644595,I. Vennema,SF,2179984,U. Rodríguez Silva,SF,1898932,M. Gea Becerra,SF,2121212,P. Salinas Mascuñana,SF,4.4,262.0,8.0,2.0,6.0,73.3,18.3,55.0
2480245,18,979952,LA LAGUNA TOYOTA  ADAREVA,AWAY,1128614,I. Arregui Mariezcurrena,SF,1379088,P. Soler Suarez,SF,1884959,M. Luque Caballero,SF,2432295,B. Stevanovic,SF,1613926,M. Gomez Fernandez,SF,6.6,392.0,8.0,20.0,-12.0,49.0,122.4,-73.5
2480245,18,979952,LA LAGUNA TOYOTA  ADAREVA,AWAY,1128614,I. Arregui Mariezcurrena,SF,1613926,M. Gomez Fernandez,SF,1884959,M. Luque Caballero,SF,1379088,P. Soler Suarez,SF,2432295,B. Stevanovic,SF,6.8,409.0,4.0,15.0,-11.0,23.5,88.0,-64.5
2480245,18,979952,LA LAGUNA TOYOTA  ADAREVA,AWAY,1613926,M. Gomez Fernandez,SF,1128614,I. Arregui Mariezcurrena,SF,1379088,P. Soler Suarez,SF,1884959,M. Luque Caballero,SF,2432295,B. Stevanovic,SF,3.6,219.0,4.0,11.0,-7.0,43.8,120.5,-76.7
2480245,18,979952,LA LAGUNA TOYOTA  ADAREVA,AWAY,1613926,M. Gomez Fernandez,SF,1884959,M. Luque Caballero,SF,1379088,P. Soler Suarez,SF,1878753,N. Ibañez Silvestre,SF,2246211,L. Yohann Siverio,SF,9.3,553.0,25.0,18.0,7.0,108.5,78.1,30.4
2480245,18,979952,LA LAGUNA TOYOTA  ADAREVA,AWAY,1613926,M. Gomez Fernandez,SF,1884959,M. Luque Caballero,SF,1379088,P. Soler Suarez,SF,2246211,L. Yohann Siverio,SF,2432295,B. Stevanovic,SF,4.0,238.0,6.0,5.0,1.0,60.5,50.4,10.1
2480245,18,979952,LA LAGUNA TOYOTA  ADAREVA,AWAY,2639428,C. Parisi,SF,1379088,P. Soler Suarez,SF,1884959,M. Luque Caballero,SF,1878753,N. Ibañez Silvestre,SF,2432295,B. Stevanovic,SF,1.1,67.0,0.0,0.0,0.0,0.0,0.0,0.0
2480245,18,979952,LA LAGUNA TOYOTA  ADAREVA,AWAY,2639428,C. Parisi,SF,1379088,P. Soler Suarez,SF,1884959,M. Luque Caballero,SF,2432295,B. Stevanovic,SF,2735173,M. Forsyth,SF,4.3,259.0,7.0,14.0,-7.0,64.9,129.7,-64.9
2480245,18,979952,LA LAGUNA TOYOTA  ADAREVA,AWAY,2639428,C. Parisi,SF,1379088,P. Soler Suarez,SF,2246211,L. Yohann Siverio,SF,2432295,B. Stevanovic,SF,2735173,M. Forsyth,SF,2.0,118.0,1.0,5.0,-4.0,20.3,101.7,-81.4
2480245,18,979952,LA LAGUNA TOYOTA  ADAREVA,AWAY,2639428,C. Parisi,SF,1613926,M. Gomez Fernandez,SF,1379088,P. Soler Suarez,SF,1884959,M. Luque Caballero,SF,1878753,N. Ibañez Silvestre,SF,0.8,49.0,0.0,2.0,-2.0,0.0,98.0,-98.0
2480245,18,979952,LA LAGUNA TOYOTA  ADAREVA,AWAY,2639428,C. Parisi,SF,1613926,M. Gomez Fernandez,SF,1884959,M. Luque Caballero,SF,1878753,N. Ibañez Silvestre,SF,2735173,M. Forsyth,SF,1.5,92.0,2.0,6.0,-4.0,52.2,156.5,-104.3
2480245,18,979952,LA LAGUNA TOYOTA  ADAREVA,AWAY,2639428,C. Parisi,SF,1878753,N. Ibañez Silvestre,SF,2246211,L. Yohann Siverio,SF,2432295,B. Stevanovic,SF,2735173,M. Forsyth,SF,0.1,4.0,0.0,0.0,0.0,0.0,0.0,0.0
2480245,18,981213,AZULMARINO MALLORCA PALMA,HOME,2791252,A. Bulgak,SF,2793759,J. Asinde,SF,2815892,A. Siciliano,SF,975683,A. Torrens Salom,SF,1865395,M. Garcia Mateo,SF,34.6,2073.0,80.0,49.0,31.0,92.6,56.7,35.9
2480245,18,981213,AZULMARINO MALLORCA PALMA,HOME,2793759,J. Asinde,SF,975683,A. Torrens Salom,SF,1865395,M. Garcia Mateo,SF,1434977,C. Grande Pardo,SF,1527601,I. Junio Mbulito,SF,5.5,327.0,16.0,8.0,8.0,117.4,58.7,58.7
2480246,18,981306,CAJASOL BALONCESTO SEVILLA FEMENINO,HOME,1679391,M. Martinez Carranza,SF,2791616,L. Vorphal,SF,1999405,N. Anitua Garcia,SF,1836643,E. Fernandez Rubio,SF,1811227,C. Arfinengo Del Carpio,SF,0.9,53.0,0.0,1.0,-1.0,0.0,45.3,-45.3
2480246,18,981306,CAJASOL BALONCESTO SEVILLA FEMENINO,HOME,1679391,M. Martinez Carranza,SF,2791616,L. Vorphal,SF,1999405,N. Anitua Garcia,SF,1836643,E. Fernandez Rubio,SF,2053354,F. Gassama Dansoko,SF,12.2,740.0,23.0,20.0,3.0,74.6,64.9,9.7
2480246,18,981306,CAJASOL BALONCESTO SEVILLA FEMENINO,HOME,1679391,M. Martinez Carranza,SF,2791616,L. Vorphal,SF,2004240,N. Sanchez Robayo,SF,1999405,N. Anitua Garcia,SF,1836643,E. Fernandez Rubio,SF,26.8,1607.0,41.0,53.0,-12.0,61.2,79.2,-17.9
2480246,18,981346,LA CORDÁ DE PATERNA NB,AWAY,2049442,I. Broncano Avellaneda,SF,2173687,M. Llompart Perello,SF,1687305,L. Segura Moreno,SF,2031045,M. Galiana Miralles,SF,2071471,P. Saravia Logroño,SF,0.1,9.0,0.0,0.0,0.0,0.0,0.0,0.0
2480246,18,981346,LA CORDÁ DE PATERNA NB,AWAY,2049442,I. Broncano Avellaneda,SF,2173687,M. Llompart Perello,SF,2561096,A. Prim Giro,SF,2031045,M. Galiana Miralles,SF,2071471,P. Saravia Logroño,SF,2.5,153.0,5.0,5.0,0.0,78.4,78.4,0.0
2480246,18,981346,LA CORDÁ DE PATERNA NB,AWAY,2049442,I. Broncano Avellaneda,SF,2653963,A. Traore,SF,1632609,C. Che Tortola,SF,1687305,L. Segura Moreno,SF,2024557,M. Bleda Ortega,SF,8.3,499.0,12.0,14.0,-2.0,57.7,67.3,-9.6
2480246,18,981346,LA CORDÁ DE PATERNA NB,AWAY,2049442,I. Broncano Avellaneda,SF,2653963,A. Traore,SF,1632609,C. Che Tortola,SF,2173687,M. Llompart Perello,SF,2561096,A. Prim Giro,SF,1.2,72.0,3.0,2.0,1.0,100.0,66.7,33.3
2480246,18,981346,LA CORDÁ DE PATERNA NB,AWAY,2049442,I. Broncano Avellaneda,SF,2653963,A. Traore,SF,2173687,M. Llompart Perello,SF,1687305,L. Segura Moreno,SF,2024557,M. Bleda Ortega,SF,5.0,301.0,6.0,8.0,-2.0,47.8,63.8,-15.9
2480246,18,981346,LA CORDÁ DE PATERNA NB,AWAY,2049442,I. Broncano Avellaneda,SF,2653963,A. Traore,SF,2173687,M. Llompart Perello,SF,1687305,L. Segura Moreno,SF,2071471,P. Saravia Logroño,SF,1.5,91.0,0.0,4.0,-4.0,0.0,105.5,-105.5
2480246,18,981346,LA CORDÁ DE PATERNA NB,AWAY,2049442,I. Broncano Avellaneda,SF,2653963,A. Traore,SF,2173687,M. Llompart Perello,SF,1687305,L. Segura Moreno,SF,2561096,A. Prim Giro,SF,1.7,103.0,2.0,0.0,2.0,46.6,0.0,46.6
2480246,18,981346,LA CORDÁ DE PATERNA NB,AWAY,2049442,I. Broncano Avellaneda,SF,2653963,A. Traore,SF,2173687,M. Llompart Perello,SF,2024557,M. Bleda Ortega,SF,2071471,P. Saravia Logroño,SF,0.2,14.0,0.0,0.0,0.0,0.0,0.0,0.0
2480246,18,981346,LA CORDÁ DE PATERNA NB,AWAY,2049442,I. Broncano Avellaneda,SF,2653963,A. Traore,SF,2173687,M. Llompart Perello,SF,2561096,A. Prim Giro,SF,2071471,P. Saravia Logroño,SF,0.1,4.0,1.0,0.0,1.0,600.0,0.0,600.0
2480246,18,981346,LA CORDÁ DE PATERNA NB,AWAY,2049442,I. Broncano Avellaneda,SF,2796302,P. Gabriel,SF,1632609,C. Che Tortola,SF,2173687,M. Llompart Perello,SF,2024557,M. Bleda Ortega,SF,0.8,48.0,3.0,0.0,3.0,150.0,0.0,150.0
2480246,18,981346,LA CORDÁ DE PATERNA NB,AWAY,2049442,I. Broncano Avellaneda,SF,2796302,P. Gabriel,SF,1632609,C. Che Tortola,SF,2173687,M. Llompart Perello,SF,2561096,A. Prim Giro,SF,0.8,51.0,0.0,0.0,0.0,0.0,0.0,0.0
2480246,18,981346,LA CORDÁ DE PATERNA NB,AWAY,2049442,I. Broncano Avellaneda,SF,2796302,P. Gabriel,SF,2173687,M. Llompart Perello,SF,1687305,L. Segura Moreno,SF,2024557,M. Bleda Ortega,SF,2.4,141.0,6.0,5.0,1.0,102.1,85.1,17.0
2480246,18,981346,LA CORDÁ DE PATERNA NB,AWAY,2049442,I. Broncano Avellaneda,SF,2796302,P. Gabriel,SF,2173687,M. Llompart Perello,SF,1687305,L. Segura Moreno,SF,2561096,A. Prim Giro,SF,2.1,124.0,4.0,4.0,0.0,77.4,77.4,0.0
2480246,18,981346,LA CORDÁ DE PATERNA NB,AWAY,2173687,M. Llompart Perello,SF,1687305,L. Segura Moreno,SF,2561096,A. Prim Giro,SF,2031045,M. Galiana Miralles,SF,2071471,P. Saravia Logroño,SF,0.4,22.0,2.0,2.0,0.0,218.2,218.2,0.0
2480246,18,981346,LA CORDÁ DE PATERNA NB,AWAY,2653963,A. Traore,SF,1632609,C. Che Tortola,SF,1687305,L. Segura Moreno,SF,2024557,M. Bleda Ortega,SF,2071471,P. Saravia Logroño,SF,1.5,90.0,4.0,1.0,3.0,106.7,26.7,80.0
2480246,18,981346,LA CORDÁ DE PATERNA NB,AWAY,2653963,A. Traore,SF,1632609,C. Che Tortola,SF,2173687,M. Llompart Perello,SF,1687305,L. Segura Moreno,SF,2024557,M. Bleda Ortega,SF,0.4,23.0,2.0,0.0,2.0,208.7,0.0,208.7
2480246,18,981346,LA CORDÁ DE PATERNA NB,AWAY,2796302,P. Gabriel,SF,1632609,C. Che Tortola,SF,1687305,L. Segura Moreno,SF,2024557,M. Bleda Ortega,SF,2561096,A. Prim Giro,SF,1.1,64.0,3.0,1.0,2.0,112.5,37.5,75.0
2480246,18,981346,LA CORDÁ DE PATERNA NB,AWAY,2796302,P. Gabriel,SF,1632609,C. Che Tortola,SF,2173687,M. Llompart Perello,SF,1687305,L. Segura Moreno,SF,2024557,M. Bleda Ortega,SF,2.8,170.0,8.0,3.0,5.0,112.9,42.4,70.6
2480246,18,981346,LA CORDÁ DE PATERNA NB,AWAY,2796302,P. Gabriel,SF,1632609,C. Che Tortola,SF,2561096,A. Prim Giro,SF,2031045,M. Galiana Miralles,SF,2071471,P. Saravia Logroño,SF,1.6,93.0,4.0,4.0,0.0,103.2,103.2,0.0
2480246,18,981346,LA CORDÁ DE PATERNA NB,AWAY,2796302,P. Gabriel,SF,2173687,M. Llompart Perello,SF,1687305,L. Segura Moreno,SF,2561096,A. Prim Giro,SF,2071471,P. Saravia Logroño,SF,0.3,21.0,0.0,0.0,0.0,0.0,0.0,0.0
2480246,18,981346,LA CORDÁ DE PATERNA NB,AWAY,2796302,P. Gabriel,SF,2173687,M. Llompart Perello,SF,2561096,A. Prim Giro,SF,2031045,M. Galiana Miralles,SF,2071471,P. Saravia Logroño,SF,5.1,307.0,9.0,11.0,-2.0,70.4,86.0,-15.6
2480247,18,979912,DOMUSA TEKNIK ISB,AWAY,1894119,S. Iparraguirre Alustiza,SF,1826917,J. Azcue Jauregui,SF,2818813,E. Lalotte,SF,2137901,M. Otaegi Albizu,SF,2818816,I. Araújo Gouveia Vieira,SF,2.1,122.0,5.0,5.0,0.0,98.4,98.4,0.0
2480247,18,979912,DOMUSA TEKNIK ISB,AWAY,1894119,S. Iparraguirre Alustiza,SF,2021400,M. Gutierrez Ibañez,SF,2145033,A. Lizundia Arozena,SF,2818813,E. Lalotte,SF,2818816,I. Araújo Gouveia Vieira,SF,3.3,200.0,4.0,12.0,-8.0,48.0,144.0,-96.0
2480247,18,979912,DOMUSA TEKNIK ISB,AWAY,1894119,S. Iparraguirre Alustiza,SF,2021400,M. Gutierrez Ibañez,SF,2818813,E. Lalotte,SF,2137901,M. Otaegi Albizu,SF,2818816,I. Araújo Gouveia Vieira,SF,2.0,122.0,4.0,4.0,0.0,78.7,78.7,0.0
2480247,18,979912,DOMUSA TEKNIK ISB,AWAY,1894119,S. Iparraguirre Alustiza,SF,2364470,G. Leaupepe,SF,1826917,J. Azcue Jauregui,SF,2818813,E. Lalotte,SF,2818816,I. Araújo Gouveia Vieira,SF,2.0,124.0,2.0,2.0,0.0,38.7,38.7,0.0
2480247,18,979912,DOMUSA TEKNIK ISB,AWAY,2364470,G. Leaupepe,SF,1826917,J. Azcue Jauregui,SF,2818813,E. Lalotte,SF,2137901,M. Otaegi Albizu,SF,2818816,I. Araújo Gouveia Vieira,SF,0.6,35.0,0.0,0.0,0.0,0.0,0.0,0.0
2480247,18,979912,DOMUSA TEKNIK ISB,AWAY,2364470,G. Leaupepe,SF,2021400,M. Gutierrez Ibañez,SF,1826917,J. Azcue Jauregui,SF,2818813,E. Lalotte,SF,1721468,C. Villamor Aparicio,SF,0.6,34.0,2.0,2.0,0.0,141.2,141.2,0.0
2480247,18,979912,DOMUSA TEKNIK ISB,AWAY,2364470,G. Leaupepe,SF,2021400,M. Gutierrez Ibañez,SF,1826917,J. Azcue Jauregui,SF,2818813,E. Lalotte,SF,2818816,I. Araújo Gouveia Vieira,SF,2.3,141.0,5.0,4.0,1.0,85.1,68.1,17.0
2480247,18,979912,DOMUSA TEKNIK ISB,AWAY,2364470,G. Leaupepe,SF,2021400,M. Gutierrez Ibañez,SF,2145033,A. Lizundia Arozena,SF,2818813,E. Lalotte,SF,2818816,I. Araújo Gouveia Vieira,SF,2.6,155.0,5.0,7.0,-2.0,77.4,108.4,-31.0
2480247,18,979912,DOMUSA TEKNIK ISB,AWAY,2364470,G. Leaupepe,SF,2145033,A. Lizundia Arozena,SF,1826917,J. Azcue Jauregui,SF,2818813,E. Lalotte,SF,2818816,I. Araújo Gouveia Vieira,SF,1.5,88.0,0.0,6.0,-6.0,0.0,163.6,-163.6
2480247,18,979912,DOMUSA TEKNIK ISB,AWAY,2364470,G. Leaupepe,SF,2145033,A. Lizundia Arozena,SF,2818813,E. Lalotte,SF,2021400,M. Gutierrez Ibañez,SF,2818816,I. Araújo Gouveia Vieira,SF,4.5,273.0,8.0,18.0,-10.0,70.3,158.2,-87.9
2480247,18,979912,DOMUSA TEKNIK ISB,AWAY,2818717,S. Van,SF,1894119,S. Iparraguirre Alustiza,SF,1826917,J. Azcue Jauregui,SF,1721468,C. Villamor Aparicio,SF,2137901,M. Otaegi Albizu,SF,3.2,196.0,6.0,3.0,3.0,73.5,36.7,36.7
2480247,18,979912,DOMUSA TEKNIK ISB,AWAY,2818717,S. Van,SF,1894119,S. Iparraguirre Alustiza,SF,2021400,M. Gutierrez Ibañez,SF,1826917,J. Azcue Jauregui,SF,1721468,C. Villamor Aparicio,SF,2.5,147.0,3.0,0.0,3.0,49.0,0.0,49.0
2480247,18,979912,DOMUSA TEKNIK ISB,AWAY,2818717,S. Van,SF,1894119,S. Iparraguirre Alustiza,SF,2364470,G. Leaupepe,SF,1826917,J. Azcue Jauregui,SF,1721468,C. Villamor Aparicio,SF,2.0,117.0,0.0,3.0,-3.0,0.0,61.5,-61.5
2480247,18,979912,DOMUSA TEKNIK ISB,AWAY,2818717,S. Van,SF,1894119,S. Iparraguirre Alustiza,SF,2364470,G. Leaupepe,SF,1826917,J. Azcue Jauregui,SF,2818816,I. Araújo Gouveia Vieira,SF,2.2,135.0,8.0,4.0,4.0,142.2,71.1,71.1
2480247,18,979912,DOMUSA TEKNIK ISB,AWAY,2818717,S. Van,SF,1894119,S. Iparraguirre Alustiza,SF,2818813,E. Lalotte,SF,1721468,C. Villamor Aparicio,SF,2137901,M. Otaegi Albizu,SF,5.1,303.0,8.0,6.0,2.0,63.4,47.5,15.8
2480247,18,979912,DOMUSA TEKNIK ISB,AWAY,2818717,S. Van,SF,2364470,G. Leaupepe,SF,1826917,J. Azcue Jauregui,SF,1721468,C. Villamor Aparicio,SF,2137901,M. Otaegi Albizu,SF,1.1,63.0,0.0,3.0,-3.0,0.0,114.3,-114.3
2480247,18,979912,DOMUSA TEKNIK ISB,AWAY,2818717,S. Van,SF,2364470,G. Leaupepe,SF,1826917,J. Azcue Jauregui,SF,2137901,M. Otaegi Albizu,SF,2818816,I. Araújo Gouveia Vieira,SF,2.4,145.0,6.0,4.0,2.0,99.3,66.2,33.1
2480247,18,981334,UNICAJA MIJAS,HOME,1884837,M. Roters Dubinina,SF,1723860,S. Galeron Alvarez,SF,2012623,S. Lo Sylla,SF,1949233,A. Orois Aznarez,SF,1994192,E. Moreno Fernandez,SF,0.5,30.0,0.0,2.0,-2.0,0.0,160.0,-160.0
2480247,18,981334,UNICAJA MIJAS,HOME,1884837,M. Roters Dubinina,SF,1723860,S. Galeron Alvarez,SF,2012623,S. Lo Sylla,SF,1949233,A. Orois Aznarez,SF,2643500,C. Capellan Santana,SF,2.1,124.0,5.0,2.0,3.0,96.8,38.7,58.1
2480247,18,981334,UNICAJA MIJAS,HOME,1884837,M. Roters Dubinina,SF,1723860,S. Galeron Alvarez,SF,2012623,S. Lo Sylla,SF,1954737,E. Puiggros Rovira,SF,1994192,E. Moreno Fernandez,SF,2.3,136.0,6.0,1.0,5.0,105.9,17.6,88.2
2480247,18,981334,UNICAJA MIJAS,HOME,1884837,M. Roters Dubinina,SF,1723860,S. Galeron Alvarez,SF,2012623,S. Lo Sylla,SF,2643500,C. Capellan Santana,SF,1954737,E. Puiggros Rovira,SF,4.0,242.0,7.0,8.0,-1.0,69.4,79.3,-9.9
2480247,18,981334,UNICAJA MIJAS,HOME,2096249,T. Eke Benitez,SF,1884837,M. Roters Dubinina,SF,1723860,S. Galeron Alvarez,SF,1949233,A. Orois Aznarez,SF,1994192,E. Moreno Fernandez,SF,7.3,438.0,19.0,9.0,10.0,104.1,49.3,54.8
2480247,18,981334,UNICAJA MIJAS,HOME,2096249,T. Eke Benitez,SF,1884837,M. Roters Dubinina,SF,1723860,S. Galeron Alvarez,SF,1949233,A. Orois Aznarez,SF,2643500,C. Capellan Santana,SF,3.4,201.0,8.0,3.0,5.0,95.5,35.8,59.7
2480247,18,981334,UNICAJA MIJAS,HOME,2096249,T. Eke Benitez,SF,1884837,M. Roters Dubinina,SF,1723860,S. Galeron Alvarez,SF,1954737,E. Puiggros Rovira,SF,1994192,E. Moreno Fernandez,SF,2.4,142.0,4.0,7.0,-3.0,67.6,118.3,-50.7
2480247,18,981334,UNICAJA MIJAS,HOME,2096249,T. Eke Benitez,SF,1884837,M. Roters Dubinina,SF,1723860,S. Galeron Alvarez,SF,2643500,C. Capellan Santana,SF,1954737,E. Puiggros Rovira,SF,0.1,7.0,0.0,0.0,0.0,0.0,0.0,0.0
2480247,18,981334,UNICAJA MIJAS,HOME,2096249,T. Eke Benitez,SF,2814756,C. Zimmerman,SF,1884837,M. Roters Dubinina,SF,1949233,A. Orois Aznarez,SF,1994192,E. Moreno Fernandez,SF,8.6,518.0,25.0,16.0,9.0,115.8,74.1,41.7
2480247,18,981334,UNICAJA MIJAS,HOME,2096249,T. Eke Benitez,SF,2814756,C. Zimmerman,SF,1884837,M. Roters Dubinina,SF,2272398,M. Segura Diaz Larrauri,SF,2643500,C. Capellan Santana,SF,2.0,122.0,4.0,4.0,0.0,78.7,78.7,0.0
2480247,18,981334,UNICAJA MIJAS,HOME,2643500,C. Capellan Santana,SF,1884837,M. Roters Dubinina,SF,1723860,S. Galeron Alvarez,SF,2012623,S. Lo Sylla,SF,1949233,A. Orois Aznarez,SF,2.5,147.0,0.0,3.0,-3.0,0.0,49.0,-49.0
2480247,18,981334,UNICAJA MIJAS,HOME,2643500,C. Capellan Santana,SF,2814756,C. Zimmerman,SF,1884837,M. Roters Dubinina,SF,2012623,S. Lo Sylla,SF,1954737,E. Puiggros Rovira,SF,3.2,196.0,3.0,6.0,-3.0,36.7,73.5,-36.7
2480247,18,981334,UNICAJA MIJAS,HOME,2814756,C. Zimmerman,SF,1884837,M. Roters Dubinina,SF,2272398,M. Segura Diaz Larrauri,SF,2012623,S. Lo Sylla,SF,1949233,A. Orois Aznarez,SF,1.6,97.0,2.0,5.0,-3.0,49.5,123.7,-74.2
2480248,18,981242,C.B. SANTFELIUENC,AWAY,2050086,M. Muñoz Moyano,SF,2155489,X. Salzmann Romeu,SF,2190844,S. Pares Vilaseca,SF,1752455,I. Conde Duran,SF,2073654,C. Gil Abad,SF,4.8,288.0,3.0,8.0,-5.0,25.0,66.7,-41.7
2480248,18,981242,C.B. SANTFELIUENC,AWAY,2050086,M. Muñoz Moyano,SF,2155489,X. Salzmann Romeu,SF,2190844,S. Pares Vilaseca,SF,1752455,I. Conde Duran,SF,2816051,E. Tenbrock,SF,1.0,61.0,0.0,2.0,-2.0,0.0,78.7,-78.7
2480248,18,981242,C.B. SANTFELIUENC,AWAY,2050086,M. Muñoz Moyano,SF,2155489,X. Salzmann Romeu,SF,2190844,S. Pares Vilaseca,SF,2816669,A. Marotte,SF,1752455,I. Conde Duran,SF,3.5,209.0,1.0,12.0,-11.0,11.5,137.8,-126.3
2480248,18,981242,C.B. SANTFELIUENC,AWAY,2050086,M. Muñoz Moyano,SF,2190844,S. Pares Vilaseca,SF,2816669,A. Marotte,SF,1752455,I. Conde Duran,SF,2816051,E. Tenbrock,SF,5.0,298.0,4.0,5.0,-1.0,32.2,40.3,-8.1
2480248,18,981242,C.B. SANTFELIUENC,AWAY,2151715,J. Nogués Martí,SF,2050086,M. Muñoz Moyano,SF,2073654,C. Gil Abad,SF,2864042,K. Trehub,SF,2816051,E. Tenbrock,SF,5.4,321.0,7.0,7.0,0.0,52.3,52.3,0.0
2480248,18,981242,C.B. SANTFELIUENC,AWAY,2151715,J. Nogués Martí,SF,2050086,M. Muñoz Moyano,SF,2155489,X. Salzmann Romeu,SF,2816669,A. Marotte,SF,1752455,I. Conde Duran,SF,2.3,138.0,3.0,2.0,1.0,52.2,34.8,17.4
2480248,18,981242,C.B. SANTFELIUENC,AWAY,2151715,J. Nogués Martí,SF,2050086,M. Muñoz Moyano,SF,2864042,K. Trehub,SF,1752455,I. Conde Duran,SF,2073654,C. Gil Abad,SF,0.4,22.0,0.0,1.0,-1.0,0.0,109.1,-109.1
2480248,18,981242,C.B. SANTFELIUENC,AWAY,2151715,J. Nogués Martí,SF,2050086,M. Muñoz Moyano,SF,2864042,K. Trehub,SF,2155489,X. Salzmann Romeu,SF,2073654,C. Gil Abad,SF,1.3,78.0,3.0,0.0,3.0,92.3,0.0,92.3
2480248,18,981242,C.B. SANTFELIUENC,AWAY,2151715,J. Nogués Martí,SF,2155489,X. Salzmann Romeu,SF,2864042,K. Trehub,SF,2816669,A. Marotte,SF,2073654,C. Gil Abad,SF,6.1,368.0,8.0,14.0,-6.0,52.2,91.3,-39.1
2480248,18,981242,C.B. SANTFELIUENC,AWAY,2151715,J. Nogués Martí,SF,2816669,A. Marotte,SF,1752455,I. Conde Duran,SF,2073654,C. Gil Abad,SF,2816051,E. Tenbrock,SF,0.5,29.0,0.0,0.0,0.0,0.0,0.0,0.0
2480248,18,981242,C.B. SANTFELIUENC,AWAY,2151715,J. Nogués Martí,SF,2864042,K. Trehub,SF,2155489,X. Salzmann Romeu,SF,2816669,A. Marotte,SF,2073654,C. Gil Abad,SF,2.5,151.0,2.0,3.0,-1.0,31.8,47.7,-15.9
2480248,18,981242,C.B. SANTFELIUENC,AWAY,2151715,J. Nogués Martí,SF,2864042,K. Trehub,SF,2190844,S. Pares Vilaseca,SF,2816669,A. Marotte,SF,2816051,E. Tenbrock,SF,0.8,50.0,0.0,0.0,0.0,0.0,0.0,0.0
2480248,18,981242,C.B. SANTFELIUENC,AWAY,2151715,J. Nogués Martí,SF,2864042,K. Trehub,SF,2816669,A. Marotte,SF,1752455,I. Conde Duran,SF,2073654,C. Gil Abad,SF,0.6,35.0,2.0,3.0,-1.0,137.1,205.7,-68.6
2480248,18,981242,C.B. SANTFELIUENC,AWAY,2151715,J. Nogués Martí,SF,2864042,K. Trehub,SF,2816669,A. Marotte,SF,2073654,C. Gil Abad,SF,2816051,E. Tenbrock,SF,4.7,284.0,5.0,13.0,-8.0,42.3,109.9,-67.6
2480248,18,981242,C.B. SANTFELIUENC,AWAY,2190844,S. Pares Vilaseca,SF,2816669,A. Marotte,SF,1752455,I. Conde Duran,SF,2073654,C. Gil Abad,SF,2816051,E. Tenbrock,SF,1.1,68.0,3.0,3.0,0.0,105.9,105.9,0.0
2480248,18,981356,BOSONIT UNIBASKET,HOME,1626810,C. Aldecoa Rodriguez,SF,2819121,H. Forster,SF,1678734,M. Llorente Ruiz,SF,1778980,I. Losada Gonzalez-Babe,SF,2151019,N. Padrosa Mons,SF,3.3,197.0,3.0,3.0,0.0,36.5,36.5,0.0
2480248,18,981356,BOSONIT UNIBASKET,HOME,1626810,C. Aldecoa Rodriguez,SF,2819121,H. Forster,SF,1678734,M. Llorente Ruiz,SF,1821692,M. Alonso Guadaño,SF,1834784,E. Florez Pascual,SF,0.8,49.0,2.0,3.0,-1.0,98.0,146.9,-49.0
2480248,18,981356,BOSONIT UNIBASKET,HOME,1834784,E. Florez Pascual,SF,2819121,H. Forster,SF,1678734,M. Llorente Ruiz,SF,2735759,L. Van Schaik,SF,1821692,M. Alonso Guadaño,SF,5.4,324.0,8.0,7.0,1.0,59.3,51.9,7.4
2480248,18,981356,BOSONIT UNIBASKET,HOME,2819119,T. Sedláková,SF,1626810,C. Aldecoa Rodriguez,SF,1678734,M. Llorente Ruiz,SF,1778980,I. Losada Gonzalez-Babe,SF,2151019,N. Padrosa Mons,SF,1.1,68.0,6.0,0.0,6.0,211.8,0.0,211.8
2480248,18,981356,BOSONIT UNIBASKET,HOME,2819119,T. Sedláková,SF,1626810,C. Aldecoa Rodriguez,SF,1678734,M. Llorente Ruiz,SF,1778980,I. Losada Gonzalez-Babe,SF,2561556,C. Sañudo Trillo,SF,1.7,104.0,2.0,4.0,-2.0,46.2,92.3,-46.2
2480248,18,981356,BOSONIT UNIBASKET,HOME,2819119,T. Sedláková,SF,1626810,C. Aldecoa Rodriguez,SF,1678734,M. Llorente Ruiz,SF,1821692,M. Alonso Guadaño,SF,1834784,E. Florez Pascual,SF,1.3,79.0,3.0,2.0,1.0,91.1,60.8,30.4
2480248,18,981356,BOSONIT UNIBASKET,HOME,2819119,T. Sedláková,SF,1626810,C. Aldecoa Rodriguez,SF,1778980,I. Losada Gonzalez-Babe,SF,2735759,L. Van Schaik,SF,1821692,M. Alonso Guadaño,SF,3.5,210.0,3.0,3.0,0.0,34.3,34.3,0.0
2480248,18,981356,BOSONIT UNIBASKET,HOME,2819119,T. Sedláková,SF,1626810,C. Aldecoa Rodriguez,SF,1834784,E. Florez Pascual,SF,1678734,M. Llorente Ruiz,SF,2151019,N. Padrosa Mons,SF,3.5,209.0,7.0,3.0,4.0,80.4,34.4,45.9
2480248,18,981356,BOSONIT UNIBASKET,HOME,2819119,T. Sedláková,SF,1626810,C. Aldecoa Rodriguez,SF,1834784,E. Florez Pascual,SF,2735759,L. Van Schaik,SF,2151019,N. Padrosa Mons,SF,0.1,8.0,0.0,0.0,0.0,0.0,0.0,0.0
2480248,18,981356,BOSONIT UNIBASKET,HOME,2819119,T. Sedláková,SF,1626810,C. Aldecoa Rodriguez,SF,2561556,C. Sañudo Trillo,SF,1778980,I. Losada Gonzalez-Babe,SF,2151019,N. Padrosa Mons,SF,4.1,248.0,5.0,4.0,1.0,48.4,38.7,9.7
2480248,18,981356,BOSONIT UNIBASKET,HOME,2819119,T. Sedláková,SF,1778980,I. Losada Gonzalez-Babe,SF,2405749,P. Cruz Prieto,SF,2151019,N. Padrosa Mons,SF,2561556,C. Sañudo Trillo,SF,1.9,112.0,0.0,1.0,-1.0,0.0,21.4,-21.4
2480248,18,981356,BOSONIT UNIBASKET,HOME,2819119,T. Sedláková,SF,1834784,E. Florez Pascual,SF,1626810,C. Aldecoa Rodriguez,SF,1678734,M. Llorente Ruiz,SF,2561556,C. Sañudo Trillo,SF,1.8,105.0,5.0,2.0,3.0,114.3,45.7,68.6
2480248,18,981356,BOSONIT UNIBASKET,HOME,2819119,T. Sedláková,SF,1834784,E. Florez Pascual,SF,1626810,C. Aldecoa Rodriguez,SF,1778980,I. Losada Gonzalez-Babe,SF,2735759,L. Van Schaik,SF,0.4,22.0,1.0,0.0,1.0,109.1,0.0,109.1
2480248,18,981356,BOSONIT UNIBASKET,HOME,2819119,T. Sedláková,SF,1834784,E. Florez Pascual,SF,2819121,H. Forster,SF,2561556,C. Sañudo Trillo,SF,2735759,L. Van Schaik,SF,3.1,189.0,9.0,5.0,4.0,114.3,63.5,50.8
2480248,18,981356,BOSONIT UNIBASKET,HOME,2819119,T. Sedláková,SF,2735759,L. Van Schaik,SF,2561556,C. Sañudo Trillo,SF,1821692,M. Alonso Guadaño,SF,1834784,E. Florez Pascual,SF,4.0,240.0,9.0,3.0,6.0,90.0,30.0,60.0
2480248,18,981356,BOSONIT UNIBASKET,HOME,2819119,T. Sedláková,SF,2819121,H. Forster,SF,2561556,C. Sañudo Trillo,SF,1778980,I. Losada Gonzalez-Babe,SF,2735759,L. Van Schaik,SF,1.6,95.0,4.0,0.0,4.0,101.1,0.0,101.1
2480248,18,981356,BOSONIT UNIBASKET,HOME,2819121,H. Forster,SF,1678734,M. Llorente Ruiz,SF,1778980,I. Losada Gonzalez-Babe,SF,2151019,N. Padrosa Mons,SF,1821692,M. Alonso Guadaño,SF,2.4,141.0,6.0,1.0,5.0,102.1,17.0,85.1
2480249,19,981206,MCR LIMA-HORTA BARCELONA,HOME,1494221,L. Soler Madariaga,SF,1908281,M. Aguado Tortella,SF,1959765,J. Rueda Choni,SF,1886093,E. Escuder Gonzalez,SF,1958425,L. Roig I Salrach,SF,1.5,90.0,2.0,2.0,0.0,53.3,53.3,0.0
2480249,19,981206,MCR LIMA-HORTA BARCELONA,HOME,1494221,L. Soler Madariaga,SF,1908281,M. Aguado Tortella,SF,1959765,J. Rueda Choni,SF,1958425,L. Roig I Salrach,SF,1912814,N. Barrientos Pereira,SF,1.2,74.0,0.0,2.0,-2.0,0.0,64.9,-64.9
2480249,19,981206,MCR LIMA-HORTA BARCELONA,HOME,2049841,E. Trawally Porta,SF,1494221,L. Soler Madariaga,SF,1908281,M. Aguado Tortella,SF,1959765,J. Rueda Choni,SF,1958425,L. Roig I Salrach,SF,0.9,53.0,3.0,0.0,3.0,135.8,0.0,135.8
2480249,19,981206,MCR LIMA-HORTA BARCELONA,HOME,2049841,E. Trawally Porta,SF,1494221,L. Soler Madariaga,SF,1908281,M. Aguado Tortella,SF,1959765,J. Rueda Choni,SF,1968768,I. Subirats Teruel,SF,0.7,42.0,2.0,1.0,1.0,114.3,57.1,57.1
2480249,19,981206,MCR LIMA-HORTA BARCELONA,HOME,2049841,E. Trawally Porta,SF,1494221,L. Soler Madariaga,SF,1908281,M. Aguado Tortella,SF,1968768,I. Subirats Teruel,SF,1958425,L. Roig I Salrach,SF,1.0,60.0,0.0,2.0,-2.0,0.0,80.0,-80.0
2480249,19,981206,MCR LIMA-HORTA BARCELONA,HOME,2049841,E. Trawally Porta,SF,1494221,L. Soler Madariaga,SF,1908281,M. Aguado Tortella,SF,1968768,I. Subirats Teruel,SF,1959765,J. Rueda Choni,SF,2.4,144.0,4.0,1.0,3.0,66.7,16.7,50.0
2480249,19,981206,MCR LIMA-HORTA BARCELONA,HOME,2049841,E. Trawally Porta,SF,1494221,L. Soler Madariaga,SF,1968768,I. Subirats Teruel,SF,1959765,J. Rueda Choni,SF,1958425,L. Roig I Salrach,SF,0.5,29.0,3.0,0.0,3.0,248.3,0.0,248.3
2480249,19,981206,MCR LIMA-HORTA BARCELONA,HOME,2049841,E. Trawally Porta,SF,1494221,L. Soler Madariaga,SF,1968768,I. Subirats Teruel,SF,1959765,J. Rueda Choni,SF,2042157,C. Ripoll Moya,SF,1.1,69.0,0.0,2.0,-2.0,0.0,69.6,-69.6
2480249,19,981206,MCR LIMA-HORTA BARCELONA,HOME,2235190,E. Morales López,SF,1494221,L. Soler Madariaga,SF,1908281,M. Aguado Tortella,SF,1886093,E. Escuder Gonzalez,SF,1958425,L. Roig I Salrach,SF,2.8,171.0,4.0,3.0,1.0,56.1,42.1,14.0
2480249,19,981206,MCR LIMA-HORTA BARCELONA,HOME,2235190,E. Morales López,SF,1494221,L. Soler Madariaga,SF,1908281,M. Aguado Tortella,SF,1959765,J. Rueda Choni,SF,1958425,L. Roig I Salrach,SF,6.1,367.0,12.0,6.0,6.0,78.5,39.2,39.2
2480249,19,981206,MCR LIMA-HORTA BARCELONA,HOME,2235190,E. Morales López,SF,1494221,L. Soler Madariaga,SF,1908281,M. Aguado Tortella,SF,1959765,J. Rueda Choni,SF,2042157,C. Ripoll Moya,SF,1.8,109.0,2.0,0.0,2.0,44.0,0.0,44.0
2480249,19,981206,MCR LIMA-HORTA BARCELONA,HOME,2235190,E. Morales López,SF,1494221,L. Soler Madariaga,SF,1968768,I. Subirats Teruel,SF,1959765,J. Rueda Choni,SF,2042157,C. Ripoll Moya,SF,1.1,68.0,0.0,4.0,-4.0,0.0,141.2,-141.2
2480249,19,981206,MCR LIMA-HORTA BARCELONA,HOME,2235190,E. Morales López,SF,2049841,E. Trawally Porta,SF,1908281,M. Aguado Tortella,SF,1886093,E. Escuder Gonzalez,SF,1958425,L. Roig I Salrach,SF,2.0,119.0,0.0,2.0,-2.0,0.0,40.3,-40.3
2480249,19,981206,MCR LIMA-HORTA BARCELONA,HOME,2235190,E. Morales López,SF,2049841,E. Trawally Porta,SF,1908281,M. Aguado Tortella,SF,1959765,J. Rueda Choni,SF,1886093,E. Escuder Gonzalez,SF,0.2,13.0,3.0,0.0,3.0,553.8,0.0,553.8
2480249,19,981206,MCR LIMA-HORTA BARCELONA,HOME,2235190,E. Morales López,SF,2049841,E. Trawally Porta,SF,1908281,M. Aguado Tortella,SF,1959765,J. Rueda Choni,SF,1958425,L. Roig I Salrach,SF,3.2,198.0,0.0,1.0,-1.0,0.0,12.1,-12.1
2480249,19,981206,MCR LIMA-HORTA BARCELONA,HOME,2235190,E. Morales López,SF,2049841,E. Trawally Porta,SF,1908281,M. Aguado Tortella,SF,1968768,I. Subirats Teruel,SF,1958425,L. Roig I Salrach,SF,2.3,143.0,5.0,4.0,1.0,83.9,67.1,16.8
2480249,19,981206,MCR LIMA-HORTA BARCELONA,HOME,2235190,E. Morales López,SF,2049841,E. Trawally Porta,SF,1959765,J. Rueda Choni,SF,1968768,I. Subirats Teruel,SF,1958425,L. Roig I Salrach,SF,2.8,167.0,4.0,9.0,-5.0,57.5,129.3,-71.9
2480249,19,981206,MCR LIMA-HORTA BARCELONA,HOME,2235190,E. Morales López,SF,2049841,E. Trawally Porta,SF,1959765,J. Rueda Choni,SF,1968768,I. Subirats Teruel,SF,2042157,C. Ripoll Moya,SF,5.7,341.0,6.0,13.0,-7.0,42.2,91.5,-49.3
2480249,19,981206,MCR LIMA-HORTA BARCELONA,HOME,2235190,E. Morales López,SF,2049841,E. Trawally Porta,SF,1968768,I. Subirats Teruel,SF,1959765,J. Rueda Choni,SF,2042157,C. Ripoll Moya,SF,2.4,143.0,8.0,2.0,6.0,134.3,33.6,100.7
2480249,19,981356,BOSONIT UNIBASKET,AWAY,1626810,C. Aldecoa Rodriguez,SF,2819119,T. Sedláková,SF,1678734,M. Llorente Ruiz,SF,1821692,M. Alonso Guadaño,SF,1834784,E. Florez Pascual,SF,2.5,153.0,0.0,5.0,-5.0,0.0,78.4,-78.4
2480249,19,981356,BOSONIT UNIBASKET,AWAY,1626810,C. Aldecoa Rodriguez,SF,2819119,T. Sedláková,SF,1678734,M. Llorente Ruiz,SF,2735759,L. Van Schaik,SF,1821692,M. Alonso Guadaño,SF,1.6,97.0,7.0,4.0,3.0,173.2,99.0,74.2
2480249,19,981356,BOSONIT UNIBASKET,AWAY,1626810,C. Aldecoa Rodriguez,SF,2819119,T. Sedláková,SF,1778980,I. Losada Gonzalez-Babe,SF,2735759,L. Van Schaik,SF,1821692,M. Alonso Guadaño,SF,1.0,59.0,2.0,3.0,-1.0,81.4,122.0,-40.7
2480249,19,981356,BOSONIT UNIBASKET,AWAY,1626810,C. Aldecoa Rodriguez,SF,2819119,T. Sedláková,SF,2735759,L. Van Schaik,SF,1821692,M. Alonso Guadaño,SF,1834784,E. Florez Pascual,SF,1.6,99.0,1.0,3.0,-2.0,24.2,72.7,-48.5
2480249,19,981356,BOSONIT UNIBASKET,AWAY,1626810,C. Aldecoa Rodriguez,SF,2819119,T. Sedláková,SF,2819121,H. Forster,SF,2735759,L. Van Schaik,SF,1821692,M. Alonso Guadaño,SF,0.1,9.0,0.0,0.0,0.0,0.0,0.0,0.0
2480249,19,981356,BOSONIT UNIBASKET,AWAY,1626810,C. Aldecoa Rodriguez,SF,2819121,H. Forster,SF,1678734,M. Llorente Ruiz,SF,1778980,I. Losada Gonzalez-Babe,SF,1821692,M. Alonso Guadaño,SF,0.9,53.0,0.0,3.0,-3.0,0.0,135.8,-135.8
2480249,19,981356,BOSONIT UNIBASKET,AWAY,1626810,C. Aldecoa Rodriguez,SF,2819121,H. Forster,SF,1678734,M. Llorente Ruiz,SF,1778980,I. Losada Gonzalez-Babe,SF,2151019,N. Padrosa Mons,SF,2.7,164.0,4.0,2.0,2.0,58.5,29.3,29.3
2480249,19,981356,BOSONIT UNIBASKET,AWAY,1626810,C. Aldecoa Rodriguez,SF,2819121,H. Forster,SF,1678734,M. Llorente Ruiz,SF,1821692,M. Alonso Guadaño,SF,1834784,E. Florez Pascual,SF,0.7,42.0,1.0,2.0,-1.0,57.1,114.3,-57.1
2480249,19,981356,BOSONIT UNIBASKET,AWAY,1626810,C. Aldecoa Rodriguez,SF,2819121,H. Forster,SF,1778980,I. Losada Gonzalez-Babe,SF,2735759,L. Van Schaik,SF,2151019,N. Padrosa Mons,SF,2.1,129.0,3.0,3.0,0.0,55.8,55.8,0.0
2480249,19,981356,BOSONIT UNIBASKET,AWAY,1834784,E. Florez Pascual,SF,2819119,T. Sedláková,SF,1678734,M. Llorente Ruiz,SF,2735759,L. Van Schaik,SF,1821692,M. Alonso Guadaño,SF,1.2,70.0,2.0,0.0,2.0,68.6,0.0,68.6
2480249,19,981356,BOSONIT UNIBASKET,AWAY,1834784,E. Florez Pascual,SF,2819121,H. Forster,SF,1678734,M. Llorente Ruiz,SF,2735759,L. Van Schaik,SF,1821692,M. Alonso Guadaño,SF,0.9,56.0,2.0,0.0,2.0,85.7,0.0,85.7
2480249,19,981356,BOSONIT UNIBASKET,AWAY,2819119,T. Sedláková,SF,1626810,C. Aldecoa Rodriguez,SF,1778980,I. Losada Gonzalez-Babe,SF,2735759,L. Van Schaik,SF,2151019,N. Padrosa Mons,SF,0.5,29.0,0.0,3.0,-3.0,0.0,248.3,-248.3
2480249,19,981356,BOSONIT UNIBASKET,AWAY,2819119,T. Sedláková,SF,1626810,C. Aldecoa Rodriguez,SF,2561556,C. Sañudo Trillo,SF,1778980,I. Losada Gonzalez-Babe,SF,2151019,N. Padrosa Mons,SF,2.3,139.0,2.0,7.0,-5.0,34.5,120.9,-86.3
2480249,19,981356,BOSONIT UNIBASKET,AWAY,2819119,T. Sedláková,SF,1626810,C. Aldecoa Rodriguez,SF,2735759,L. Van Schaik,SF,1821692,M. Alonso Guadaño,SF,1834784,E. Florez Pascual,SF,5.3,321.0,5.0,6.0,-1.0,37.4,44.9,-7.5
2480249,19,981356,BOSONIT UNIBASKET,AWAY,2819119,T. Sedláková,SF,2561556,C. Sañudo Trillo,SF,1778980,I. Losada Gonzalez-Babe,SF,2735759,L. Van Schaik,SF,1821692,M. Alonso Guadaño,SF,2.7,161.0,2.0,1.0,1.0,29.8,14.9,14.9
2480249,19,981356,BOSONIT UNIBASKET,AWAY,2819119,T. Sedláková,SF,2735759,L. Van Schaik,SF,2561556,C. Sañudo Trillo,SF,1821692,M. Alonso Guadaño,SF,1834784,E. Florez Pascual,SF,5.7,341.0,13.0,6.0,7.0,91.5,42.2,49.3
2480249,19,981356,BOSONIT UNIBASKET,AWAY,2819119,T. Sedláková,SF,2819121,H. Forster,SF,2735759,L. Van Schaik,SF,2151019,N. Padrosa Mons,SF,1821692,M. Alonso Guadaño,SF,1.0,60.0,2.0,0.0,2.0,80.0,0.0,80.0
2480249,19,981356,BOSONIT UNIBASKET,AWAY,2819121,H. Forster,SF,1626810,C. Aldecoa Rodriguez,SF,1678734,M. Llorente Ruiz,SF,1778980,I. Losada Gonzalez-Babe,SF,1821692,M. Alonso Guadaño,SF,2.4,147.0,4.0,5.0,-1.0,65.3,81.6,-16.3
2480249,19,981356,BOSONIT UNIBASKET,AWAY,2819121,H. Forster,SF,1678734,M. Llorente Ruiz,SF,1778980,I. Losada Gonzalez-Babe,SF,2735759,L. Van Schaik,SF,1821692,M. Alonso Guadaño,SF,4.5,271.0,4.0,5.0,-1.0,35.4,44.3,-8.9
2480250,19,981242,C.B. SANTFELIUENC,HOME,2050086,M. Muñoz Moyano,SF,2073654,C. Gil Abad,SF,2155489,X. Salzmann Romeu,SF,2190844,S. Pares Vilaseca,SF,1752455,I. Conde Duran,SF,2.8,171.0,0.0,0.0,0.0,0.0,0.0,0.0
2480250,19,981242,C.B. SANTFELIUENC,HOME,2050086,M. Muñoz Moyano,SF,2073654,C. Gil Abad,SF,2155489,X. Salzmann Romeu,SF,2190844,S. Pares Vilaseca,SF,2816051,E. Tenbrock,SF,1.6,96.0,2.0,5.0,-3.0,50.0,125.0,-75.0
2480250,19,981242,C.B. SANTFELIUENC,HOME,2050086,M. Muñoz Moyano,SF,2155489,X. Salzmann Romeu,SF,2190844,S. Pares Vilaseca,SF,1752455,I. Conde Duran,SF,2816051,E. Tenbrock,SF,1.6,99.0,3.0,4.0,-1.0,72.7,97.0,-24.2
2480250,19,981242,C.B. SANTFELIUENC,HOME,2050086,M. Muñoz Moyano,SF,2155489,X. Salzmann Romeu,SF,2190844,S. Pares Vilaseca,SF,2816669,A. Marotte,SF,1752455,I. Conde Duran,SF,3.1,186.0,4.0,16.0,-12.0,51.6,206.5,-154.8
2480250,19,981242,C.B. SANTFELIUENC,HOME,2050086,M. Muñoz Moyano,SF,2155489,X. Salzmann Romeu,SF,2190844,S. Pares Vilaseca,SF,2816669,A. Marotte,SF,2816051,E. Tenbrock,SF,3.8,228.0,5.0,11.0,-6.0,52.6,115.8,-63.2
2480250,19,981242,C.B. SANTFELIUENC,HOME,2073654,C. Gil Abad,SF,2190844,S. Pares Vilaseca,SF,2816669,A. Marotte,SF,1752455,I. Conde Duran,SF,2816051,E. Tenbrock,SF,1.4,84.0,3.0,7.0,-4.0,85.7,200.0,-114.3
2480250,19,981242,C.B. SANTFELIUENC,HOME,2151715,J. Nogués Martí,SF,2050086,M. Muñoz Moyano,SF,2073654,C. Gil Abad,SF,2816669,A. Marotte,SF,1752455,I. Conde Duran,SF,3.4,205.0,8.0,5.0,3.0,93.7,58.5,35.1
2480250,19,981242,C.B. SANTFELIUENC,HOME,2151715,J. Nogués Martí,SF,2050086,M. Muñoz Moyano,SF,2155489,X. Salzmann Romeu,SF,2190844,S. Pares Vilaseca,SF,1752455,I. Conde Duran,SF,0.2,13.0,0.0,1.0,-1.0,0.0,184.6,-184.6
2480250,19,981242,C.B. SANTFELIUENC,HOME,2151715,J. Nogués Martí,SF,2050086,M. Muñoz Moyano,SF,2155489,X. Salzmann Romeu,SF,2190844,S. Pares Vilaseca,SF,2816051,E. Tenbrock,SF,3.2,193.0,6.0,5.0,1.0,74.6,62.2,12.4
2480250,19,981242,C.B. SANTFELIUENC,HOME,2151715,J. Nogués Martí,SF,2050086,M. Muñoz Moyano,SF,2155489,X. Salzmann Romeu,SF,2816669,A. Marotte,SF,1752455,I. Conde Duran,SF,3.6,217.0,2.0,5.0,-3.0,22.1,55.3,-33.2
2480250,19,981242,C.B. SANTFELIUENC,HOME,2151715,J. Nogués Martí,SF,2050086,M. Muñoz Moyano,SF,2816669,A. Marotte,SF,1752455,I. Conde Duran,SF,2073654,C. Gil Abad,SF,1.3,78.0,0.0,2.0,-2.0,0.0,61.5,-61.5
2480250,19,981242,C.B. SANTFELIUENC,HOME,2151715,J. Nogués Martí,SF,2050086,M. Muñoz Moyano,SF,2816669,A. Marotte,SF,1752455,I. Conde Duran,SF,2816051,E. Tenbrock,SF,2.8,169.0,4.0,4.0,0.0,56.8,56.8,0.0
2480250,19,981242,C.B. SANTFELIUENC,HOME,2151715,J. Nogués Martí,SF,2073654,C. Gil Abad,SF,2155489,X. Salzmann Romeu,SF,2190844,S. Pares Vilaseca,SF,1752455,I. Conde Duran,SF,3.0,181.0,10.0,9.0,1.0,132.6,119.3,13.3
2480250,19,981242,C.B. SANTFELIUENC,HOME,2151715,J. Nogués Martí,SF,2073654,C. Gil Abad,SF,2816669,A. Marotte,SF,1752455,I. Conde Duran,SF,2816051,E. Tenbrock,SF,3.5,209.0,0.0,9.0,-9.0,0.0,103.3,-103.3
2480250,19,981242,C.B. SANTFELIUENC,HOME,2151715,J. Nogués Martí,SF,2816669,A. Marotte,SF,1752455,I. Conde Duran,SF,2073654,C. Gil Abad,SF,2816051,E. Tenbrock,SF,4.5,271.0,9.0,7.0,2.0,79.7,62.0,17.7
2480250,19,981334,UNICAJA MIJAS,AWAY,1884837,M. Roters Dubinina,SF,1723860,S. Galeron Alvarez,SF,2012623,S. Lo Sylla,SF,1949233,A. Orois Aznarez,SF,1954737,E. Puiggros Rovira,SF,3.5,207.0,7.0,12.0,-5.0,81.2,139.1,-58.0
2480250,19,981334,UNICAJA MIJAS,AWAY,1884837,M. Roters Dubinina,SF,1723860,S. Galeron Alvarez,SF,2012623,S. Lo Sylla,SF,1949233,A. Orois Aznarez,SF,1994192,E. Moreno Fernandez,SF,2.1,126.0,4.0,3.0,1.0,76.2,57.1,19.0
2480250,19,981334,UNICAJA MIJAS,AWAY,1884837,M. Roters Dubinina,SF,1723860,S. Galeron Alvarez,SF,2012623,S. Lo Sylla,SF,1949233,A. Orois Aznarez,SF,2272398,M. Segura Diaz Larrauri,SF,6.7,405.0,22.0,7.0,15.0,130.4,41.5,88.9
2480250,19,981334,UNICAJA MIJAS,AWAY,1884837,M. Roters Dubinina,SF,1723860,S. Galeron Alvarez,SF,2012623,S. Lo Sylla,SF,2643500,C. Capellan Santana,SF,2272398,M. Segura Diaz Larrauri,SF,0.8,47.0,0.0,2.0,-2.0,0.0,102.1,-102.1
2480250,19,981334,UNICAJA MIJAS,AWAY,2096249,T. Eke Benitez,SF,1884837,M. Roters Dubinina,SF,1723860,S. Galeron Alvarez,SF,1949233,A. Orois Aznarez,SF,1994192,E. Moreno Fernandez,SF,4.0,241.0,9.0,6.0,3.0,89.6,59.8,29.9
2480250,19,981334,UNICAJA MIJAS,AWAY,2096249,T. Eke Benitez,SF,1884837,M. Roters Dubinina,SF,1723860,S. Galeron Alvarez,SF,1954737,E. Puiggros Rovira,SF,1994192,E. Moreno Fernandez,SF,1.5,88.0,4.0,0.0,4.0,109.1,0.0,109.1
2480250,19,981334,UNICAJA MIJAS,AWAY,2096249,T. Eke Benitez,SF,1884837,M. Roters Dubinina,SF,1723860,S. Galeron Alvarez,SF,2272398,M. Segura Diaz Larrauri,SF,1949233,A. Orois Aznarez,SF,4.3,259.0,13.0,5.0,8.0,120.5,46.3,74.1
2480250,19,981334,UNICAJA MIJAS,AWAY,2096249,T. Eke Benitez,SF,2814756,C. Zimmerman,SF,1884837,M. Roters Dubinina,SF,1954737,E. Puiggros Rovira,SF,1994192,E. Moreno Fernandez,SF,2.2,135.0,6.0,3.0,3.0,106.7,53.3,53.3
2480250,19,981334,UNICAJA MIJAS,AWAY,2096249,T. Eke Benitez,SF,2814756,C. Zimmerman,SF,1884837,M. Roters Dubinina,SF,2643500,C. Capellan Santana,SF,1954737,E. Puiggros Rovira,SF,4.5,273.0,12.0,6.0,6.0,105.5,52.7,52.7
2480250,19,981334,UNICAJA MIJAS,AWAY,2643500,C. Capellan Santana,SF,1884837,M. Roters Dubinina,SF,1723860,S. Galeron Alvarez,SF,2012623,S. Lo Sylla,SF,1949233,A. Orois Aznarez,SF,2.8,174.0,5.0,2.0,3.0,69.0,27.6,41.4
2480250,19,981334,UNICAJA MIJAS,AWAY,2643500,C. Capellan Santana,SF,1884837,M. Roters Dubinina,SF,1723860,S. Galeron Alvarez,SF,2012623,S. Lo Sylla,SF,1954737,E. Puiggros Rovira,SF,1.9,115.0,2.0,4.0,-2.0,41.7,83.5,-41.7
2480250,19,981334,UNICAJA MIJAS,AWAY,2814756,C. Zimmerman,SF,1884837,M. Roters Dubinina,SF,2012623,S. Lo Sylla,SF,1949233,A. Orois Aznarez,SF,2272398,M. Segura Diaz Larrauri,SF,0.9,57.0,0.0,0.0,0.0,0.0,0.0,0.0
2480250,19,981334,UNICAJA MIJAS,AWAY,2814756,C. Zimmerman,SF,1884837,M. Roters Dubinina,SF,2012623,S. Lo Sylla,SF,1954737,E. Puiggros Rovira,SF,1994192,E. Moreno Fernandez,SF,0.9,52.0,0.0,2.0,-2.0,0.0,92.3,-92.3
2480250,19,981334,UNICAJA MIJAS,AWAY,2814756,C. Zimmerman,SF,1884837,M. Roters Dubinina,SF,2012623,S. Lo Sylla,SF,1954737,E. Puiggros Rovira,SF,2272398,M. Segura Diaz Larrauri,SF,0.3,20.0,0.0,0.0,0.0,0.0,0.0,0.0
2480250,19,981334,UNICAJA MIJAS,AWAY,2814756,C. Zimmerman,SF,1884837,M. Roters Dubinina,SF,2012623,S. Lo Sylla,SF,2643500,C. Capellan Santana,SF,1954737,E. Puiggros Rovira,SF,3.4,201.0,6.0,4.0,2.0,71.6,47.8,23.9
2480251,19,979912,DOMUSA TEKNIK ISB,HOME,1721468,C. Villamor Aparicio,SF,2364470,G. Leaupepe,SF,1826917,J. Azcue Jauregui,SF,2818813,E. Lalotte,SF,2021400,M. Gutierrez Ibañez,SF,0.9,55.0,2.0,3.0,-1.0,87.3,130.9,-43.6
2480251,19,979912,DOMUSA TEKNIK ISB,HOME,1721468,C. Villamor Aparicio,SF,2364470,G. Leaupepe,SF,2145033,A. Lizundia Arozena,SF,2021400,M. Gutierrez Ibañez,SF,2137901,M. Otaegi Albizu,SF,0.4,26.0,2.0,1.0,1.0,184.6,92.3,92.3
2480251,19,979912,DOMUSA TEKNIK ISB,HOME,1721468,C. Villamor Aparicio,SF,2364470,G. Leaupepe,SF,2145033,A. Lizundia Arozena,SF,2818813,E. Lalotte,SF,2021400,M. Gutierrez Ibañez,SF,4.9,294.0,8.0,7.0,1.0,65.3,57.1,8.2
2480251,19,979912,DOMUSA TEKNIK ISB,HOME,2364470,G. Leaupepe,SF,1826917,J. Azcue Jauregui,SF,2818813,E. Lalotte,SF,2021400,M. Gutierrez Ibañez,SF,2818816,I. Araújo Gouveia Vieira,SF,4.3,261.0,7.0,7.0,0.0,64.4,64.4,0.0
2480251,19,979912,DOMUSA TEKNIK ISB,HOME,2478361,N. Arozena Illarramendi,SF,1721468,C. Villamor Aparicio,SF,2145033,A. Lizundia Arozena,SF,2021400,M. Gutierrez Ibañez,SF,2137901,M. Otaegi Albizu,SF,2.5,151.0,0.0,4.0,-4.0,0.0,63.6,-63.6
2480251,19,979912,DOMUSA TEKNIK ISB,HOME,2478361,N. Arozena Illarramendi,SF,1721468,C. Villamor Aparicio,SF,2364470,G. Leaupepe,SF,2145033,A. Lizundia Arozena,SF,2021400,M. Gutierrez Ibañez,SF,0.6,38.0,2.0,0.0,2.0,126.3,0.0,126.3
2480251,19,979912,DOMUSA TEKNIK ISB,HOME,2818717,S. Van,SF,1721468,C. Villamor Aparicio,SF,1826917,J. Azcue Jauregui,SF,2818813,E. Lalotte,SF,2137901,M. Otaegi Albizu,SF,1.7,102.0,4.0,8.0,-4.0,94.1,188.2,-94.1
2480251,19,979912,DOMUSA TEKNIK ISB,HOME,2818717,S. Van,SF,1721468,C. Villamor Aparicio,SF,2364470,G. Leaupepe,SF,1826917,J. Azcue Jauregui,SF,2818813,E. Lalotte,SF,2.4,149.0,4.0,4.0,0.0,64.4,64.4,0.0
2480251,19,979912,DOMUSA TEKNIK ISB,HOME,2818717,S. Van,SF,1721468,C. Villamor Aparicio,SF,2364470,G. Leaupepe,SF,2145033,A. Lizundia Arozena,SF,2818813,E. Lalotte,SF,1.5,91.0,3.0,2.0,1.0,79.1,52.7,26.4
2480251,19,979912,DOMUSA TEKNIK ISB,HOME,2818717,S. Van,SF,1894119,S. Iparraguirre Alustiza,SF,1826917,J. Azcue Jauregui,SF,2818813,E. Lalotte,SF,2818816,I. Araújo Gouveia Vieira,SF,12.5,742.0,20.0,18.0,2.0,64.7,58.2,6.5
2480251,19,979912,DOMUSA TEKNIK ISB,HOME,2818717,S. Van,SF,1894119,S. Iparraguirre Alustiza,SF,2145033,A. Lizundia Arozena,SF,2818813,E. Lalotte,SF,2818816,I. Araújo Gouveia Vieira,SF,2.0,121.0,3.0,2.0,1.0,59.5,39.7,19.8
2480251,19,979912,DOMUSA TEKNIK ISB,HOME,2818717,S. Van,SF,2364470,G. Leaupepe,SF,1826917,J. Azcue Jauregui,SF,2021400,M. Gutierrez Ibañez,SF,2818816,I. Araújo Gouveia Vieira,SF,1.2,71.0,0.0,2.0,-2.0,0.0,67.6,-67.6
2480251,19,979912,DOMUSA TEKNIK ISB,HOME,2818717,S. Van,SF,2478361,N. Arozena Illarramendi,SF,1721468,C. Villamor Aparicio,SF,2364470,G. Leaupepe,SF,1826917,J. Azcue Jauregui,SF,0.5,29.0,0.0,0.0,0.0,0.0,0.0,0.0
2480251,19,979912,DOMUSA TEKNIK ISB,HOME,2818717,S. Van,SF,2478361,N. Arozena Illarramendi,SF,1721468,C. Villamor Aparicio,SF,2364470,G. Leaupepe,SF,2145033,A. Lizundia Arozena,SF,1.8,110.0,0.0,2.0,-2.0,0.0,43.6,-43.6
2480251,19,979912,DOMUSA TEKNIK ISB,HOME,2818717,S. Van,SF,2478361,N. Arozena Illarramendi,SF,2364470,G. Leaupepe,SF,1826917,J. Azcue Jauregui,SF,2818813,E. Lalotte,SF,0.1,9.0,0.0,1.0,-1.0,0.0,266.7,-266.7
2480251,19,979912,DOMUSA TEKNIK ISB,HOME,2818717,S. Van,SF,2478361,N. Arozena Illarramendi,SF,2364470,G. Leaupepe,SF,1826917,J. Azcue Jauregui,SF,2818816,I. Araújo Gouveia Vieira,SF,2.5,151.0,7.0,6.0,1.0,111.3,95.4,15.9
2480251,19,981306,CAJASOL BALONCESTO SEVILLA FEMENINO,AWAY,1679391,M. Martinez Carranza,SF,2791616,L. Vorphal,SF,1811227,C. Arfinengo Del Carpio,SF,1999405,N. Anitua Garcia,SF,2053354,F. Gassama Dansoko,SF,2.8,170.0,8.0,2.0,6.0,112.9,28.2,84.7
2480251,19,981306,CAJASOL BALONCESTO SEVILLA FEMENINO,AWAY,1679391,M. Martinez Carranza,SF,2791616,L. Vorphal,SF,1993036,I. Rios Rus,SF,1811227,C. Arfinengo Del Carpio,SF,1999405,N. Anitua Garcia,SF,33.6,2029.0,59.0,51.0,8.0,69.8,60.3,9.5
2480251,19,981306,CAJASOL BALONCESTO SEVILLA FEMENINO,AWAY,2791616,L. Vorphal,SF,1811227,C. Arfinengo Del Carpio,SF,2053354,F. Gassama Dansoko,SF,2848574,E. Elliott,SF,1723585,A. Morales Sancho,SF,3.4,201.0,0.0,9.0,-9.0,0.0,107.5,-107.5
2480252,19,981213,AZULMARINO MALLORCA PALMA,AWAY,2791252,A. Bulgak,SF,2793759,J. Asinde,SF,2815892,A. Siciliano,SF,975683,A. Torrens Salom,SF,1865395,M. Garcia Mateo,SF,33.7,2038.0,80.0,57.0,23.0,94.2,67.1,27.1
2480252,19,981213,AZULMARINO MALLORCA PALMA,AWAY,2791252,A. Bulgak,SF,2793759,J. Asinde,SF,975683,A. Torrens Salom,SF,1865395,M. Garcia Mateo,SF,1434977,C. Grande Pardo,SF,2.0,120.0,3.0,2.0,1.0,60.0,40.0,20.0
2480252,19,981213,AZULMARINO MALLORCA PALMA,AWAY,2791252,A. Bulgak,SF,975683,A. Torrens Salom,SF,1865395,M. Garcia Mateo,SF,1434977,C. Grande Pardo,SF,1527601,I. Junio Mbulito,SF,4.1,242.0,17.0,3.0,14.0,168.6,29.8,138.8
2480252,19,981346,LA CORDÁ DE PATERNA NB,HOME,2049442,I. Broncano Avellaneda,SF,1508657,V. Saez Moreno,SF,1632609,C. Che Tortola,SF,2864802,N. Lagowski,SF,2024557,M. Bleda Ortega,SF,0.3,19.0,0.0,0.0,0.0,0.0,0.0,0.0
2480252,19,981346,LA CORDÁ DE PATERNA NB,HOME,2049442,I. Broncano Avellaneda,SF,2163606,C. Sancho Mauri,SF,1508657,V. Saez Moreno,SF,1632609,C. Che Tortola,SF,2864802,N. Lagowski,SF,1.7,103.0,0.0,4.0,-4.0,0.0,93.2,-93.2
2480252,19,981346,LA CORDÁ DE PATERNA NB,HOME,2049442,I. Broncano Avellaneda,SF,2173687,M. Llompart Perello,SF,2864802,N. Lagowski,SF,2024557,M. Bleda Ortega,SF,2071471,P. Saravia Logroño,SF,5.4,323.0,10.0,10.0,0.0,74.3,74.3,0.0
2480252,19,981346,LA CORDÁ DE PATERNA NB,HOME,2049442,I. Broncano Avellaneda,SF,2653963,A. Traore,SF,1508657,V. Saez Moreno,SF,2173687,M. Llompart Perello,SF,2024557,M. Bleda Ortega,SF,2.0,120.0,6.0,6.0,0.0,120.0,120.0,0.0
2480252,19,981346,LA CORDÁ DE PATERNA NB,HOME,2049442,I. Broncano Avellaneda,SF,2653963,A. Traore,SF,1632609,C. Che Tortola,SF,2024557,M. Bleda Ortega,SF,2071471,P. Saravia Logroño,SF,1.6,99.0,0.0,4.0,-4.0,0.0,97.0,-97.0
2480252,19,981346,LA CORDÁ DE PATERNA NB,HOME,2049442,I. Broncano Avellaneda,SF,2653963,A. Traore,SF,2163606,C. Sancho Mauri,SF,2173687,M. Llompart Perello,SF,2071471,P. Saravia Logroño,SF,3.9,233.0,7.0,11.0,-4.0,72.1,113.3,-41.2
2480252,19,981346,LA CORDÁ DE PATERNA NB,HOME,2049442,I. Broncano Avellaneda,SF,2796302,P. Gabriel,SF,1508657,V. Saez Moreno,SF,2173687,M. Llompart Perello,SF,2071471,P. Saravia Logroño,SF,1.3,76.0,1.0,0.0,1.0,31.6,0.0,31.6
2480252,19,981346,LA CORDÁ DE PATERNA NB,HOME,2049442,I. Broncano Avellaneda,SF,2796302,P. Gabriel,SF,1632609,C. Che Tortola,SF,2173687,M. Llompart Perello,SF,2024557,M. Bleda Ortega,SF,0.9,56.0,0.0,5.0,-5.0,0.0,214.3,-214.3
2480252,19,981346,LA CORDÁ DE PATERNA NB,HOME,2049442,I. Broncano Avellaneda,SF,2796302,P. Gabriel,SF,2163606,C. Sancho Mauri,SF,1508657,V. Saez Moreno,SF,1632609,C. Che Tortola,SF,1.5,92.0,3.0,1.0,2.0,78.3,26.1,52.2
2480252,19,981346,LA CORDÁ DE PATERNA NB,HOME,2049442,I. Broncano Avellaneda,SF,2796302,P. Gabriel,SF,2163606,C. Sancho Mauri,SF,1508657,V. Saez Moreno,SF,2173687,M. Llompart Perello,SF,4.3,258.0,6.0,8.0,-2.0,55.8,74.4,-18.6
2480252,19,981346,LA CORDÁ DE PATERNA NB,HOME,2049442,I. Broncano Avellaneda,SF,2796302,P. Gabriel,SF,2163606,C. Sancho Mauri,SF,1632609,C. Che Tortola,SF,2024557,M. Bleda Ortega,SF,1.4,87.0,0.0,2.0,-2.0,0.0,55.2,-55.2
2480252,19,981346,LA CORDÁ DE PATERNA NB,HOME,2049442,I. Broncano Avellaneda,SF,2796302,P. Gabriel,SF,2163606,C. Sancho Mauri,SF,2173687,M. Llompart Perello,SF,2024557,M. Bleda Ortega,SF,1.1,65.0,2.0,2.0,0.0,73.8,73.8,0.0
2480252,19,981346,LA CORDÁ DE PATERNA NB,HOME,2163606,C. Sancho Mauri,SF,1508657,V. Saez Moreno,SF,1632609,C. Che Tortola,SF,2864802,N. Lagowski,SF,2024557,M. Bleda Ortega,SF,1.0,61.0,2.0,2.0,0.0,78.7,78.7,0.0
2480252,19,981346,LA CORDÁ DE PATERNA NB,HOME,2653963,A. Traore,SF,1632609,C. Che Tortola,SF,2864802,N. Lagowski,SF,2024557,M. Bleda Ortega,SF,2071471,P. Saravia Logroño,SF,10.2,611.0,20.0,34.0,-14.0,78.6,133.6,-55.0
2480252,19,981346,LA CORDÁ DE PATERNA NB,HOME,2653963,A. Traore,SF,2163606,C. Sancho Mauri,SF,1508657,V. Saez Moreno,SF,1632609,C. Che Tortola,SF,2024557,M. Bleda Ortega,SF,0.4,26.0,0.0,0.0,0.0,0.0,0.0,0.0
2480252,19,981346,LA CORDÁ DE PATERNA NB,HOME,2653963,A. Traore,SF,2163606,C. Sancho Mauri,SF,2173687,M. Llompart Perello,SF,2024557,M. Bleda Ortega,SF,2071471,P. Saravia Logroño,SF,0.6,34.0,0.0,2.0,-2.0,0.0,141.2,-141.2
2480252,19,981346,LA CORDÁ DE PATERNA NB,HOME,2653963,A. Traore,SF,2173687,M. Llompart Perello,SF,2864802,N. Lagowski,SF,2024557,M. Bleda Ortega,SF,2071471,P. Saravia Logroño,SF,0.2,13.0,0.0,2.0,-2.0,0.0,369.2,-369.2
2480252,19,981346,LA CORDÁ DE PATERNA NB,HOME,2796302,P. Gabriel,SF,1508657,V. Saez Moreno,SF,1632609,C. Che Tortola,SF,2864802,N. Lagowski,SF,2071471,P. Saravia Logroño,SF,1.3,80.0,3.0,4.0,-1.0,90.0,120.0,-30.0
2480252,19,981346,LA CORDÁ DE PATERNA NB,HOME,2796302,P. Gabriel,SF,1632609,C. Che Tortola,SF,2864802,N. Lagowski,SF,2024557,M. Bleda Ortega,SF,2071471,P. Saravia Logroño,SF,0.7,44.0,2.0,3.0,-1.0,109.1,163.6,-54.5
2480253,19,979919,RECOLETAS ZAMORA,AWAY,1599354,A. Tainta Lizalde,SF,2239381,D. Angel Villen,SF,2734310,E. Resende Carregosa,SF,2110765,A. Perez Relancio,SF,1259670,B. Sanchez Marrufo,SF,5.7,339.0,5.0,10.0,-5.0,35.4,70.8,-35.4
2480253,19,979919,RECOLETAS ZAMORA,AWAY,1599354,A. Tainta Lizalde,SF,2239381,D. Angel Villen,SF,2734310,E. Resende Carregosa,SF,2561100,F. Pouye,SF,1259670,B. Sanchez Marrufo,SF,2.1,131.0,0.0,4.0,-4.0,0.0,73.3,-73.3
2480253,19,979919,RECOLETAS ZAMORA,AWAY,1599354,A. Tainta Lizalde,SF,2432306,F. Niski Castelao,SF,2239381,D. Angel Villen,SF,2110765,A. Perez Relancio,SF,1259670,B. Sanchez Marrufo,SF,1.4,82.0,2.0,6.0,-4.0,58.5,175.6,-117.1
2480253,19,979919,RECOLETAS ZAMORA,AWAY,1599354,A. Tainta Lizalde,SF,2432306,F. Niski Castelao,SF,2239381,D. Angel Villen,SF,2561100,F. Pouye,SF,1259670,B. Sanchez Marrufo,SF,3.3,196.0,3.0,5.0,-2.0,36.7,61.2,-24.5
2480253,19,979919,RECOLETAS ZAMORA,AWAY,1599354,A. Tainta Lizalde,SF,2432306,F. Niski Castelao,SF,2239381,D. Angel Villen,SF,2734310,E. Resende Carregosa,SF,2110765,A. Perez Relancio,SF,4.1,250.0,8.0,5.0,3.0,76.8,48.0,28.8
2480253,19,979919,RECOLETAS ZAMORA,AWAY,1599354,A. Tainta Lizalde,SF,2432306,F. Niski Castelao,SF,2734310,E. Resende Carregosa,SF,2110765,A. Perez Relancio,SF,1259670,B. Sanchez Marrufo,SF,5.6,336.0,9.0,8.0,1.0,64.3,57.1,7.1
2480253,19,979919,RECOLETAS ZAMORA,AWAY,1599354,A. Tainta Lizalde,SF,2432306,F. Niski Castelao,SF,2734310,E. Resende Carregosa,SF,2561100,F. Pouye,SF,1259670,B. Sanchez Marrufo,SF,3.2,198.0,4.0,9.0,-5.0,48.5,109.1,-60.6
2480253,19,979919,RECOLETAS ZAMORA,AWAY,1599354,A. Tainta Lizalde,SF,2817152,F. Filor,SF,2239381,D. Angel Villen,SF,2734310,E. Resende Carregosa,SF,2110765,A. Perez Relancio,SF,4.4,264.0,6.0,7.0,-1.0,54.5,63.6,-9.1
2480253,19,979919,RECOLETAS ZAMORA,AWAY,1599354,A. Tainta Lizalde,SF,2817152,F. Filor,SF,2239381,D. Angel Villen,SF,2734310,E. Resende Carregosa,SF,2561100,F. Pouye,SF,0.0,1.0,0.0,0.0,0.0,0.0,0.0,0.0
2480253,19,979919,RECOLETAS ZAMORA,AWAY,1599354,A. Tainta Lizalde,SF,2817152,F. Filor,SF,2432306,F. Niski Castelao,SF,2239381,D. Angel Villen,SF,2561100,F. Pouye,SF,6.9,414.0,11.0,5.0,6.0,63.8,29.0,34.8
2480253,19,979919,RECOLETAS ZAMORA,AWAY,1599354,A. Tainta Lizalde,SF,2817152,F. Filor,SF,2432306,F. Niski Castelao,SF,2734310,E. Resende Carregosa,SF,1259670,B. Sanchez Marrufo,SF,1.9,115.0,3.0,0.0,3.0,62.6,0.0,62.6
2480253,19,979919,RECOLETAS ZAMORA,AWAY,1599354,A. Tainta Lizalde,SF,2817152,F. Filor,SF,2734310,E. Resende Carregosa,SF,2110765,A. Perez Relancio,SF,2561100,F. Pouye,SF,1.1,65.0,2.0,3.0,-1.0,73.8,110.8,-36.9
2480253,19,979919,RECOLETAS ZAMORA,AWAY,1599354,A. Tainta Lizalde,SF,2817152,F. Filor,SF,2734310,E. Resende Carregosa,SF,2561100,F. Pouye,SF,1259670,B. Sanchez Marrufo,SF,0.1,9.0,0.0,2.0,-2.0,0.0,533.3,-533.3
2480253,19,979952,LA LAGUNA TOYOTA  ADAREVA,HOME,1128614,I. Arregui Mariezcurrena,SF,1379088,P. Soler Suarez,SF,1884959,M. Luque Caballero,SF,1878753,N. Ibañez Silvestre,SF,2735173,M. Forsyth,SF,2.8,170.0,2.0,3.0,-1.0,28.2,42.4,-14.1
2480253,19,979952,LA LAGUNA TOYOTA  ADAREVA,HOME,1128614,I. Arregui Mariezcurrena,SF,1613926,M. Gomez Fernandez,SF,1884959,M. Luque Caballero,SF,1878753,N. Ibañez Silvestre,SF,2432295,B. Stevanovic,SF,1.3,78.0,0.0,0.0,0.0,0.0,0.0,0.0
2480253,19,979952,LA LAGUNA TOYOTA  ADAREVA,HOME,1128614,I. Arregui Mariezcurrena,SF,1878753,N. Ibañez Silvestre,SF,2432295,B. Stevanovic,SF,1613926,M. Gomez Fernandez,SF,2735173,M. Forsyth,SF,0.8,45.0,0.0,3.0,-3.0,0.0,160.0,-160.0
2480253,19,979952,LA LAGUNA TOYOTA  ADAREVA,HOME,1128614,I. Arregui Mariezcurrena,SF,1884959,M. Luque Caballero,SF,1878753,N. Ibañez Silvestre,SF,1613926,M. Gomez Fernandez,SF,2735173,M. Forsyth,SF,0.7,46.0,2.0,0.0,2.0,104.3,0.0,104.3
2480253,19,979952,LA LAGUNA TOYOTA  ADAREVA,HOME,1128614,I. Arregui Mariezcurrena,SF,1884959,M. Luque Caballero,SF,1878753,N. Ibañez Silvestre,SF,2432295,B. Stevanovic,SF,2735173,M. Forsyth,SF,2.7,162.0,7.0,5.0,2.0,103.7,74.1,29.6
2480253,19,979952,LA LAGUNA TOYOTA  ADAREVA,HOME,1128614,I. Arregui Mariezcurrena,SF,1884959,M. Luque Caballero,SF,2432295,B. Stevanovic,SF,1613926,M. Gomez Fernandez,SF,2735173,M. Forsyth,SF,0.1,9.0,2.0,0.0,2.0,533.3,0.0,533.3
2480253,19,979952,LA LAGUNA TOYOTA  ADAREVA,HOME,1613926,M. Gomez Fernandez,SF,1128614,I. Arregui Mariezcurrena,SF,1379088,P. Soler Suarez,SF,1884959,M. Luque Caballero,SF,2432295,B. Stevanovic,SF,4.3,259.0,3.0,4.0,-1.0,27.8,37.1,-9.3
2480253,19,979952,LA LAGUNA TOYOTA  ADAREVA,HOME,1613926,M. Gomez Fernandez,SF,1128614,I. Arregui Mariezcurrena,SF,1379088,P. Soler Suarez,SF,1884959,M. Luque Caballero,SF,2735173,M. Forsyth,SF,0.0,1.0,0.0,0.0,0.0,0.0,0.0,0.0
2480253,19,979952,LA LAGUNA TOYOTA  ADAREVA,HOME,1613926,M. Gomez Fernandez,SF,1128614,I. Arregui Mariezcurrena,SF,1884959,M. Luque Caballero,SF,1878753,N. Ibañez Silvestre,SF,2735173,M. Forsyth,SF,1.7,101.0,3.0,4.0,-1.0,71.3,95.0,-23.8
2480253,19,979952,LA LAGUNA TOYOTA  ADAREVA,HOME,1613926,M. Gomez Fernandez,SF,1379088,P. Soler Suarez,SF,1884959,M. Luque Caballero,SF,2432295,B. Stevanovic,SF,2735173,M. Forsyth,SF,8.7,521.0,14.0,8.0,6.0,64.5,36.9,27.6
2480253,19,979952,LA LAGUNA TOYOTA  ADAREVA,HOME,1613926,M. Gomez Fernandez,SF,1884959,M. Luque Caballero,SF,1878753,N. Ibañez Silvestre,SF,2246211,L. Yohann Siverio,SF,2735173,M. Forsyth,SF,2.2,134.0,6.0,9.0,-3.0,107.5,161.2,-53.7
2480253,19,979952,LA LAGUNA TOYOTA  ADAREVA,HOME,1613926,M. Gomez Fernandez,SF,1884959,M. Luque Caballero,SF,1878753,N. Ibañez Silvestre,SF,2432295,B. Stevanovic,SF,2735173,M. Forsyth,SF,1.9,118.0,2.0,2.0,0.0,40.7,40.7,0.0
2480253,19,979952,LA LAGUNA TOYOTA  ADAREVA,HOME,1884959,M. Luque Caballero,SF,1379088,P. Soler Suarez,SF,2432295,B. Stevanovic,SF,1613926,M. Gomez Fernandez,SF,2735173,M. Forsyth,SF,7.0,423.0,12.0,8.0,4.0,68.1,45.4,22.7
2480253,19,979952,LA LAGUNA TOYOTA  ADAREVA,HOME,1884959,M. Luque Caballero,SF,1878753,N. Ibañez Silvestre,SF,2246211,L. Yohann Siverio,SF,2432295,B. Stevanovic,SF,2735173,M. Forsyth,SF,2.6,156.0,5.0,1.0,4.0,76.9,15.4,61.5
2480253,19,979952,LA LAGUNA TOYOTA  ADAREVA,HOME,1884959,M. Luque Caballero,SF,1878753,N. Ibañez Silvestre,SF,2432295,B. Stevanovic,SF,1613926,M. Gomez Fernandez,SF,2735173,M. Forsyth,SF,3.0,177.0,6.0,6.0,0.0,81.4,81.4,0.0
2480254,19,981208,ALTER ENERSUN AL-QÁZERES EXTREMADURA,AWAY,1860325,L. Fontela Cabaleiro,SF,1112483,L. Mendez Lamas,SF,1902336,N. Liste Alfonsin,SF,2815234,I. Tavares Ramos,SF,1889214,C. Prieto Pereda,SF,1.8,110.0,8.0,0.0,8.0,174.5,0.0,174.5
2480254,19,981208,ALTER ENERSUN AL-QÁZERES EXTREMADURA,AWAY,1860325,L. Fontela Cabaleiro,SF,2432389,J. De Barros Filipe,SF,1112483,L. Mendez Lamas,SF,1902336,N. Liste Alfonsin,SF,1889214,C. Prieto Pereda,SF,1.7,102.0,0.0,0.0,0.0,0.0,0.0,0.0
2480254,19,981208,ALTER ENERSUN AL-QÁZERES EXTREMADURA,AWAY,1860325,L. Fontela Cabaleiro,SF,2432389,J. De Barros Filipe,SF,1112483,L. Mendez Lamas,SF,1902336,N. Liste Alfonsin,SF,2815234,I. Tavares Ramos,SF,4.1,243.0,5.0,16.0,-11.0,49.4,158.0,-108.6
2480254,19,981208,ALTER ENERSUN AL-QÁZERES EXTREMADURA,AWAY,1860325,L. Fontela Cabaleiro,SF,2815153,V. Gauna,SF,1112483,L. Mendez Lamas,SF,1902336,N. Liste Alfonsin,SF,2815234,I. Tavares Ramos,SF,1.2,71.0,2.0,2.0,0.0,67.6,67.6,0.0
2480254,19,981208,ALTER ENERSUN AL-QÁZERES EXTREMADURA,AWAY,1860325,L. Fontela Cabaleiro,SF,2815153,V. Gauna,SF,1902336,N. Liste Alfonsin,SF,2815234,I. Tavares Ramos,SF,2044012,C. Suárez Fernández,SF,1.8,107.0,0.0,5.0,-5.0,0.0,112.1,-112.1
2480254,19,981208,ALTER ENERSUN AL-QÁZERES EXTREMADURA,AWAY,2056237,L. Salmeron Segu,SF,1112483,L. Mendez Lamas,SF,1902336,N. Liste Alfonsin,SF,2815234,I. Tavares Ramos,SF,1889214,C. Prieto Pereda,SF,1.9,115.0,0.0,2.0,-2.0,0.0,41.7,-41.7
2480254,19,981208,ALTER ENERSUN AL-QÁZERES EXTREMADURA,AWAY,2056237,L. Salmeron Segu,SF,1860325,L. Fontela Cabaleiro,SF,1112483,L. Mendez Lamas,SF,1902336,N. Liste Alfonsin,SF,1889214,C. Prieto Pereda,SF,3.7,223.0,2.0,5.0,-3.0,21.5,53.8,-32.3
2480254,19,981208,ALTER ENERSUN AL-QÁZERES EXTREMADURA,AWAY,2056237,L. Salmeron Segu,SF,1860325,L. Fontela Cabaleiro,SF,1112483,L. Mendez Lamas,SF,1902336,N. Liste Alfonsin,SF,2815234,I. Tavares Ramos,SF,1.0,61.0,0.0,1.0,-1.0,0.0,39.3,-39.3
2480254,19,981208,ALTER ENERSUN AL-QÁZERES EXTREMADURA,AWAY,2056237,L. Salmeron Segu,SF,1860325,L. Fontela Cabaleiro,SF,2432389,J. De Barros Filipe,SF,1112483,L. Mendez Lamas,SF,1902336,N. Liste Alfonsin,SF,0.1,4.0,0.0,0.0,0.0,0.0,0.0,0.0
2480254,19,981208,ALTER ENERSUN AL-QÁZERES EXTREMADURA,AWAY,2056237,L. Salmeron Segu,SF,1860325,L. Fontela Cabaleiro,SF,2815153,V. Gauna,SF,1112483,L. Mendez Lamas,SF,1902336,N. Liste Alfonsin,SF,1.8,108.0,3.0,0.0,3.0,66.7,0.0,66.7
2480254,19,981208,ALTER ENERSUN AL-QÁZERES EXTREMADURA,AWAY,2056237,L. Salmeron Segu,SF,1860325,L. Fontela Cabaleiro,SF,2815153,V. Gauna,SF,1902336,N. Liste Alfonsin,SF,2815234,I. Tavares Ramos,SF,3.0,182.0,5.0,3.0,2.0,65.9,39.6,26.4
2480254,19,981208,ALTER ENERSUN AL-QÁZERES EXTREMADURA,AWAY,2056237,L. Salmeron Segu,SF,1860325,L. Fontela Cabaleiro,SF,2815153,V. Gauna,SF,2432389,J. De Barros Filipe,SF,2815234,I. Tavares Ramos,SF,3.1,187.0,2.0,7.0,-5.0,25.7,89.8,-64.2
2480254,19,981208,ALTER ENERSUN AL-QÁZERES EXTREMADURA,AWAY,2056237,L. Salmeron Segu,SF,1902336,N. Liste Alfonsin,SF,1112483,L. Mendez Lamas,SF,2044012,C. Suárez Fernández,SF,1889214,C. Prieto Pereda,SF,1.5,91.0,5.0,2.0,3.0,131.9,52.7,79.1
2480254,19,981208,ALTER ENERSUN AL-QÁZERES EXTREMADURA,AWAY,2056237,L. Salmeron Segu,SF,2432389,J. De Barros Filipe,SF,1112483,L. Mendez Lamas,SF,1902336,N. Liste Alfonsin,SF,2815234,I. Tavares Ramos,SF,0.8,46.0,0.0,2.0,-2.0,0.0,104.3,-104.3
2480254,19,981208,ALTER ENERSUN AL-QÁZERES EXTREMADURA,AWAY,2056237,L. Salmeron Segu,SF,2815153,V. Gauna,SF,1112483,L. Mendez Lamas,SF,1902336,N. Liste Alfonsin,SF,2044012,C. Suárez Fernández,SF,0.5,32.0,0.0,0.0,0.0,0.0,0.0,0.0
2480254,19,981208,ALTER ENERSUN AL-QÁZERES EXTREMADURA,AWAY,2056237,L. Salmeron Segu,SF,2815153,V. Gauna,SF,1902336,N. Liste Alfonsin,SF,2044012,C. Suárez Fernández,SF,1889214,C. Prieto Pereda,SF,1.9,114.0,4.0,2.0,2.0,84.2,42.1,42.1
2480254,19,981208,ALTER ENERSUN AL-QÁZERES EXTREMADURA,AWAY,2056237,L. Salmeron Segu,SF,2815153,V. Gauna,SF,2432389,J. De Barros Filipe,SF,1902336,N. Liste Alfonsin,SF,2815234,I. Tavares Ramos,SF,4.5,271.0,10.0,7.0,3.0,88.6,62.0,26.6
2480254,19,981208,ALTER ENERSUN AL-QÁZERES EXTREMADURA,AWAY,2815153,V. Gauna,SF,2432389,J. De Barros Filipe,SF,1112483,L. Mendez Lamas,SF,1902336,N. Liste Alfonsin,SF,2815234,I. Tavares Ramos,SF,1.3,79.0,2.0,0.0,2.0,60.8,0.0,60.8
2480254,19,981208,ALTER ENERSUN AL-QÁZERES EXTREMADURA,AWAY,2815153,V. Gauna,SF,2432389,J. De Barros Filipe,SF,1902336,N. Liste Alfonsin,SF,2815234,I. Tavares Ramos,SF,1889214,C. Prieto Pereda,SF,3.1,188.0,2.0,9.0,-7.0,25.5,114.9,-89.4
2480254,19,981208,ALTER ENERSUN AL-QÁZERES EXTREMADURA,AWAY,2815153,V. Gauna,SF,2432389,J. De Barros Filipe,SF,1902336,N. Liste Alfonsin,SF,2815234,I. Tavares Ramos,SF,2044012,C. Suárez Fernández,SF,1.1,66.0,0.0,3.0,-3.0,0.0,109.1,-109.1
2480254,19,981492,CELTA  FEMXA ZORKA,HOME,2179703,N. Martínez Quintana,SF,2179984,U. Rodríguez Silva,SF,1898932,M. Gea Becerra,SF,2276545,M. Vizmanos Iglesis,SF,2121212,P. Salinas Mascuñana,SF,0.9,53.0,4.0,0.0,4.0,181.1,0.0,181.1
2480254,19,981492,CELTA  FEMXA ZORKA,HOME,2644595,I. Vennema,SF,1898932,M. Gea Becerra,SF,2179984,U. Rodríguez Silva,SF,2276545,M. Vizmanos Iglesis,SF,2121212,P. Salinas Mascuñana,SF,2.0,121.0,1.0,0.0,1.0,19.8,0.0,19.8
2480254,19,981492,CELTA  FEMXA ZORKA,HOME,2644595,I. Vennema,SF,2179703,N. Martínez Quintana,SF,1898932,M. Gea Becerra,SF,2179984,U. Rodríguez Silva,SF,2276545,M. Vizmanos Iglesis,SF,1.8,110.0,0.0,8.0,-8.0,0.0,174.5,-174.5
2480254,19,981492,CELTA  FEMXA ZORKA,HOME,2644595,I. Vennema,SF,2179703,N. Martínez Quintana,SF,1898932,M. Gea Becerra,SF,2276545,M. Vizmanos Iglesis,SF,2121212,P. Salinas Mascuñana,SF,1.9,114.0,2.0,6.0,-4.0,42.1,126.3,-84.2
2480254,19,981492,CELTA  FEMXA ZORKA,HOME,2644595,I. Vennema,SF,2179703,N. Martínez Quintana,SF,2049773,D. Bermejo Escribano,SF,1898932,M. Gea Becerra,SF,2121212,P. Salinas Mascuñana,SF,1.1,65.0,3.0,2.0,1.0,110.8,73.8,36.9
2480254,19,981492,CELTA  FEMXA ZORKA,HOME,2644595,I. Vennema,SF,2179703,N. Martínez Quintana,SF,2049773,D. Bermejo Escribano,SF,2121212,P. Salinas Mascuñana,SF,2814638,J. Kelliher,SF,3.3,197.0,9.0,0.0,9.0,109.6,0.0,109.6
2480254,19,981492,CELTA  FEMXA ZORKA,HOME,2644595,I. Vennema,SF,2179703,N. Martínez Quintana,SF,2179984,U. Rodríguez Silva,SF,1898932,M. Gea Becerra,SF,2121212,P. Salinas Mascuñana,SF,2.0,123.0,2.0,3.0,-1.0,39.0,58.5,-19.5
2480254,19,981492,CELTA  FEMXA ZORKA,HOME,2644595,I. Vennema,SF,2179703,N. Martínez Quintana,SF,2179984,U. Rodríguez Silva,SF,1898932,M. Gea Becerra,SF,2276545,M. Vizmanos Iglesis,SF,4.8,290.0,5.0,5.0,0.0,41.4,41.4,0.0
2480254,19,981492,CELTA  FEMXA ZORKA,HOME,2743289,D. Cabrera Baccon,SF,1898932,M. Gea Becerra,SF,2121212,P. Salinas Mascuñana,SF,2814638,J. Kelliher,SF,2651124,A. Boquete Manna,SF,2.9,177.0,6.0,0.0,6.0,81.4,0.0,81.4
2480254,19,981492,CELTA  FEMXA ZORKA,HOME,2743289,D. Cabrera Baccon,SF,1898932,M. Gea Becerra,SF,2179984,U. Rodríguez Silva,SF,2121212,P. Salinas Mascuñana,SF,2814638,J. Kelliher,SF,2.0,122.0,1.0,5.0,-4.0,19.7,98.4,-78.7
2480254,19,981492,CELTA  FEMXA ZORKA,HOME,2743289,D. Cabrera Baccon,SF,2049773,D. Bermejo Escribano,SF,2121212,P. Salinas Mascuñana,SF,2814638,J. Kelliher,SF,2651124,A. Boquete Manna,SF,1.2,70.0,3.0,2.0,1.0,102.9,68.6,34.3
2480254,19,981492,CELTA  FEMXA ZORKA,HOME,2743289,D. Cabrera Baccon,SF,2179703,N. Martínez Quintana,SF,2049773,D. Bermejo Escribano,SF,1898932,M. Gea Becerra,SF,2121212,P. Salinas Mascuñana,SF,3.4,205.0,7.0,2.0,5.0,82.0,23.4,58.5
2480254,19,981492,CELTA  FEMXA ZORKA,HOME,2743289,D. Cabrera Baccon,SF,2179703,N. Martínez Quintana,SF,2049773,D. Bermejo Escribano,SF,2121212,P. Salinas Mascuñana,SF,2814638,J. Kelliher,SF,2.6,155.0,7.0,8.0,-1.0,108.4,123.9,-15.5
2480254,19,981492,CELTA  FEMXA ZORKA,HOME,2743289,D. Cabrera Baccon,SF,2179703,N. Martínez Quintana,SF,2049773,D. Bermejo Escribano,SF,2179984,U. Rodríguez Silva,SF,2276545,M. Vizmanos Iglesis,SF,3.6,213.0,9.0,5.0,4.0,101.4,56.3,45.1
2480254,19,981492,CELTA  FEMXA ZORKA,HOME,2743289,D. Cabrera Baccon,SF,2644595,I. Vennema,SF,2179703,N. Martínez Quintana,SF,2049773,D. Bermejo Escribano,SF,2276545,M. Vizmanos Iglesis,SF,3.9,235.0,5.0,0.0,5.0,51.1,0.0,51.1
2480254,19,981492,CELTA  FEMXA ZORKA,HOME,2743289,D. Cabrera Baccon,SF,2644595,I. Vennema,SF,2179703,N. Martínez Quintana,SF,2179984,U. Rodríguez Silva,SF,1898932,M. Gea Becerra,SF,2.5,150.0,2.0,4.0,-2.0,32.0,64.0,-32.0
2480255,19,979770,MELILLA CIUDAD DEL DEPORTE LA SALLE,AWAY,1756623,A. Hernangomez Geuer,SF,1713801,C. Torrubia Cano,SF,1946976,L. Moya Blanch,SF,1454479,A. Senosiain Vergarachea,SF,1587316,C. Caceres Ayala,SF,0.6,35.0,3.0,0.0,3.0,205.7,0.0,205.7
2480255,19,979770,MELILLA CIUDAD DEL DEPORTE LA SALLE,AWAY,1756623,A. Hernangomez Geuer,SF,1713801,C. Torrubia Cano,SF,1946976,L. Moya Blanch,SF,1454479,A. Senosiain Vergarachea,SF,2814864,R. Monteiro Da Silva,SF,0.1,7.0,0.0,0.0,0.0,0.0,0.0,0.0
2480255,19,979770,MELILLA CIUDAD DEL DEPORTE LA SALLE,AWAY,1756623,A. Hernangomez Geuer,SF,1946976,L. Moya Blanch,SF,1454479,A. Senosiain Vergarachea,SF,1587316,C. Caceres Ayala,SF,1829640,A. Sanchez Davila,SF,0.2,13.0,0.0,0.0,0.0,0.0,0.0,0.0
2480255,19,979770,MELILLA CIUDAD DEL DEPORTE LA SALLE,AWAY,1756623,A. Hernangomez Geuer,SF,1946976,L. Moya Blanch,SF,1454479,A. Senosiain Vergarachea,SF,2814864,R. Monteiro Da Silva,SF,1587316,C. Caceres Ayala,SF,1.9,114.0,3.0,3.0,0.0,63.2,63.2,0.0
2480255,19,979770,MELILLA CIUDAD DEL DEPORTE LA SALLE,AWAY,1756623,A. Hernangomez Geuer,SF,1946976,L. Moya Blanch,SF,1454479,A. Senosiain Vergarachea,SF,2814864,R. Monteiro Da Silva,SF,1829640,A. Sanchez Davila,SF,2.9,177.0,8.0,5.0,3.0,108.5,67.8,40.7
2480255,19,979770,MELILLA CIUDAD DEL DEPORTE LA SALLE,AWAY,1756623,A. Hernangomez Geuer,SF,2104399,C. Garcia Muñoz,SF,1454479,A. Senosiain Vergarachea,SF,2814864,R. Monteiro Da Silva,SF,1587316,C. Caceres Ayala,SF,2.0,121.0,5.0,5.0,0.0,99.2,99.2,0.0
2480255,19,979770,MELILLA CIUDAD DEL DEPORTE LA SALLE,AWAY,1756623,A. Hernangomez Geuer,SF,2104399,C. Garcia Muñoz,SF,1454479,A. Senosiain Vergarachea,SF,2814864,R. Monteiro Da Silva,SF,1829640,A. Sanchez Davila,SF,6.6,402.0,10.0,13.0,-3.0,59.7,77.6,-17.9
2480255,19,979770,MELILLA CIUDAD DEL DEPORTE LA SALLE,AWAY,1756623,A. Hernangomez Geuer,SF,2104399,C. Garcia Muñoz,SF,1713801,C. Torrubia Cano,SF,1454479,A. Senosiain Vergarachea,SF,1587316,C. Caceres Ayala,SF,7.6,465.0,13.0,15.0,-2.0,67.1,77.4,-10.3
2480255,19,979770,MELILLA CIUDAD DEL DEPORTE LA SALLE,AWAY,2104399,C. Garcia Muñoz,SF,1946976,L. Moya Blanch,SF,1454479,A. Senosiain Vergarachea,SF,2814864,R. Monteiro Da Silva,SF,1829640,A. Sanchez Davila,SF,1.8,108.0,4.0,4.0,0.0,88.9,88.9,0.0
2480255,19,979770,MELILLA CIUDAD DEL DEPORTE LA SALLE,AWAY,2432929,M. Davydova,SF,1946976,L. Moya Blanch,SF,1454479,A. Senosiain Vergarachea,SF,1587316,C. Caceres Ayala,SF,1829640,A. Sanchez Davila,SF,1.2,75.0,2.0,3.0,-1.0,64.0,96.0,-32.0
2480255,19,979770,MELILLA CIUDAD DEL DEPORTE LA SALLE,AWAY,2432929,M. Davydova,SF,1946976,L. Moya Blanch,SF,1454479,A. Senosiain Vergarachea,SF,2814864,R. Monteiro Da Silva,SF,1587316,C. Caceres Ayala,SF,10.9,660.0,22.0,18.0,4.0,80.0,65.5,14.5
2480255,19,979770,MELILLA CIUDAD DEL DEPORTE LA SALLE,AWAY,2432929,M. Davydova,SF,1946976,L. Moya Blanch,SF,1454479,A. Senosiain Vergarachea,SF,2814864,R. Monteiro Da Silva,SF,1829640,A. Sanchez Davila,SF,3.8,223.0,2.0,2.0,0.0,21.5,21.5,0.0
2480255,19,979971,OSES CONSTRUCCION,HOME,1044456,M. Asurmendi Villaverde,SF,2561097,A. Diez Pastor,SF,2432778,J. Mungo Lanzetti,SF,2561102,M. Blanco Morcillo,SF,2432513,V. Llorente,SF,0.2,13.0,0.0,0.0,0.0,0.0,0.0,0.0
2480255,19,979971,OSES CONSTRUCCION,HOME,1588922,L. Gutierrez Lancho,SF,2364706,F. Parra,SF,1824910,S. Castro Marrero,SF,2432513,V. Llorente,SF,1820835,A. Wone Aranaz,SF,1.1,65.0,0.0,1.0,-1.0,0.0,36.9,-36.9
2480255,19,979971,OSES CONSTRUCCION,HOME,1588922,L. Gutierrez Lancho,SF,2364706,F. Parra,SF,2432778,J. Mungo Lanzetti,SF,1824910,S. Castro Marrero,SF,1820835,A. Wone Aranaz,SF,3.6,216.0,8.0,8.0,0.0,88.9,88.9,0.0
2480255,19,979971,OSES CONSTRUCCION,HOME,1588922,L. Gutierrez Lancho,SF,2364706,F. Parra,SF,2432778,J. Mungo Lanzetti,SF,1824910,S. Castro Marrero,SF,2432513,V. Llorente,SF,4.9,293.0,10.0,7.0,3.0,81.9,57.3,24.6
2480255,19,979971,OSES CONSTRUCCION,HOME,1588922,L. Gutierrez Lancho,SF,2364706,F. Parra,SF,2432778,J. Mungo Lanzetti,SF,2432513,V. Llorente,SF,1820835,A. Wone Aranaz,SF,7.1,432.0,13.0,12.0,1.0,72.2,66.7,5.6
2480255,19,979971,OSES CONSTRUCCION,HOME,1588922,L. Gutierrez Lancho,SF,2432778,J. Mungo Lanzetti,SF,1824910,S. Castro Marrero,SF,2561102,M. Blanco Morcillo,SF,1820835,A. Wone Aranaz,SF,5.0,301.0,5.0,13.0,-8.0,39.9,103.7,-63.8
2480255,19,979971,OSES CONSTRUCCION,HOME,1588922,L. Gutierrez Lancho,SF,2432778,J. Mungo Lanzetti,SF,1824910,S. Castro Marrero,SF,2561102,M. Blanco Morcillo,SF,2432513,V. Llorente,SF,5.1,311.0,11.0,6.0,5.0,84.9,46.3,38.6
2480255,19,979971,OSES CONSTRUCCION,HOME,1588922,L. Gutierrez Lancho,SF,2432778,J. Mungo Lanzetti,SF,2561102,M. Blanco Morcillo,SF,1824910,S. Castro Marrero,SF,2432513,V. Llorente,SF,0.5,35.0,5.0,6.0,-1.0,342.9,411.4,-68.6
2480255,19,979971,OSES CONSTRUCCION,HOME,2364706,F. Parra,SF,1044456,M. Asurmendi Villaverde,SF,1824910,S. Castro Marrero,SF,2432513,V. Llorente,SF,1820835,A. Wone Aranaz,SF,0.3,20.0,3.0,2.0,1.0,360.0,240.0,120.0
2480255,19,979971,OSES CONSTRUCCION,HOME,2364706,F. Parra,SF,1044456,M. Asurmendi Villaverde,SF,2561097,A. Diez Pastor,SF,2432513,V. Llorente,SF,1820835,A. Wone Aranaz,SF,4.0,245.0,4.0,6.0,-2.0,39.2,58.8,-19.6
2480255,19,979971,OSES CONSTRUCCION,HOME,2364706,F. Parra,SF,1044456,M. Asurmendi Villaverde,SF,2561097,A. Diez Pastor,SF,2432778,J. Mungo Lanzetti,SF,2432513,V. Llorente,SF,0.3,17.0,0.0,3.0,-3.0,0.0,423.5,-423.5
2480255,19,979971,OSES CONSTRUCCION,HOME,2364706,F. Parra,SF,2432778,J. Mungo Lanzetti,SF,1824910,S. Castro Marrero,SF,2561102,M. Blanco Morcillo,SF,1820835,A. Wone Aranaz,SF,2.4,144.0,4.0,2.0,2.0,66.7,33.3,33.3
2480255,19,979971,OSES CONSTRUCCION,HOME,2364706,F. Parra,SF,2432778,J. Mungo Lanzetti,SF,2561102,M. Blanco Morcillo,SF,2432513,V. Llorente,SF,1820835,A. Wone Aranaz,SF,1.2,72.0,2.0,4.0,-2.0,66.7,133.3,-66.7
2480255,19,979971,OSES CONSTRUCCION,HOME,2364706,F. Parra,SF,2561097,A. Diez Pastor,SF,2432778,J. Mungo Lanzetti,SF,2561102,M. Blanco Morcillo,SF,1820835,A. Wone Aranaz,SF,3.9,236.0,3.0,2.0,1.0,30.5,20.3,10.2
2480256,19,979988,FUSTECMA NBF CASTELLÓ,HOME,1680760,S. Carli Del Pino,SF,1460562,C. Perez Relancio,SF,2144678,L. Jovena Meseguer,SF,2827468,A. Bourgarel Aparicio,SF,1618451,L. Campos De Bengoa,SF,3.0,173.0,3.0,4.0,-1.0,41.6,55.5,-13.9
2480256,19,979988,FUSTECMA NBF CASTELLÓ,HOME,1680760,S. Carli Del Pino,SF,2131367,S. Basaez Narvaez,SF,2087212,L. Ruiz De La Hermosa Arce,SF,1460562,C. Perez Relancio,SF,2144678,L. Jovena Meseguer,SF,2.4,143.0,2.0,6.0,-4.0,33.6,100.7,-67.1
2480256,19,979988,FUSTECMA NBF CASTELLÓ,HOME,1680760,S. Carli Del Pino,SF,2131367,S. Basaez Narvaez,SF,2274867,L. De Giacomo,SF,2087212,L. Ruiz De La Hermosa Arce,SF,2144678,L. Jovena Meseguer,SF,0.2,10.0,0.0,0.0,0.0,0.0,0.0,0.0
2480256,19,979988,FUSTECMA NBF CASTELLÓ,HOME,1680760,S. Carli Del Pino,SF,2829993,G. Aiello,SF,1460562,C. Perez Relancio,SF,1932094,J. Gomez Guimera,SF,1618451,L. Campos De Bengoa,SF,0.1,8.0,2.0,0.0,2.0,600.0,0.0,600.0
2480256,19,979988,FUSTECMA NBF CASTELLÓ,HOME,1680760,S. Carli Del Pino,SF,2829993,G. Aiello,SF,2087212,L. Ruiz De La Hermosa Arce,SF,1932094,J. Gomez Guimera,SF,1618451,L. Campos De Bengoa,SF,0.0,2.0,0.0,0.0,0.0,0.0,0.0,0.0
2480256,19,979988,FUSTECMA NBF CASTELLÓ,HOME,1680760,S. Carli Del Pino,SF,2829993,G. Aiello,SF,2131367,S. Basaez Narvaez,SF,1460562,C. Perez Relancio,SF,1618451,L. Campos De Bengoa,SF,2.5,151.0,2.0,0.0,2.0,31.8,0.0,31.8
2480256,19,979988,FUSTECMA NBF CASTELLÓ,HOME,1680760,S. Carli Del Pino,SF,2829993,G. Aiello,SF,2131367,S. Basaez Narvaez,SF,1460562,C. Perez Relancio,SF,1932094,J. Gomez Guimera,SF,8.0,477.0,15.0,10.0,5.0,75.5,50.3,25.2
2480256,19,979988,FUSTECMA NBF CASTELLÓ,HOME,1680760,S. Carli Del Pino,SF,2829993,G. Aiello,SF,2131367,S. Basaez Narvaez,SF,1460562,C. Perez Relancio,SF,2827468,A. Bourgarel Aparicio,SF,2.8,171.0,6.0,3.0,3.0,84.2,42.1,42.1
2480256,19,979988,FUSTECMA NBF CASTELLÓ,HOME,1680760,S. Carli Del Pino,SF,2829993,G. Aiello,SF,2131367,S. Basaez Narvaez,SF,2087212,L. Ruiz De La Hermosa Arce,SF,1460562,C. Perez Relancio,SF,2.1,126.0,0.0,2.0,-2.0,0.0,38.1,-38.1
2480256,19,979988,FUSTECMA NBF CASTELLÓ,HOME,1680760,S. Carli Del Pino,SF,2829993,G. Aiello,SF,2131367,S. Basaez Narvaez,SF,2274867,L. De Giacomo,SF,1618451,L. Campos De Bengoa,SF,1.7,100.0,0.0,0.0,0.0,0.0,0.0,0.0
2480256,19,979988,FUSTECMA NBF CASTELLÓ,HOME,1680760,S. Carli Del Pino,SF,2829993,G. Aiello,SF,2131367,S. Basaez Narvaez,SF,2274867,L. De Giacomo,SF,1932094,J. Gomez Guimera,SF,3.0,179.0,2.0,8.0,-6.0,26.8,107.3,-80.4
2480256,19,979988,FUSTECMA NBF CASTELLÓ,HOME,1680760,S. Carli Del Pino,SF,2829993,G. Aiello,SF,2131367,S. Basaez Narvaez,SF,2274867,L. De Giacomo,SF,2087212,L. Ruiz De La Hermosa Arce,SF,4.1,252.0,6.0,0.0,6.0,57.1,0.0,57.1
2480256,19,979988,FUSTECMA NBF CASTELLÓ,HOME,1680760,S. Carli Del Pino,SF,2829993,G. Aiello,SF,2274867,L. De Giacomo,SF,2087212,L. Ruiz De La Hermosa Arce,SF,1618451,L. Campos De Bengoa,SF,3.5,212.0,3.0,4.0,-1.0,34.0,45.3,-11.3
2480256,19,979988,FUSTECMA NBF CASTELLÓ,HOME,1680760,S. Carli Del Pino,SF,2829993,G. Aiello,SF,2274867,L. De Giacomo,SF,2827468,A. Bourgarel Aparicio,SF,1618451,L. Campos De Bengoa,SF,6.5,396.0,8.0,10.0,-2.0,48.5,60.6,-12.1
2480256,19,981288,SERNOVA RENOVABLES REAL CANOE,AWAY,2021397,A. Esnal Aguirre,SF,1787143,C. Mato De Prada,SF,1242234,C. Rodriguez Nuñez,SF,2506665,I. Baeza Diez,SF,2866005,E. Zemoura,SF,2.4,143.0,6.0,2.0,4.0,100.7,33.6,67.1
2480256,19,981288,SERNOVA RENOVABLES REAL CANOE,AWAY,2021397,A. Esnal Aguirre,SF,1787143,C. Mato De Prada,SF,1242234,C. Rodriguez Nuñez,SF,2866005,E. Zemoura,SF,2818945,O. Santana Moldavsky,SF,7.4,447.0,6.0,6.0,0.0,32.2,32.2,0.0
2480256,19,981288,SERNOVA RENOVABLES REAL CANOE,AWAY,2021397,A. Esnal Aguirre,SF,1787143,C. Mato De Prada,SF,1927626,C. Flores Garcia,SF,2506665,I. Baeza Diez,SF,1859345,L. Fleta Robles,SF,1.8,109.0,0.0,2.0,-2.0,0.0,44.0,-44.0
2480256,19,981288,SERNOVA RENOVABLES REAL CANOE,AWAY,2097038,P. De Mier Espina,SF,1787143,C. Mato De Prada,SF,1242234,C. Rodriguez Nuñez,SF,2866005,E. Zemoura,SF,1859345,L. Fleta Robles,SF,3.1,187.0,0.0,4.0,-4.0,0.0,51.3,-51.3
2480256,19,981288,SERNOVA RENOVABLES REAL CANOE,AWAY,2097038,P. De Mier Espina,SF,1787143,C. Mato De Prada,SF,1927626,C. Flores Garcia,SF,2506665,I. Baeza Diez,SF,1859345,L. Fleta Robles,SF,1.9,112.0,4.0,2.0,2.0,85.7,42.9,42.9
2480256,19,981288,SERNOVA RENOVABLES REAL CANOE,AWAY,2097038,P. De Mier Espina,SF,1787143,C. Mato De Prada,SF,2866005,E. Zemoura,SF,2818945,O. Santana Moldavsky,SF,1859345,L. Fleta Robles,SF,1.9,112.0,2.0,5.0,-3.0,42.9,107.1,-64.3
2480256,19,981288,SERNOVA RENOVABLES REAL CANOE,AWAY,2097038,P. De Mier Espina,SF,1927626,C. Flores Garcia,SF,1242234,C. Rodriguez Nuñez,SF,2866005,E. Zemoura,SF,1859345,L. Fleta Robles,SF,2.2,135.0,3.0,4.0,-1.0,53.3,71.1,-17.8
2480256,19,981288,SERNOVA RENOVABLES REAL CANOE,AWAY,2097038,P. De Mier Espina,SF,1927626,C. Flores Garcia,SF,2506665,I. Baeza Diez,SF,2866005,E. Zemoura,SF,1859345,L. Fleta Robles,SF,1.1,67.0,4.0,0.0,4.0,143.3,0.0,143.3
2480256,19,981288,SERNOVA RENOVABLES REAL CANOE,AWAY,2097038,P. De Mier Espina,SF,2021397,A. Esnal Aguirre,SF,1242234,C. Rodriguez Nuñez,SF,2506665,I. Baeza Diez,SF,1859345,L. Fleta Robles,SF,3.5,206.0,4.0,4.0,0.0,46.6,46.6,0.0
2480256,19,981288,SERNOVA RENOVABLES REAL CANOE,AWAY,2097038,P. De Mier Espina,SF,2021397,A. Esnal Aguirre,SF,1787143,C. Mato De Prada,SF,1242234,C. Rodriguez Nuñez,SF,2866005,E. Zemoura,SF,7.6,461.0,8.0,13.0,-5.0,41.6,67.7,-26.0
2480256,19,981288,SERNOVA RENOVABLES REAL CANOE,AWAY,2097038,P. De Mier Espina,SF,2021397,A. Esnal Aguirre,SF,1787143,C. Mato De Prada,SF,1927626,C. Flores Garcia,SF,1242234,C. Rodriguez Nuñez,SF,2.8,168.0,2.0,2.0,0.0,28.6,28.6,0.0
2480256,19,981288,SERNOVA RENOVABLES REAL CANOE,AWAY,2097038,P. De Mier Espina,SF,2021397,A. Esnal Aguirre,SF,1927626,C. Flores Garcia,SF,1242234,C. Rodriguez Nuñez,SF,2506665,I. Baeza Diez,SF,0.6,34.0,0.0,0.0,0.0,0.0,0.0,0.0
2480256,19,981288,SERNOVA RENOVABLES REAL CANOE,AWAY,2097038,P. De Mier Espina,SF,2021397,A. Esnal Aguirre,SF,1927626,C. Flores Garcia,SF,1242234,C. Rodriguez Nuñez,SF,2818945,O. Santana Moldavsky,SF,2.6,158.0,6.0,2.0,4.0,91.1,30.4,60.8
2480256,19,981288,SERNOVA RENOVABLES REAL CANOE,AWAY,2097038,P. De Mier Espina,SF,2021397,A. Esnal Aguirre,SF,1927626,C. Flores Garcia,SF,1242234,C. Rodriguez Nuñez,SF,2866005,E. Zemoura,SF,0.0,2.0,0.0,0.0,0.0,0.0,0.0,0.0
2480256,19,981288,SERNOVA RENOVABLES REAL CANOE,AWAY,2097038,P. De Mier Espina,SF,2021397,A. Esnal Aguirre,SF,1927626,C. Flores Garcia,SF,2506665,I. Baeza Diez,SF,1859345,L. Fleta Robles,SF,0.1,3.0,0.0,1.0,-1.0,0.0,800.0,-800.0
2480256,19,981288,SERNOVA RENOVABLES REAL CANOE,AWAY,2097038,P. De Mier Espina,SF,2021397,A. Esnal Aguirre,SF,2866005,E. Zemoura,SF,2818945,O. Santana Moldavsky,SF,1859345,L. Fleta Robles,SF,0.9,56.0,2.0,2.0,0.0,85.7,85.7,0.0
2480257,20,979988,FUSTECMA NBF CASTELLÓ,HOME,1932094,J. Gomez Guimera,PG,1680760,S. Carli Del Pino,SG,2131367,S. Basaez Narvaez,SF,1618451,L. Campos De Bengoa,SF,2274867,L. De Giacomo,PF,2.1,127.0,3.0,4.0,-1.0,56.7,75.6,-18.9
2480257,20,979988,FUSTECMA NBF CASTELLÓ,HOME,1932094,J. Gomez Guimera,PG,1680760,S. Carli Del Pino,SG,2131367,S. Basaez Narvaez,SF,1618451,L. Campos De Bengoa,SF,2829993,G. Aiello,C,2.5,150.0,3.0,4.0,-1.0,48.0,64.0,-16.0
2480257,20,979988,FUSTECMA NBF CASTELLÓ,HOME,1932094,J. Gomez Guimera,PG,2087212,L. Ruiz De La Hermosa Arce,PG,1680760,S. Carli Del Pino,SG,2131367,S. Basaez Narvaez,SF,1618451,L. Campos De Bengoa,SF,1.7999999999999998,110.0,2.0,5.0,-3.0,43.6,109.1,-65.5
2480257,20,979988,FUSTECMA NBF CASTELLÓ,HOME,1932094,J. Gomez Guimera,PG,2087212,L. Ruiz De La Hermosa Arce,PG,1680760,S. Carli Del Pino,SG,2131367,S. Basaez Narvaez,SF,2274867,L. De Giacomo,PF,2.5,150.0,4.0,3.0,1.0,64.0,48.0,16.0
2480257,20,979988,FUSTECMA NBF CASTELLÓ,HOME,1932094,J. Gomez Guimera,PG,2087212,L. Ruiz De La Hermosa Arce,PG,2383616,F. Asemota Augustine,PG,1680760,S. Carli Del Pino,SG,1618451,L. Campos De Bengoa,SF,7.2,430.0,12.0,8.0,4.0,67.0,44.7,22.3
2480257,20,979988,FUSTECMA NBF CASTELLÓ,HOME,1932094,J. Gomez Guimera,PG,2087212,L. Ruiz De La Hermosa Arce,PG,2383616,F. Asemota Augustine,PG,1680760,S. Carli Del Pino,SG,2131367,S. Basaez Narvaez,SF,4.1,245.0,4.0,11.0,-7.0,39.2,107.8,-68.6
2480257,20,979988,FUSTECMA NBF CASTELLÓ,HOME,1932094,J. Gomez Guimera,PG,2383616,F. Asemota Augustine,PG,1680760,S. Carli Del Pino,SG,2131367,S. Basaez Narvaez,SF,1618451,L. Campos De Bengoa,SF,4.4,264.0,2.0,7.0,-5.0,18.2,63.6,-45.5
2480257,20,979988,FUSTECMA NBF CASTELLÓ,HOME,2087212,L. Ruiz De La Hermosa Arce,PG,1680760,S. Carli Del Pino,SG,1618451,L. Campos De Bengoa,SF,2274867,L. De Giacomo,PF,2829993,G. Aiello,C,5.4,323.0,8.0,5.0,3.0,59.4,37.2,22.3
2480257,20,979988,FUSTECMA NBF CASTELLÓ,HOME,2087212,L. Ruiz De La Hermosa Arce,PG,1680760,S. Carli Del Pino,SG,2131367,S. Basaez Narvaez,SF,1618451,L. Campos De Bengoa,SF,2829993,G. Aiello,C,1.1,67.0,6.0,0.0,6.0,214.9,0.0,214.9
2480257,20,979988,FUSTECMA NBF CASTELLÓ,HOME,2087212,L. Ruiz De La Hermosa Arce,PG,2383616,F. Asemota Augustine,PG,1680760,S. Carli Del Pino,SG,2131367,S. Basaez Narvaez,SF,1618451,L. Campos De Bengoa,SF,8.899999999999999,534.0,16.0,17.0,-1.0,71.9,76.4,-4.5
2480257,20,981206,MCR LIMA-HORTA BARCELONA,AWAY,1908281,M. Aguado Tortella,PG,1959765,J. Rueda Choni,SG,1912814,N. Barrientos Pereira,SF,2049841,E. Trawally Porta,PF,2235190,E. Morales López,C,3.4,207.0,12.0,4.0,8.0,139.1,46.4,92.8
2480257,20,981206,MCR LIMA-HORTA BARCELONA,AWAY,1908281,M. Aguado Tortella,PG,1959765,J. Rueda Choni,SG,2042157,C. Ripoll Moya,SF,2235190,E. Morales López,C,1494221,L. Soler Madariaga,C,3.1,184.0,0.0,8.0,-8.0,0.0,104.3,-104.3
2480257,20,981206,MCR LIMA-HORTA BARCELONA,AWAY,1958425,L. Roig I Salrach,PG,1886093,E. Escuder Gonzalez,SG,1912814,N. Barrientos Pereira,SF,2049841,E. Trawally Porta,PF,1494221,L. Soler Madariaga,C,2.3,143.0,4.0,3.0,1.0,67.1,50.3,16.8
2480257,20,981206,MCR LIMA-HORTA BARCELONA,AWAY,1958425,L. Roig I Salrach,PG,1886093,E. Escuder Gonzalez,SG,1912814,N. Barrientos Pereira,SF,2049841,E. Trawally Porta,PF,2235190,E. Morales López,C,0.5,28.0,0.0,0.0,0.0,0.0,0.0,0.0
2480257,20,981206,MCR LIMA-HORTA BARCELONA,AWAY,1958425,L. Roig I Salrach,PG,1908281,M. Aguado Tortella,PG,1912814,N. Barrientos Pereira,SF,2049841,E. Trawally Porta,PF,1494221,L. Soler Madariaga,C,4.3,256.0,7.0,7.0,0.0,65.6,65.6,0.0
2480257,20,981206,MCR LIMA-HORTA BARCELONA,AWAY,1958425,L. Roig I Salrach,PG,1908281,M. Aguado Tortella,PG,1912814,N. Barrientos Pereira,SF,2049841,E. Trawally Porta,PF,2235190,E. Morales López,C,3.1,186.0,3.0,6.0,-3.0,38.7,77.4,-38.7
2480257,20,981206,MCR LIMA-HORTA BARCELONA,AWAY,1958425,L. Roig I Salrach,PG,1908281,M. Aguado Tortella,PG,1959765,J. Rueda Choni,SG,2049841,E. Trawally Porta,PF,1494221,L. Soler Madariaga,C,2.9,172.0,8.0,5.0,3.0,111.6,69.8,41.9
2480257,20,981206,MCR LIMA-HORTA BARCELONA,AWAY,1958425,L. Roig I Salrach,PG,1908281,M. Aguado Tortella,PG,1959765,J. Rueda Choni,SG,2049841,E. Trawally Porta,PF,2235190,E. Morales López,C,5.6,337.0,9.0,2.0,7.0,64.1,14.2,49.9
2480257,20,981206,MCR LIMA-HORTA BARCELONA,AWAY,1958425,L. Roig I Salrach,PG,1908281,M. Aguado Tortella,PG,1959765,J. Rueda Choni,SG,2235190,E. Morales López,C,1494221,L. Soler Madariaga,C,2.5999999999999996,154.0,2.0,5.0,-3.0,31.2,77.9,-46.8
2480257,20,981206,MCR LIMA-HORTA BARCELONA,AWAY,1958425,L. Roig I Salrach,PG,1908281,M. Aguado Tortella,PG,2042157,C. Ripoll Moya,SF,2235190,E. Morales López,C,1494221,L. Soler Madariaga,C,0.4,26.0,2.0,0.0,2.0,184.6,0.0,184.6
2480257,20,981206,MCR LIMA-HORTA BARCELONA,AWAY,1958425,L. Roig I Salrach,PG,1959765,J. Rueda Choni,SG,1886093,E. Escuder Gonzalez,SG,2049841,E. Trawally Porta,PF,2235190,E. Morales López,C,1.4,86.0,3.0,0.0,3.0,83.7,0.0,83.7
2480257,20,981206,MCR LIMA-HORTA BARCELONA,AWAY,1958425,L. Roig I Salrach,PG,1959765,J. Rueda Choni,SG,1886093,E. Escuder Gonzalez,SG,2235190,E. Morales López,C,1494221,L. Soler Madariaga,C,4.4,265.0,5.0,6.0,-1.0,45.3,54.3,-9.1
2480257,20,981206,MCR LIMA-HORTA BARCELONA,AWAY,1958425,L. Roig I Salrach,PG,1959765,J. Rueda Choni,SG,2042157,C. Ripoll Moya,SF,2049841,E. Trawally Porta,PF,1494221,L. Soler Madariaga,C,0.3,17.0,0.0,3.0,-3.0,0.0,423.5,-423.5
2480257,20,981206,MCR LIMA-HORTA BARCELONA,AWAY,1958425,L. Roig I Salrach,PG,1959765,J. Rueda Choni,SG,2042157,C. Ripoll Moya,SF,2235190,E. Morales López,C,1494221,L. Soler Madariaga,C,2.2,134.0,3.0,5.0,-2.0,53.7,89.6,-35.8
2480257,20,981206,MCR LIMA-HORTA BARCELONA,AWAY,1958425,L. Roig I Salrach,PG,2042157,C. Ripoll Moya,SF,1912814,N. Barrientos Pereira,SF,2049841,E. Trawally Porta,PF,1494221,L. Soler Madariaga,C,0.2,11.0,0.0,3.0,-3.0,0.0,654.5,-654.5
2480257,20,981206,MCR LIMA-HORTA BARCELONA,AWAY,1959765,J. Rueda Choni,SG,2042157,C. Ripoll Moya,SF,1912814,N. Barrientos Pereira,SF,2049841,E. Trawally Porta,PF,1494221,L. Soler Madariaga,C,1.4,81.0,2.0,1.0,1.0,59.3,29.6,29.6
2480257,20,981206,MCR LIMA-HORTA BARCELONA,AWAY,1959765,J. Rueda Choni,SG,2042157,C. Ripoll Moya,SF,1912814,N. Barrientos Pereira,SF,2049841,E. Trawally Porta,PF,2235190,E. Morales López,C,1.9,113.0,4.0,2.0,2.0,85.0,42.5,42.5
2480258,20,979971,OSES CONSTRUCCION,AWAY,1044456,M. Asurmendi Villaverde,SF,2432778,J. Mungo Lanzetti,SF,1824910,S. Castro Marrero,SF,2561102,M. Blanco Morcillo,SF,2432513,V. Llorente,SF,0.7,39.0,0.0,2.0,-2.0,0.0,123.1,-123.1
2480258,20,979971,OSES CONSTRUCCION,AWAY,1044456,M. Asurmendi Villaverde,SF,2561097,A. Diez Pastor,SF,2432778,J. Mungo Lanzetti,SF,2561102,M. Blanco Morcillo,SF,2432513,V. Llorente,SF,2.9,175.0,8.0,4.0,4.0,109.7,54.9,54.9
2480258,20,979971,OSES CONSTRUCCION,AWAY,1588922,L. Gutierrez Lancho,SF,1044456,M. Asurmendi Villaverde,SF,2432513,V. Llorente,SF,1824910,S. Castro Marrero,SF,1820835,A. Wone Aranaz,SF,1.1,64.0,0.0,5.0,-5.0,0.0,187.5,-187.5
2480258,20,979971,OSES CONSTRUCCION,AWAY,1588922,L. Gutierrez Lancho,SF,1044456,M. Asurmendi Villaverde,SF,2432778,J. Mungo Lanzetti,SF,1824910,S. Castro Marrero,SF,1820835,A. Wone Aranaz,SF,3.4,205.0,13.0,8.0,5.0,152.2,93.7,58.5
2480258,20,979971,OSES CONSTRUCCION,AWAY,1588922,L. Gutierrez Lancho,SF,1044456,M. Asurmendi Villaverde,SF,2432778,J. Mungo Lanzetti,SF,1824910,S. Castro Marrero,SF,2432513,V. Llorente,SF,3.2,192.0,7.0,6.0,1.0,87.5,75.0,12.5
2480258,20,979971,OSES CONSTRUCCION,AWAY,1588922,L. Gutierrez Lancho,SF,1044456,M. Asurmendi Villaverde,SF,2432778,J. Mungo Lanzetti,SF,2432513,V. Llorente,SF,1824910,S. Castro Marrero,SF,6.5,383.0,14.0,8.0,6.0,87.7,50.1,37.6
2480258,20,979971,OSES CONSTRUCCION,AWAY,1588922,L. Gutierrez Lancho,SF,2364706,F. Parra,SF,1593987,M. Recarte Mendive,SF,1824910,S. Castro Marrero,SF,1820835,A. Wone Aranaz,SF,6.3,376.0,10.0,11.0,-1.0,63.8,70.2,-6.4
2480258,20,979971,OSES CONSTRUCCION,AWAY,1588922,L. Gutierrez Lancho,SF,2364706,F. Parra,SF,2432513,V. Llorente,SF,1824910,S. Castro Marrero,SF,1820835,A. Wone Aranaz,SF,1.9,117.0,4.0,2.0,2.0,82.1,41.0,41.0
2480258,20,979971,OSES CONSTRUCCION,AWAY,1588922,L. Gutierrez Lancho,SF,2364706,F. Parra,SF,2432778,J. Mungo Lanzetti,SF,1824910,S. Castro Marrero,SF,1820835,A. Wone Aranaz,SF,1.3,77.0,3.0,2.0,1.0,93.5,62.3,31.2
2480258,20,979971,OSES CONSTRUCCION,AWAY,1588922,L. Gutierrez Lancho,SF,2364706,F. Parra,SF,2432778,J. Mungo Lanzetti,SF,2432513,V. Llorente,SF,1824910,S. Castro Marrero,SF,1.7,101.0,0.0,2.0,-2.0,0.0,47.5,-47.5
2480258,20,979971,OSES CONSTRUCCION,AWAY,2364706,F. Parra,SF,1044456,M. Asurmendi Villaverde,SF,1824910,S. Castro Marrero,SF,2432513,V. Llorente,SF,1820835,A. Wone Aranaz,SF,2.3,138.0,7.0,6.0,1.0,121.7,104.3,17.4
2480258,20,979971,OSES CONSTRUCCION,AWAY,2364706,F. Parra,SF,2432778,J. Mungo Lanzetti,SF,1824910,S. Castro Marrero,SF,2561102,M. Blanco Morcillo,SF,1820835,A. Wone Aranaz,SF,1.2,70.0,3.0,3.0,0.0,102.9,102.9,0.0
2480258,20,979971,OSES CONSTRUCCION,AWAY,2364706,F. Parra,SF,2432778,J. Mungo Lanzetti,SF,2561102,M. Blanco Morcillo,SF,1593987,M. Recarte Mendive,SF,1820835,A. Wone Aranaz,SF,0.2,11.0,0.0,0.0,0.0,0.0,0.0,0.0
2480258,20,979971,OSES CONSTRUCCION,AWAY,2364706,F. Parra,SF,2561097,A. Diez Pastor,SF,2432778,J. Mungo Lanzetti,SF,2561102,M. Blanco Morcillo,SF,1820835,A. Wone Aranaz,SF,2.5,151.0,4.0,6.0,-2.0,63.6,95.4,-31.8
2480258,20,979971,OSES CONSTRUCCION,AWAY,2561097,A. Diez Pastor,SF,2432778,J. Mungo Lanzetti,SF,2561102,M. Blanco Morcillo,SF,1593987,M. Recarte Mendive,SF,1820835,A. Wone Aranaz,SF,1.5,91.0,0.0,2.0,-2.0,0.0,52.7,-52.7
2480258,20,979971,OSES CONSTRUCCION,AWAY,2561097,A. Diez Pastor,SF,2432778,J. Mungo Lanzetti,SF,2561102,M. Blanco Morcillo,SF,1820835,A. Wone Aranaz,SF,1882395,A. Elso Aramendia,SF,0.7,42.0,2.0,0.0,2.0,114.3,0.0,114.3
2480258,20,979971,OSES CONSTRUCCION,AWAY,2561097,A. Diez Pastor,SF,2432778,J. Mungo Lanzetti,SF,2561102,M. Blanco Morcillo,SF,2432513,V. Llorente,SF,1882395,A. Elso Aramendia,SF,2.8,168.0,5.0,4.0,1.0,71.4,57.1,14.3
2480258,20,981288,SERNOVA RENOVABLES REAL CANOE,HOME,1787143,C. Mato De Prada,SF,1242234,C. Rodriguez Nuñez,SF,2866005,E. Zemoura,SF,2818945,O. Santana Moldavsky,SF,1859345,L. Fleta Robles,SF,2.1,127.0,4.0,4.0,0.0,75.6,75.6,0.0
2480258,20,981288,SERNOVA RENOVABLES REAL CANOE,HOME,2021397,A. Esnal Aguirre,SF,1787143,C. Mato De Prada,SF,1242234,C. Rodriguez Nuñez,SF,2866005,E. Zemoura,SF,2818945,O. Santana Moldavsky,SF,4.2,249.0,7.0,6.0,1.0,67.5,57.8,9.6
2480258,20,981288,SERNOVA RENOVABLES REAL CANOE,HOME,2097038,P. De Mier Espina,SF,1242234,C. Rodriguez Nuñez,SF,2866005,E. Zemoura,SF,2818945,O. Santana Moldavsky,SF,1859345,L. Fleta Robles,SF,3.0,181.0,7.0,4.0,3.0,92.8,53.0,39.8
2480258,20,981288,SERNOVA RENOVABLES REAL CANOE,HOME,2097038,P. De Mier Espina,SF,1787143,C. Mato De Prada,SF,1242234,C. Rodriguez Nuñez,SF,2866005,E. Zemoura,SF,2037982,M. Nagore Sanchez,SF,4.2,249.0,8.0,7.0,1.0,77.1,67.5,9.6
2480258,20,981288,SERNOVA RENOVABLES REAL CANOE,HOME,2097038,P. De Mier Espina,SF,1787143,C. Mato De Prada,SF,2021397,A. Esnal Aguirre,SF,1242234,C. Rodriguez Nuñez,SF,1859345,L. Fleta Robles,SF,1.9,111.0,3.0,2.0,1.0,64.9,43.2,21.6
2480258,20,981288,SERNOVA RENOVABLES REAL CANOE,HOME,2097038,P. De Mier Espina,SF,1787143,C. Mato De Prada,SF,2021397,A. Esnal Aguirre,SF,1242234,C. Rodriguez Nuñez,SF,2037982,M. Nagore Sanchez,SF,0.4,24.0,0.0,0.0,0.0,0.0,0.0,0.0
2480258,20,981288,SERNOVA RENOVABLES REAL CANOE,HOME,2097038,P. De Mier Espina,SF,1787143,C. Mato De Prada,SF,2021397,A. Esnal Aguirre,SF,1242234,C. Rodriguez Nuñez,SF,2866005,E. Zemoura,SF,1.8,108.0,2.0,0.0,2.0,44.4,0.0,44.4
2480258,20,981288,SERNOVA RENOVABLES REAL CANOE,HOME,2097038,P. De Mier Espina,SF,1927626,C. Flores Garcia,SF,1242234,C. Rodriguez Nuñez,SF,2866005,E. Zemoura,SF,1859345,L. Fleta Robles,SF,2.9,175.0,4.0,8.0,-4.0,54.9,109.7,-54.9
2480258,20,981288,SERNOVA RENOVABLES REAL CANOE,HOME,2097038,P. De Mier Espina,SF,2021397,A. Esnal Aguirre,SF,1787143,C. Mato De Prada,SF,1242234,C. Rodriguez Nuñez,SF,2866005,E. Zemoura,SF,7.5,450.0,16.0,14.0,2.0,85.3,74.7,10.7
2480258,20,981288,SERNOVA RENOVABLES REAL CANOE,HOME,2097038,P. De Mier Espina,SF,2021397,A. Esnal Aguirre,SF,1787143,C. Mato De Prada,SF,1927626,C. Flores Garcia,SF,1242234,C. Rodriguez Nuñez,SF,3.4,205.0,8.0,13.0,-5.0,93.7,152.2,-58.5
2480258,20,981288,SERNOVA RENOVABLES REAL CANOE,HOME,2215525,T. Mbomio Ada,SF,1787143,C. Mato De Prada,SF,1242234,C. Rodriguez Nuñez,SF,2866005,E. Zemoura,SF,1859345,L. Fleta Robles,SF,1.2,70.0,3.0,3.0,0.0,102.9,102.9,0.0
2480258,20,981288,SERNOVA RENOVABLES REAL CANOE,HOME,2215525,T. Mbomio Ada,SF,1927626,C. Flores Garcia,SF,1242234,C. Rodriguez Nuñez,SF,2866005,E. Zemoura,SF,1859345,L. Fleta Robles,SF,1.6,95.0,0.0,7.0,-7.0,0.0,176.8,-176.8
2480258,20,981288,SERNOVA RENOVABLES REAL CANOE,HOME,2215525,T. Mbomio Ada,SF,2097038,P. De Mier Espina,SF,1242234,C. Rodriguez Nuñez,SF,2866005,E. Zemoura,SF,1859345,L. Fleta Robles,SF,0.7,41.0,0.0,2.0,-2.0,0.0,117.1,-117.1
2480258,20,981288,SERNOVA RENOVABLES REAL CANOE,HOME,2215525,T. Mbomio Ada,SF,2097038,P. De Mier Espina,SF,1927626,C. Flores Garcia,SF,1242234,C. Rodriguez Nuñez,SF,1859345,L. Fleta Robles,SF,3.4,203.0,7.0,6.0,1.0,82.8,70.9,11.8
2480258,20,981288,SERNOVA RENOVABLES REAL CANOE,HOME,2215525,T. Mbomio Ada,SF,2097038,P. De Mier Espina,SF,1927626,C. Flores Garcia,SF,2866005,E. Zemoura,SF,1859345,L. Fleta Robles,SF,1.9,112.0,2.0,4.0,-2.0,42.9,85.7,-42.9
2480259,20,979770,MELILLA CIUDAD DEL DEPORTE LA SALLE,HOME,1756623,A. Hernangomez Geuer,SF,1946976,L. Moya Blanch,SF,1454479,A. Senosiain Vergarachea,SF,2814864,R. Monteiro Da Silva,SF,1587316,C. Caceres Ayala,SF,3.6,215.0,2.0,6.0,-4.0,22.3,67.0,-44.7
2480259,20,979770,MELILLA CIUDAD DEL DEPORTE LA SALLE,HOME,1756623,A. Hernangomez Geuer,SF,1946976,L. Moya Blanch,SF,1454479,A. Senosiain Vergarachea,SF,2814864,R. Monteiro Da Silva,SF,1715165,M. Torreblanca Ginel,SF,0.2,13.0,0.0,4.0,-4.0,0.0,738.5,-738.5
2480259,20,979770,MELILLA CIUDAD DEL DEPORTE LA SALLE,HOME,1756623,A. Hernangomez Geuer,SF,2104399,C. Garcia Muñoz,SF,1454479,A. Senosiain Vergarachea,SF,1715165,M. Torreblanca Ginel,SF,1829640,A. Sanchez Davila,SF,2.2,133.0,2.0,2.0,0.0,36.1,36.1,0.0
2480259,20,979770,MELILLA CIUDAD DEL DEPORTE LA SALLE,HOME,1756623,A. Hernangomez Geuer,SF,2104399,C. Garcia Muñoz,SF,1454479,A. Senosiain Vergarachea,SF,2814864,R. Monteiro Da Silva,SF,1587316,C. Caceres Ayala,SF,0.8,47.0,2.0,0.0,2.0,102.1,0.0,102.1
2480259,20,979770,MELILLA CIUDAD DEL DEPORTE LA SALLE,HOME,1756623,A. Hernangomez Geuer,SF,2104399,C. Garcia Muñoz,SF,1454479,A. Senosiain Vergarachea,SF,2814864,R. Monteiro Da Silva,SF,1715165,M. Torreblanca Ginel,SF,2.2,135.0,0.0,2.0,-2.0,0.0,35.6,-35.6
2480259,20,979770,MELILLA CIUDAD DEL DEPORTE LA SALLE,HOME,2104399,C. Garcia Muñoz,SF,1756623,A. Hernangomez Geuer,SF,1454479,A. Senosiain Vergarachea,SF,1587316,C. Caceres Ayala,SF,1715165,M. Torreblanca Ginel,SF,3.4,203.0,7.0,2.0,5.0,82.8,23.6,59.1
2480259,20,979770,MELILLA CIUDAD DEL DEPORTE LA SALLE,HOME,2104399,C. Garcia Muñoz,SF,1756623,A. Hernangomez Geuer,SF,1454479,A. Senosiain Vergarachea,SF,1715165,M. Torreblanca Ginel,SF,1829640,A. Sanchez Davila,SF,1.9,108.0,6.0,1.0,5.0,133.3,22.2,111.1
2480259,20,979770,MELILLA CIUDAD DEL DEPORTE LA SALLE,HOME,2104399,C. Garcia Muñoz,SF,1756623,A. Hernangomez Geuer,SF,1454479,A. Senosiain Vergarachea,SF,2814864,R. Monteiro Da Silva,SF,1715165,M. Torreblanca Ginel,SF,2.9,176.0,6.0,4.0,2.0,81.8,54.5,27.3
2480259,20,979770,MELILLA CIUDAD DEL DEPORTE LA SALLE,HOME,2432929,M. Davydova,SF,1713801,C. Torrubia Cano,SF,1946976,L. Moya Blanch,SF,1454479,A. Senosiain Vergarachea,SF,1587316,C. Caceres Ayala,SF,1.3,76.0,1.0,2.0,-1.0,31.6,63.2,-31.6
2480259,20,979770,MELILLA CIUDAD DEL DEPORTE LA SALLE,HOME,2432929,M. Davydova,SF,1713801,C. Torrubia Cano,SF,1946976,L. Moya Blanch,SF,1454479,A. Senosiain Vergarachea,SF,1715165,M. Torreblanca Ginel,SF,1.4,86.0,1.0,4.0,-3.0,27.9,111.6,-83.7
2480259,20,979770,MELILLA CIUDAD DEL DEPORTE LA SALLE,HOME,2432929,M. Davydova,SF,1756623,A. Hernangomez Geuer,SF,1454479,A. Senosiain Vergarachea,SF,1587316,C. Caceres Ayala,SF,1715165,M. Torreblanca Ginel,SF,2.0,118.0,3.0,5.0,-2.0,61.0,101.7,-40.7
2480259,20,979770,MELILLA CIUDAD DEL DEPORTE LA SALLE,HOME,2432929,M. Davydova,SF,1756623,A. Hernangomez Geuer,SF,1454479,A. Senosiain Vergarachea,SF,1715165,M. Torreblanca Ginel,SF,1829640,A. Sanchez Davila,SF,1.8,110.0,5.0,9.0,-4.0,109.1,196.4,-87.3
2480259,20,979770,MELILLA CIUDAD DEL DEPORTE LA SALLE,HOME,2432929,M. Davydova,SF,1756623,A. Hernangomez Geuer,SF,1454479,A. Senosiain Vergarachea,SF,2814864,R. Monteiro Da Silva,SF,1587316,C. Caceres Ayala,SF,0.2,16.0,0.0,0.0,0.0,0.0,0.0,0.0
2480259,20,979770,MELILLA CIUDAD DEL DEPORTE LA SALLE,HOME,2432929,M. Davydova,SF,1756623,A. Hernangomez Geuer,SF,1454479,A. Senosiain Vergarachea,SF,2814864,R. Monteiro Da Silva,SF,1715165,M. Torreblanca Ginel,SF,0.9,53.0,0.0,1.0,-1.0,0.0,45.3,-45.3
2480259,20,979770,MELILLA CIUDAD DEL DEPORTE LA SALLE,HOME,2432929,M. Davydova,SF,1946976,L. Moya Blanch,SF,1454479,A. Senosiain Vergarachea,SF,2814864,R. Monteiro Da Silva,SF,1587316,C. Caceres Ayala,SF,14.6,883.0,23.0,18.0,5.0,62.5,48.9,13.6
2480259,20,979770,MELILLA CIUDAD DEL DEPORTE LA SALLE,HOME,2432929,M. Davydova,SF,1946976,L. Moya Blanch,SF,1454479,A. Senosiain Vergarachea,SF,2814864,R. Monteiro Da Silva,SF,1715165,M. Torreblanca Ginel,SF,0.5,28.0,0.0,0.0,0.0,0.0,0.0,0.0
2480259,20,981492,CELTA  FEMXA ZORKA,AWAY,1898932,M. Gea Becerra,SF,2179984,U. Rodríguez Silva,SF,2121212,P. Salinas Mascuñana,SF,2814638,J. Kelliher,SF,2651124,A. Boquete Manna,SF,2.7,162.0,6.0,2.0,4.0,88.9,29.6,59.3
2480259,20,981492,CELTA  FEMXA ZORKA,AWAY,2644595,I. Vennema,SF,1898932,M. Gea Becerra,SF,2179984,U. Rodríguez Silva,SF,2276545,M. Vizmanos Iglesis,SF,2121212,P. Salinas Mascuñana,SF,3.7,223.0,11.0,7.0,4.0,118.4,75.3,43.0
2480259,20,981492,CELTA  FEMXA ZORKA,AWAY,2644595,I. Vennema,SF,2049773,D. Bermejo Escribano,SF,1898932,M. Gea Becerra,SF,2121212,P. Salinas Mascuñana,SF,2814638,J. Kelliher,SF,2.4,145.0,1.0,4.0,-3.0,16.6,66.2,-49.7
2480259,20,981492,CELTA  FEMXA ZORKA,AWAY,2644595,I. Vennema,SF,2049773,D. Bermejo Escribano,SF,1898932,M. Gea Becerra,SF,2276545,M. Vizmanos Iglesis,SF,2121212,P. Salinas Mascuñana,SF,1.7,103.0,3.0,6.0,-3.0,69.9,139.8,-69.9
2480259,20,981492,CELTA  FEMXA ZORKA,AWAY,2644595,I. Vennema,SF,2049773,D. Bermejo Escribano,SF,2121212,P. Salinas Mascuñana,SF,2814638,J. Kelliher,SF,2651124,A. Boquete Manna,SF,0.5,28.0,0.0,0.0,0.0,0.0,0.0,0.0
2480259,20,981492,CELTA  FEMXA ZORKA,AWAY,2644595,I. Vennema,SF,2049773,D. Bermejo Escribano,SF,2179984,U. Rodríguez Silva,SF,2121212,P. Salinas Mascuñana,SF,2814638,J. Kelliher,SF,0.7,40.0,0.0,0.0,0.0,0.0,0.0,0.0
2480259,20,981492,CELTA  FEMXA ZORKA,AWAY,2644595,I. Vennema,SF,2179984,U. Rodríguez Silva,SF,1898932,M. Gea Becerra,SF,2121212,P. Salinas Mascuñana,SF,2814638,J. Kelliher,SF,1.2,68.0,1.0,3.0,-2.0,35.3,105.9,-70.6
2480259,20,981492,CELTA  FEMXA ZORKA,AWAY,2644595,I. Vennema,SF,2179984,U. Rodríguez Silva,SF,1898932,M. Gea Becerra,SF,2276545,M. Vizmanos Iglesis,SF,2121212,P. Salinas Mascuñana,SF,1.8,105.0,2.0,3.0,-1.0,45.7,68.6,-22.9
2480259,20,981492,CELTA  FEMXA ZORKA,AWAY,2743289,D. Cabrera Baccon,SF,1898932,M. Gea Becerra,SF,2121212,P. Salinas Mascuñana,SF,2814638,J. Kelliher,SF,2651124,A. Boquete Manna,SF,3.4,207.0,8.0,4.0,4.0,92.8,46.4,46.4
2480259,20,981492,CELTA  FEMXA ZORKA,AWAY,2743289,D. Cabrera Baccon,SF,2049773,D. Bermejo Escribano,SF,1898932,M. Gea Becerra,SF,2121212,P. Salinas Mascuñana,SF,2814638,J. Kelliher,SF,4.6,280.0,9.0,3.0,6.0,77.1,25.7,51.4
2480259,20,981492,CELTA  FEMXA ZORKA,AWAY,2743289,D. Cabrera Baccon,SF,2049773,D. Bermejo Escribano,SF,2121212,P. Salinas Mascuñana,SF,2814638,J. Kelliher,SF,2651124,A. Boquete Manna,SF,8.0,482.0,8.0,15.0,-7.0,39.8,74.7,-34.9
2480259,20,981492,CELTA  FEMXA ZORKA,AWAY,2743289,D. Cabrera Baccon,SF,2644595,I. Vennema,SF,1898932,M. Gea Becerra,SF,2179984,U. Rodríguez Silva,SF,2276545,M. Vizmanos Iglesis,SF,2.9,180.0,2.0,2.0,0.0,26.7,26.7,0.0
2480259,20,981492,CELTA  FEMXA ZORKA,AWAY,2743289,D. Cabrera Baccon,SF,2644595,I. Vennema,SF,2049773,D. Bermejo Escribano,SF,2121212,P. Salinas Mascuñana,SF,2651124,A. Boquete Manna,SF,2.6,155.0,5.0,2.0,3.0,77.4,31.0,46.5
2480259,20,981492,CELTA  FEMXA ZORKA,AWAY,2743289,D. Cabrera Baccon,SF,2644595,I. Vennema,SF,2049773,D. Bermejo Escribano,SF,2179984,U. Rodríguez Silva,SF,2121212,P. Salinas Mascuñana,SF,3.3,200.0,4.0,7.0,-3.0,48.0,84.0,-36.0
2480259,20,981492,CELTA  FEMXA ZORKA,AWAY,2743289,D. Cabrera Baccon,SF,2644595,I. Vennema,SF,2179984,U. Rodríguez Silva,SF,2276545,M. Vizmanos Iglesis,SF,2121212,P. Salinas Mascuñana,SF,0.4,22.0,0.0,0.0,0.0,0.0,0.0,0.0
2480260,20,979952,LA LAGUNA TOYOTA  ADAREVA,AWAY,1128614,I. Arregui Mariezcurrena,SF,1379088,P. Soler Suarez,SF,1878753,N. Ibañez Silvestre,SF,1613926,M. Gomez Fernandez,SF,2735173,M. Forsyth,SF,4.0,245.0,7.0,10.0,-3.0,68.6,98.0,-29.4
2480260,20,979952,LA LAGUNA TOYOTA  ADAREVA,AWAY,1128614,I. Arregui Mariezcurrena,SF,1379088,P. Soler Suarez,SF,2246211,L. Yohann Siverio,SF,2432295,B. Stevanovic,SF,1613926,M. Gomez Fernandez,SF,0.7,44.0,2.0,4.0,-2.0,109.1,218.2,-109.1
2480260,20,979952,LA LAGUNA TOYOTA  ADAREVA,AWAY,1128614,I. Arregui Mariezcurrena,SF,1884959,M. Luque Caballero,SF,1379088,P. Soler Suarez,SF,1878753,N. Ibañez Silvestre,SF,2735173,M. Forsyth,SF,1.5,89.0,0.0,2.0,-2.0,0.0,53.9,-53.9
2480260,20,979952,LA LAGUNA TOYOTA  ADAREVA,AWAY,1128614,I. Arregui Mariezcurrena,SF,1884959,M. Luque Caballero,SF,1379088,P. Soler Suarez,SF,2432295,B. Stevanovic,SF,1613926,M. Gomez Fernandez,SF,2.4,141.0,3.0,7.0,-4.0,51.1,119.1,-68.1
2480260,20,979952,LA LAGUNA TOYOTA  ADAREVA,AWAY,1128614,I. Arregui Mariezcurrena,SF,1884959,M. Luque Caballero,SF,1379088,P. Soler Suarez,SF,2432295,B. Stevanovic,SF,2735173,M. Forsyth,SF,3.0,180.0,4.0,3.0,1.0,53.3,40.0,13.3
2480260,20,979952,LA LAGUNA TOYOTA  ADAREVA,AWAY,1128614,I. Arregui Mariezcurrena,SF,2816766,A. Coulibaly,SF,1878753,N. Ibañez Silvestre,SF,2246211,L. Yohann Siverio,SF,2735173,M. Forsyth,SF,2.9,172.0,9.0,0.0,9.0,125.6,0.0,125.6
2480260,20,979952,LA LAGUNA TOYOTA  ADAREVA,AWAY,1128614,I. Arregui Mariezcurrena,SF,2816766,A. Coulibaly,SF,1884959,M. Luque Caballero,SF,2432295,B. Stevanovic,SF,1613926,M. Gomez Fernandez,SF,3.7,222.0,0.0,4.0,-4.0,0.0,43.2,-43.2
2480260,20,979952,LA LAGUNA TOYOTA  ADAREVA,AWAY,1128614,I. Arregui Mariezcurrena,SF,2816766,A. Coulibaly,SF,2246211,L. Yohann Siverio,SF,2432295,B. Stevanovic,SF,1613926,M. Gomez Fernandez,SF,1.9,114.0,2.0,7.0,-5.0,42.1,147.4,-105.3
2480260,20,979952,LA LAGUNA TOYOTA  ADAREVA,AWAY,1884959,M. Luque Caballero,SF,1379088,P. Soler Suarez,SF,1878753,N. Ibañez Silvestre,SF,2246211,L. Yohann Siverio,SF,2735173,M. Forsyth,SF,1.4,86.0,3.0,2.0,1.0,83.7,55.8,27.9
2480260,20,979952,LA LAGUNA TOYOTA  ADAREVA,AWAY,1884959,M. Luque Caballero,SF,1379088,P. Soler Suarez,SF,2432295,B. Stevanovic,SF,1613926,M. Gomez Fernandez,SF,2735173,M. Forsyth,SF,8.1,490.0,12.0,26.0,-14.0,58.8,127.3,-68.6
2480260,20,979952,LA LAGUNA TOYOTA  ADAREVA,AWAY,1884959,M. Luque Caballero,SF,2816766,A. Coulibaly,SF,1878753,N. Ibañez Silvestre,SF,2246211,L. Yohann Siverio,SF,2735173,M. Forsyth,SF,0.3,21.0,0.0,2.0,-2.0,0.0,228.6,-228.6
2480260,20,979952,LA LAGUNA TOYOTA  ADAREVA,AWAY,1884959,M. Luque Caballero,SF,2816766,A. Coulibaly,SF,2246211,L. Yohann Siverio,SF,2432295,B. Stevanovic,SF,1613926,M. Gomez Fernandez,SF,3.6,221.0,4.0,9.0,-5.0,43.4,97.7,-54.3
2480260,20,979952,LA LAGUNA TOYOTA  ADAREVA,AWAY,1884959,M. Luque Caballero,SF,2816766,A. Coulibaly,SF,2432295,B. Stevanovic,SF,1613926,M. Gomez Fernandez,SF,2735173,M. Forsyth,SF,0.7,41.0,0.0,0.0,0.0,0.0,0.0,0.0
2480260,20,979952,LA LAGUNA TOYOTA  ADAREVA,AWAY,2816766,A. Coulibaly,SF,1884959,M. Luque Caballero,SF,1379088,P. Soler Suarez,SF,1613926,M. Gomez Fernandez,SF,2735173,M. Forsyth,SF,3.4,205.0,6.0,2.0,4.0,70.2,23.4,46.8
2480260,20,979952,LA LAGUNA TOYOTA  ADAREVA,AWAY,2816766,A. Coulibaly,SF,1884959,M. Luque Caballero,SF,2432295,B. Stevanovic,SF,1613926,M. Gomez Fernandez,SF,2735173,M. Forsyth,SF,2.1,129.0,4.0,0.0,4.0,74.4,0.0,74.4
2480260,20,981208,ALTER ENERSUN AL-QÁZERES EXTREMADURA,HOME,1112483,L. Mendez Lamas,SF,1902336,N. Liste Alfonsin,SF,2432389,J. De Barros Filipe,SF,2815234,I. Tavares Ramos,SF,1889214,C. Prieto Pereda,SF,1.7,104.0,3.0,2.0,1.0,69.2,46.2,23.1
2480260,20,981208,ALTER ENERSUN AL-QÁZERES EXTREMADURA,HOME,1860325,L. Fontela Cabaleiro,SF,1112483,L. Mendez Lamas,SF,1902336,N. Liste Alfonsin,SF,2432389,J. De Barros Filipe,SF,1889214,C. Prieto Pereda,SF,0.4,26.0,0.0,0.0,0.0,0.0,0.0,0.0
2480260,20,981208,ALTER ENERSUN AL-QÁZERES EXTREMADURA,HOME,1860325,L. Fontela Cabaleiro,SF,1112483,L. Mendez Lamas,SF,1902336,N. Liste Alfonsin,SF,2815234,I. Tavares Ramos,SF,1889214,C. Prieto Pereda,SF,1.6,97.0,6.0,2.0,4.0,148.5,49.5,99.0
2480260,20,981208,ALTER ENERSUN AL-QÁZERES EXTREMADURA,HOME,1860325,L. Fontela Cabaleiro,SF,2815153,V. Gauna,SF,1112483,L. Mendez Lamas,SF,1902336,N. Liste Alfonsin,SF,2432389,J. De Barros Filipe,SF,3.4,203.0,10.0,5.0,5.0,118.2,59.1,59.1
2480260,20,981208,ALTER ENERSUN AL-QÁZERES EXTREMADURA,HOME,1860325,L. Fontela Cabaleiro,SF,2815153,V. Gauna,SF,1112483,L. Mendez Lamas,SF,1902336,N. Liste Alfonsin,SF,2815234,I. Tavares Ramos,SF,2.7,162.0,4.0,4.0,0.0,59.3,59.3,0.0
2480260,20,981208,ALTER ENERSUN AL-QÁZERES EXTREMADURA,HOME,1860325,L. Fontela Cabaleiro,SF,2815153,V. Gauna,SF,2432389,J. De Barros Filipe,SF,1902336,N. Liste Alfonsin,SF,2815234,I. Tavares Ramos,SF,2.2,135.0,6.0,2.0,4.0,106.7,35.6,71.1
2480260,20,981208,ALTER ENERSUN AL-QÁZERES EXTREMADURA,HOME,1902336,N. Liste Alfonsin,SF,2432389,J. De Barros Filipe,SF,2044012,C. Suárez Fernández,SF,2234981,S. Pereira Sánchez,SF,1889214,C. Prieto Pereda,SF,2.9,172.0,0.0,9.0,-9.0,0.0,125.6,-125.6
2480260,20,981208,ALTER ENERSUN AL-QÁZERES EXTREMADURA,HOME,2056237,L. Salmeron Segu,SF,1112483,L. Mendez Lamas,SF,1902336,N. Liste Alfonsin,SF,2432389,J. De Barros Filipe,SF,2815234,I. Tavares Ramos,SF,2.0,120.0,5.0,7.0,-2.0,100.0,140.0,-40.0
2480260,20,981208,ALTER ENERSUN AL-QÁZERES EXTREMADURA,HOME,2056237,L. Salmeron Segu,SF,1902336,N. Liste Alfonsin,SF,2432389,J. De Barros Filipe,SF,2815234,I. Tavares Ramos,SF,2044012,C. Suárez Fernández,SF,0.3,21.0,2.0,0.0,2.0,228.6,0.0,228.6
2480260,20,981208,ALTER ENERSUN AL-QÁZERES EXTREMADURA,HOME,2056237,L. Salmeron Segu,SF,2815153,V. Gauna,SF,1902336,N. Liste Alfonsin,SF,2432389,J. De Barros Filipe,SF,2815234,I. Tavares Ramos,SF,6.0,368.0,12.0,7.0,5.0,78.3,45.7,32.6
2480260,20,981208,ALTER ENERSUN AL-QÁZERES EXTREMADURA,HOME,2056237,L. Salmeron Segu,SF,2815153,V. Gauna,SF,2432389,J. De Barros Filipe,SF,1112483,L. Mendez Lamas,SF,1902336,N. Liste Alfonsin,SF,1.3,79.0,0.0,0.0,0.0,0.0,0.0,0.0
2480260,20,981208,ALTER ENERSUN AL-QÁZERES EXTREMADURA,HOME,2735904,R. De Lima Viegas Laneiro,SF,1860325,L. Fontela Cabaleiro,SF,1112483,L. Mendez Lamas,SF,1902336,N. Liste Alfonsin,SF,1889214,C. Prieto Pereda,SF,3.9,232.0,6.0,0.0,6.0,62.1,0.0,62.1
2480260,20,981208,ALTER ENERSUN AL-QÁZERES EXTREMADURA,HOME,2735904,R. De Lima Viegas Laneiro,SF,1860325,L. Fontela Cabaleiro,SF,2815153,V. Gauna,SF,2432389,J. De Barros Filipe,SF,1902336,N. Liste Alfonsin,SF,2.9,175.0,8.0,8.0,0.0,109.7,109.7,0.0
2480260,20,981208,ALTER ENERSUN AL-QÁZERES EXTREMADURA,HOME,2735904,R. De Lima Viegas Laneiro,SF,2056237,L. Salmeron Segu,SF,2815153,V. Gauna,SF,1902336,N. Liste Alfonsin,SF,2432389,J. De Barros Filipe,SF,4.9,295.0,16.0,4.0,12.0,130.2,32.5,97.6
2480260,20,981208,ALTER ENERSUN AL-QÁZERES EXTREMADURA,HOME,2735904,R. De Lima Viegas Laneiro,SF,2056237,L. Salmeron Segu,SF,2815153,V. Gauna,SF,2432389,J. De Barros Filipe,SF,1112483,L. Mendez Lamas,SF,2.1,129.0,0.0,4.0,-4.0,0.0,74.4,-74.4
2480260,20,981208,ALTER ENERSUN AL-QÁZERES EXTREMADURA,HOME,2735904,R. De Lima Viegas Laneiro,SF,2056237,L. Salmeron Segu,SF,2815153,V. Gauna,SF,2432389,J. De Barros Filipe,SF,1902336,N. Liste Alfonsin,SF,1.4,82.0,0.0,2.0,-2.0,0.0,58.5,-58.5
2480261,20,979919,RECOLETAS ZAMORA,HOME,1599354,A. Tainta Lizalde,SF,1516234,A. Moyano Medina,SF,1942017,A. Martin Tejedor,SF,2110765,A. Perez Relancio,SF,1259670,B. Sanchez Marrufo,SF,1.0,57.0,2.0,0.0,2.0,84.2,0.0,84.2
2480261,20,979919,RECOLETAS ZAMORA,HOME,1599354,A. Tainta Lizalde,SF,1516234,A. Moyano Medina,SF,1942017,A. Martin Tejedor,SF,2239381,D. Angel Villen,SF,1259670,B. Sanchez Marrufo,SF,3.0,177.0,5.0,9.0,-4.0,67.8,122.0,-54.2
2480261,20,979919,RECOLETAS ZAMORA,HOME,1599354,A. Tainta Lizalde,SF,1516234,A. Moyano Medina,SF,1942017,A. Martin Tejedor,SF,2239381,D. Angel Villen,SF,1864240,P. Hernandez Moro,SF,1.1,66.0,1.0,1.0,0.0,36.4,36.4,0.0
2480261,20,979919,RECOLETAS ZAMORA,HOME,1599354,A. Tainta Lizalde,SF,1516234,A. Moyano Medina,SF,1942017,A. Martin Tejedor,SF,2239381,D. Angel Villen,SF,2110765,A. Perez Relancio,SF,1.3,79.0,2.0,0.0,2.0,60.8,0.0,60.8
2480261,20,979919,RECOLETAS ZAMORA,HOME,1599354,A. Tainta Lizalde,SF,1516234,A. Moyano Medina,SF,1942017,A. Martin Tejedor,SF,2239381,D. Angel Villen,SF,2734310,E. Resende Carregosa,SF,3.8,230.0,6.0,1.0,5.0,62.6,10.4,52.2
2480261,20,979919,RECOLETAS ZAMORA,HOME,1599354,A. Tainta Lizalde,SF,1516234,A. Moyano Medina,SF,2432306,F. Niski Castelao,SF,1942017,A. Martin Tejedor,SF,2239381,D. Angel Villen,SF,8.7,521.0,17.0,13.0,4.0,78.3,59.9,18.4
2480261,20,979919,RECOLETAS ZAMORA,HOME,1599354,A. Tainta Lizalde,SF,2817152,F. Filor,SF,1516234,A. Moyano Medina,SF,1942017,A. Martin Tejedor,SF,2110765,A. Perez Relancio,SF,0.7,43.0,2.0,3.0,-1.0,111.6,167.4,-55.8
2480261,20,979919,RECOLETAS ZAMORA,HOME,1599354,A. Tainta Lizalde,SF,2817152,F. Filor,SF,1516234,A. Moyano Medina,SF,1942017,A. Martin Tejedor,SF,2239381,D. Angel Villen,SF,1.1,68.0,3.0,2.0,1.0,105.9,70.6,35.3
2480261,20,979919,RECOLETAS ZAMORA,HOME,1599354,A. Tainta Lizalde,SF,2817152,F. Filor,SF,1516234,A. Moyano Medina,SF,1942017,A. Martin Tejedor,SF,2734310,E. Resende Carregosa,SF,3.9,234.0,3.0,5.0,-2.0,30.8,51.3,-20.5
2480261,20,979919,RECOLETAS ZAMORA,HOME,1599354,A. Tainta Lizalde,SF,2817152,F. Filor,SF,1516234,A. Moyano Medina,SF,2432306,F. Niski Castelao,SF,1942017,A. Martin Tejedor,SF,9.7,584.0,20.0,17.0,3.0,82.2,69.9,12.3
2480261,20,979919,RECOLETAS ZAMORA,HOME,1599354,A. Tainta Lizalde,SF,2817152,F. Filor,SF,2432306,F. Niski Castelao,SF,2734310,E. Resende Carregosa,SF,2110765,A. Perez Relancio,SF,5.7,341.0,15.0,6.0,9.0,105.6,42.2,63.3
2480261,20,981346,LA CORDÁ DE PATERNA NB,AWAY,1632609,C. Che Tortola,SF,1687305,L. Segura Moreno,SF,2864802,N. Lagowski,SF,2024557,M. Bleda Ortega,SF,2071471,P. Saravia Logroño,SF,2.0,120.0,2.0,5.0,-3.0,40.0,100.0,-60.0
2480261,20,981346,LA CORDÁ DE PATERNA NB,AWAY,1632609,C. Che Tortola,SF,2864802,N. Lagowski,SF,2024557,M. Bleda Ortega,SF,2230288,S. Davila Diaz De Ilarraza,SF,2071471,P. Saravia Logroño,SF,1.8,107.0,1.0,2.0,-1.0,22.4,44.9,-22.4
2480261,20,981346,LA CORDÁ DE PATERNA NB,AWAY,1632609,C. Che Tortola,SF,2864802,N. Lagowski,SF,2024557,M. Bleda Ortega,SF,2561096,A. Prim Giro,SF,2071471,P. Saravia Logroño,SF,0.3,18.0,0.0,1.0,-1.0,0.0,133.3,-133.3
2480261,20,981346,LA CORDÁ DE PATERNA NB,AWAY,1632609,C. Che Tortola,SF,2864802,N. Lagowski,SF,2561096,A. Prim Giro,SF,2230288,S. Davila Diaz De Ilarraza,SF,2071471,P. Saravia Logroño,SF,0.8,48.0,1.0,0.0,1.0,50.0,0.0,50.0
2480261,20,981346,LA CORDÁ DE PATERNA NB,AWAY,2049442,I. Broncano Avellaneda,SF,1632609,C. Che Tortola,SF,2024557,M. Bleda Ortega,SF,2230288,S. Davila Diaz De Ilarraza,SF,2071471,P. Saravia Logroño,SF,1.6,93.0,2.0,5.0,-3.0,51.6,129.0,-77.4
2480261,20,981346,LA CORDÁ DE PATERNA NB,AWAY,2049442,I. Broncano Avellaneda,SF,1632609,C. Che Tortola,SF,2024557,M. Bleda Ortega,SF,2561096,A. Prim Giro,SF,2230288,S. Davila Diaz De Ilarraza,SF,0.4,25.0,0.0,1.0,-1.0,0.0,96.0,-96.0
2480261,20,981346,LA CORDÁ DE PATERNA NB,AWAY,2049442,I. Broncano Avellaneda,SF,2173687,M. Llompart Perello,SF,2024557,M. Bleda Ortega,SF,2561096,A. Prim Giro,SF,2230288,S. Davila Diaz De Ilarraza,SF,0.9,54.0,0.0,1.0,-1.0,0.0,44.4,-44.4
2480261,20,981346,LA CORDÁ DE PATERNA NB,AWAY,2049442,I. Broncano Avellaneda,SF,2173687,M. Llompart Perello,SF,2864802,N. Lagowski,SF,1687305,L. Segura Moreno,SF,2071471,P. Saravia Logroño,SF,0.8,47.0,0.0,2.0,-2.0,0.0,102.1,-102.1
2480261,20,981346,LA CORDÁ DE PATERNA NB,AWAY,2049442,I. Broncano Avellaneda,SF,2173687,M. Llompart Perello,SF,2864802,N. Lagowski,SF,2024557,M. Bleda Ortega,SF,2230288,S. Davila Diaz De Ilarraza,SF,1.8,112.0,4.0,5.0,-1.0,85.7,107.1,-21.4
2480261,20,981346,LA CORDÁ DE PATERNA NB,AWAY,2049442,I. Broncano Avellaneda,SF,2173687,M. Llompart Perello,SF,2864802,N. Lagowski,SF,2561096,A. Prim Giro,SF,2071471,P. Saravia Logroño,SF,0.7,42.0,3.0,0.0,3.0,171.4,0.0,171.4
2480261,20,981346,LA CORDÁ DE PATERNA NB,AWAY,2049442,I. Broncano Avellaneda,SF,2173687,M. Llompart Perello,SF,2864802,N. Lagowski,SF,2561096,A. Prim Giro,SF,2230288,S. Davila Diaz De Ilarraza,SF,0.1,4.0,0.0,0.0,0.0,0.0,0.0,0.0
2480261,20,981346,LA CORDÁ DE PATERNA NB,AWAY,2049442,I. Broncano Avellaneda,SF,2653963,A. Traore,SF,1632609,C. Che Tortola,SF,1687305,L. Segura Moreno,SF,2024557,M. Bleda Ortega,SF,3.3,202.0,2.0,6.0,-4.0,23.8,71.3,-47.5
2480261,20,981346,LA CORDÁ DE PATERNA NB,AWAY,2049442,I. Broncano Avellaneda,SF,2653963,A. Traore,SF,1632609,C. Che Tortola,SF,2024557,M. Bleda Ortega,SF,2071471,P. Saravia Logroño,SF,0.9,53.0,3.0,0.0,3.0,135.8,0.0,135.8
2480261,20,981346,LA CORDÁ DE PATERNA NB,AWAY,2049442,I. Broncano Avellaneda,SF,2653963,A. Traore,SF,1632609,C. Che Tortola,SF,2173687,M. Llompart Perello,SF,2024557,M. Bleda Ortega,SF,1.0,62.0,0.0,2.0,-2.0,0.0,77.4,-77.4
2480261,20,981346,LA CORDÁ DE PATERNA NB,AWAY,2049442,I. Broncano Avellaneda,SF,2653963,A. Traore,SF,2173687,M. Llompart Perello,SF,1687305,L. Segura Moreno,SF,2024557,M. Bleda Ortega,SF,7.5,444.0,8.0,11.0,-3.0,43.2,59.5,-16.2
2480261,20,981346,LA CORDÁ DE PATERNA NB,AWAY,2049442,I. Broncano Avellaneda,SF,2653963,A. Traore,SF,2173687,M. Llompart Perello,SF,1687305,L. Segura Moreno,SF,2561096,A. Prim Giro,SF,2.0,123.0,4.0,5.0,-1.0,78.0,97.6,-19.5
2480261,20,981346,LA CORDÁ DE PATERNA NB,AWAY,2049442,I. Broncano Avellaneda,SF,2653963,A. Traore,SF,2173687,M. Llompart Perello,SF,2561096,A. Prim Giro,SF,2230288,S. Davila Diaz De Ilarraza,SF,2.4,143.0,7.0,5.0,2.0,117.5,83.9,33.6
2480261,20,981346,LA CORDÁ DE PATERNA NB,AWAY,2049442,I. Broncano Avellaneda,SF,2653963,A. Traore,SF,2173687,M. Llompart Perello,SF,2864802,N. Lagowski,SF,1687305,L. Segura Moreno,SF,0.2,10.0,0.0,0.0,0.0,0.0,0.0,0.0
2480261,20,981346,LA CORDÁ DE PATERNA NB,AWAY,2049442,I. Broncano Avellaneda,SF,2864802,N. Lagowski,SF,2024557,M. Bleda Ortega,SF,2561096,A. Prim Giro,SF,2071471,P. Saravia Logroño,SF,1.1,68.0,0.0,3.0,-3.0,0.0,105.9,-105.9
2480261,20,981346,LA CORDÁ DE PATERNA NB,AWAY,2173687,M. Llompart Perello,SF,2864802,N. Lagowski,SF,1687305,L. Segura Moreno,SF,2230288,S. Davila Diaz De Ilarraza,SF,2071471,P. Saravia Logroño,SF,0.5,30.0,2.0,0.0,2.0,160.0,0.0,160.0
2480261,20,981346,LA CORDÁ DE PATERNA NB,AWAY,2173687,M. Llompart Perello,SF,2864802,N. Lagowski,SF,2024557,M. Bleda Ortega,SF,2561096,A. Prim Giro,SF,2071471,P. Saravia Logroño,SF,0.9,55.0,0.0,2.0,-2.0,0.0,87.3,-87.3
2480261,20,981346,LA CORDÁ DE PATERNA NB,AWAY,2653963,A. Traore,SF,1632609,C. Che Tortola,SF,1687305,L. Segura Moreno,SF,2024557,M. Bleda Ortega,SF,2071471,P. Saravia Logroño,SF,6.2,375.0,9.0,16.0,-7.0,57.6,102.4,-44.8
2480261,20,981346,LA CORDÁ DE PATERNA NB,AWAY,2653963,A. Traore,SF,1632609,C. Che Tortola,SF,1687305,L. Segura Moreno,SF,2024557,M. Bleda Ortega,SF,2561096,A. Prim Giro,SF,0.5,27.0,2.0,0.0,2.0,177.8,0.0,177.8
2480261,20,981346,LA CORDÁ DE PATERNA NB,AWAY,2653963,A. Traore,SF,1632609,C. Che Tortola,SF,2024557,M. Bleda Ortega,SF,2230288,S. Davila Diaz De Ilarraza,SF,2071471,P. Saravia Logroño,SF,0.3,16.0,0.0,2.0,-2.0,0.0,300.0,-300.0
2480261,20,981346,LA CORDÁ DE PATERNA NB,AWAY,2653963,A. Traore,SF,1687305,L. Segura Moreno,SF,2024557,M. Bleda Ortega,SF,2561096,A. Prim Giro,SF,2071471,P. Saravia Logroño,SF,0.7,43.0,3.0,2.0,1.0,167.4,111.6,55.8
2480261,20,981346,LA CORDÁ DE PATERNA NB,AWAY,2653963,A. Traore,SF,2173687,M. Llompart Perello,SF,1687305,L. Segura Moreno,SF,2024557,M. Bleda Ortega,SF,2071471,P. Saravia Logroño,SF,1.3,79.0,4.0,0.0,4.0,121.5,0.0,121.5
2480262,20,979912,DOMUSA TEKNIK ISB,AWAY,1826917,J. Azcue Jauregui,SF,2021400,M. Gutierrez Ibañez,SF,2818813,E. Lalotte,SF,1721468,C. Villamor Aparicio,SF,2137901,M. Otaegi Albizu,SF,2.6,157.0,5.0,5.0,0.0,76.4,76.4,0.0
2480262,20,979912,DOMUSA TEKNIK ISB,AWAY,1826917,J. Azcue Jauregui,SF,2021400,M. Gutierrez Ibañez,SF,2818813,E. Lalotte,SF,2137901,M. Otaegi Albizu,SF,2818816,I. Araújo Gouveia Vieira,SF,3.3,199.0,3.0,7.0,-4.0,36.2,84.4,-48.2
2480262,20,979912,DOMUSA TEKNIK ISB,AWAY,1894119,S. Iparraguirre Alustiza,SF,2021400,M. Gutierrez Ibañez,SF,2818813,E. Lalotte,SF,2137901,M. Otaegi Albizu,SF,2818816,I. Araújo Gouveia Vieira,SF,0.8,51.0,3.0,0.0,3.0,141.2,0.0,141.2
2480262,20,979912,DOMUSA TEKNIK ISB,AWAY,1894119,S. Iparraguirre Alustiza,SF,2364470,G. Leaupepe,SF,2021400,M. Gutierrez Ibañez,SF,2818813,E. Lalotte,SF,1721468,C. Villamor Aparicio,SF,4.1,244.0,5.0,10.0,-5.0,49.2,98.4,-49.2
2480262,20,979912,DOMUSA TEKNIK ISB,AWAY,1894119,S. Iparraguirre Alustiza,SF,2364470,G. Leaupepe,SF,2021400,M. Gutierrez Ibañez,SF,2818813,E. Lalotte,SF,2818816,I. Araújo Gouveia Vieira,SF,0.9,57.0,2.0,2.0,0.0,84.2,84.2,0.0
2480262,20,979912,DOMUSA TEKNIK ISB,AWAY,2364470,G. Leaupepe,SF,1826917,J. Azcue Jauregui,SF,2021400,M. Gutierrez Ibañez,SF,2818813,E. Lalotte,SF,2818816,I. Araújo Gouveia Vieira,SF,1.5,90.0,4.0,4.0,0.0,106.7,106.7,0.0
2480262,20,979912,DOMUSA TEKNIK ISB,AWAY,2364470,G. Leaupepe,SF,1826917,J. Azcue Jauregui,SF,2818813,E. Lalotte,SF,2021400,M. Gutierrez Ibañez,SF,2818816,I. Araújo Gouveia Vieira,SF,4.7,282.0,2.0,12.0,-10.0,17.0,102.1,-85.1
2480262,20,979912,DOMUSA TEKNIK ISB,AWAY,2364470,G. Leaupepe,SF,2021400,M. Gutierrez Ibañez,SF,2818813,E. Lalotte,SF,2137901,M. Otaegi Albizu,SF,2818816,I. Araújo Gouveia Vieira,SF,0.1,8.0,0.0,2.0,-2.0,0.0,600.0,-600.0
2480262,20,979912,DOMUSA TEKNIK ISB,AWAY,2364470,G. Leaupepe,SF,2818813,E. Lalotte,SF,2021400,M. Gutierrez Ibañez,SF,2137901,M. Otaegi Albizu,SF,2818816,I. Araújo Gouveia Vieira,SF,0.8,50.0,3.0,3.0,0.0,144.0,144.0,0.0
2480262,20,979912,DOMUSA TEKNIK ISB,AWAY,2818717,S. Van,SF,1826917,J. Azcue Jauregui,SF,2021400,M. Gutierrez Ibañez,SF,1721468,C. Villamor Aparicio,SF,2818816,I. Araújo Gouveia Vieira,SF,1.2,73.0,2.0,3.0,-1.0,65.8,98.6,-32.9
2480262,20,979912,DOMUSA TEKNIK ISB,AWAY,2818717,S. Van,SF,1826917,J. Azcue Jauregui,SF,2818813,E. Lalotte,SF,2137901,M. Otaegi Albizu,SF,2818816,I. Araújo Gouveia Vieira,SF,5.9,356.0,9.0,14.0,-5.0,60.7,94.4,-33.7
2480262,20,979912,DOMUSA TEKNIK ISB,AWAY,2818717,S. Van,SF,1894119,S. Iparraguirre Alustiza,SF,1826917,J. Azcue Jauregui,SF,2021400,M. Gutierrez Ibañez,SF,1721468,C. Villamor Aparicio,SF,0.9,57.0,3.0,2.0,1.0,126.3,84.2,42.1
2480262,20,979912,DOMUSA TEKNIK ISB,AWAY,2818717,S. Van,SF,1894119,S. Iparraguirre Alustiza,SF,1826917,J. Azcue Jauregui,SF,2818813,E. Lalotte,SF,1721468,C. Villamor Aparicio,SF,0.9,55.0,2.0,0.0,2.0,87.3,0.0,87.3
2480262,20,979912,DOMUSA TEKNIK ISB,AWAY,2818717,S. Van,SF,1894119,S. Iparraguirre Alustiza,SF,2364470,G. Leaupepe,SF,2021400,M. Gutierrez Ibañez,SF,1721468,C. Villamor Aparicio,SF,2.8,168.0,3.0,4.0,-1.0,42.9,57.1,-14.3
2480262,20,979912,DOMUSA TEKNIK ISB,AWAY,2818717,S. Van,SF,1894119,S. Iparraguirre Alustiza,SF,2364470,G. Leaupepe,SF,2021400,M. Gutierrez Ibañez,SF,2818816,I. Araújo Gouveia Vieira,SF,1.3,76.0,1.0,3.0,-2.0,31.6,94.7,-63.2
2480262,20,979912,DOMUSA TEKNIK ISB,AWAY,2818717,S. Van,SF,1894119,S. Iparraguirre Alustiza,SF,2818813,E. Lalotte,SF,1721468,C. Villamor Aparicio,SF,2137901,M. Otaegi Albizu,SF,2.9,175.0,0.0,11.0,-11.0,0.0,150.9,-150.9
2480262,20,979912,DOMUSA TEKNIK ISB,AWAY,2818717,S. Van,SF,1894119,S. Iparraguirre Alustiza,SF,2818813,E. Lalotte,SF,2137901,M. Otaegi Albizu,SF,2818816,I. Araújo Gouveia Vieira,SF,1.6,93.0,2.0,3.0,-1.0,51.6,77.4,-25.8
2480262,20,979912,DOMUSA TEKNIK ISB,AWAY,2818717,S. Van,SF,2364470,G. Leaupepe,SF,1826917,J. Azcue Jauregui,SF,2021400,M. Gutierrez Ibañez,SF,2818816,I. Araújo Gouveia Vieira,SF,3.5,209.0,4.0,7.0,-3.0,45.9,80.4,-34.4
2480262,20,981213,AZULMARINO MALLORCA PALMA,HOME,2791252,A. Bulgak,SF,2793759,J. Asinde,SF,2815892,A. Siciliano,SF,975683,A. Torrens Salom,SF,1865395,M. Garcia Mateo,SF,32.7,1975.0,74.0,46.0,28.0,89.9,55.9,34.0
2480262,20,981213,AZULMARINO MALLORCA PALMA,HOME,2791252,A. Bulgak,SF,2793759,J. Asinde,SF,975683,A. Torrens Salom,SF,1865395,M. Garcia Mateo,SF,1434977,C. Grande Pardo,SF,2.3,134.0,6.0,5.0,1.0,107.5,89.6,17.9
2480262,20,981213,AZULMARINO MALLORCA PALMA,HOME,2791252,A. Bulgak,SF,975683,A. Torrens Salom,SF,1865395,M. Garcia Mateo,SF,1434977,C. Grande Pardo,SF,1527601,I. Junio Mbulito,SF,4.8,291.0,12.0,2.0,10.0,99.0,16.5,82.5
2480263,20,981242,C.B. SANTFELIUENC,AWAY,2050086,M. Muñoz Moyano,SF,2073654,C. Gil Abad,SF,2155489,X. Salzmann Romeu,SF,2190844,S. Pares Vilaseca,SF,2816051,E. Tenbrock,SF,1.2,71.0,2.0,7.0,-5.0,67.6,236.6,-169.0
2480263,20,981242,C.B. SANTFELIUENC,AWAY,2050086,M. Muñoz Moyano,SF,2073654,C. Gil Abad,SF,2190844,S. Pares Vilaseca,SF,1752455,I. Conde Duran,SF,2816051,E. Tenbrock,SF,0.3,20.0,2.0,3.0,-1.0,240.0,360.0,-120.0
2480263,20,981242,C.B. SANTFELIUENC,AWAY,2050086,M. Muñoz Moyano,SF,2816669,A. Marotte,SF,2073654,C. Gil Abad,SF,2864042,K. Trehub,SF,2816051,E. Tenbrock,SF,0.7,40.0,0.0,2.0,-2.0,0.0,120.0,-120.0
2480263,20,981242,C.B. SANTFELIUENC,AWAY,2151715,J. Nogués Martí,SF,2050086,M. Muñoz Moyano,SF,2816669,A. Marotte,SF,1752455,I. Conde Duran,SF,2155489,X. Salzmann Romeu,SF,1.3,76.0,2.0,3.0,-1.0,63.2,94.7,-31.6
2480263,20,981242,C.B. SANTFELIUENC,AWAY,2151715,J. Nogués Martí,SF,2050086,M. Muñoz Moyano,SF,2816669,A. Marotte,SF,2155489,X. Salzmann Romeu,SF,2864042,K. Trehub,SF,0.8,47.0,2.0,2.0,0.0,102.1,102.1,0.0
2480263,20,981242,C.B. SANTFELIUENC,AWAY,2151715,J. Nogués Martí,SF,2050086,M. Muñoz Moyano,SF,2816669,A. Marotte,SF,2864042,K. Trehub,SF,2816051,E. Tenbrock,SF,3.9,235.0,11.0,10.0,1.0,112.3,102.1,10.2
2480263,20,981242,C.B. SANTFELIUENC,AWAY,2151715,J. Nogués Martí,SF,2050086,M. Muñoz Moyano,SF,2864042,K. Trehub,SF,2155489,X. Salzmann Romeu,SF,2816669,A. Marotte,SF,1.8,106.0,2.0,2.0,0.0,45.3,45.3,0.0
2480263,20,981242,C.B. SANTFELIUENC,AWAY,2151715,J. Nogués Martí,SF,2073654,C. Gil Abad,SF,2190844,S. Pares Vilaseca,SF,1752455,I. Conde Duran,SF,2816051,E. Tenbrock,SF,2.3,134.0,5.0,4.0,1.0,89.6,71.6,17.9
2480263,20,981242,C.B. SANTFELIUENC,AWAY,2151715,J. Nogués Martí,SF,2816669,A. Marotte,SF,1752455,I. Conde Duran,SF,2073654,C. Gil Abad,SF,2816051,E. Tenbrock,SF,5.5,326.0,9.0,12.0,-3.0,66.3,88.3,-22.1
2480263,20,981242,C.B. SANTFELIUENC,AWAY,2151715,J. Nogués Martí,SF,2816669,A. Marotte,SF,1752455,I. Conde Duran,SF,2155489,X. Salzmann Romeu,SF,2073654,C. Gil Abad,SF,0.7,41.0,4.0,2.0,2.0,234.1,117.1,117.1
2480263,20,981242,C.B. SANTFELIUENC,AWAY,2151715,J. Nogués Martí,SF,2816669,A. Marotte,SF,1752455,I. Conde Duran,SF,2155489,X. Salzmann Romeu,SF,2190844,S. Pares Vilaseca,SF,2.7,164.0,7.0,5.0,2.0,102.4,73.2,29.3
2480263,20,981242,C.B. SANTFELIUENC,AWAY,2151715,J. Nogués Martí,SF,2816669,A. Marotte,SF,1752455,I. Conde Duran,SF,2155489,X. Salzmann Romeu,SF,2816051,E. Tenbrock,SF,1.3,78.0,3.0,8.0,-5.0,92.3,246.2,-153.8
2480263,20,981242,C.B. SANTFELIUENC,AWAY,2151715,J. Nogués Martí,SF,2816669,A. Marotte,SF,1752455,I. Conde Duran,SF,2190844,S. Pares Vilaseca,SF,2816051,E. Tenbrock,SF,0.8,47.0,6.0,5.0,1.0,306.4,255.3,51.1
2480263,20,981242,C.B. SANTFELIUENC,AWAY,2151715,J. Nogués Martí,SF,2816669,A. Marotte,SF,2073654,C. Gil Abad,SF,2155489,X. Salzmann Romeu,SF,2864042,K. Trehub,SF,3.5,207.0,7.0,2.0,5.0,81.2,23.2,58.0
2480263,20,981242,C.B. SANTFELIUENC,AWAY,2151715,J. Nogués Martí,SF,2816669,A. Marotte,SF,2155489,X. Salzmann Romeu,SF,2864042,K. Trehub,SF,2073654,C. Gil Abad,SF,1.8,108.0,2.0,1.0,1.0,44.4,22.2,22.2
2480263,20,981242,C.B. SANTFELIUENC,AWAY,2151715,J. Nogués Martí,SF,2816669,A. Marotte,SF,2155489,X. Salzmann Romeu,SF,2864042,K. Trehub,SF,2190844,S. Pares Vilaseca,SF,3.2,190.0,5.0,4.0,1.0,63.2,50.5,12.6
2480263,20,981242,C.B. SANTFELIUENC,AWAY,2151715,J. Nogués Martí,SF,2816669,A. Marotte,SF,2864042,K. Trehub,SF,2073654,C. Gil Abad,SF,2816051,E. Tenbrock,SF,1.5,91.0,0.0,2.0,-2.0,0.0,52.7,-52.7
2480263,20,981242,C.B. SANTFELIUENC,AWAY,2151715,J. Nogués Martí,SF,2816669,A. Marotte,SF,2864042,K. Trehub,SF,2190844,S. Pares Vilaseca,SF,2816051,E. Tenbrock,SF,0.1,9.0,0.0,0.0,0.0,0.0,0.0,0.0
2480263,20,981242,C.B. SANTFELIUENC,AWAY,2151715,J. Nogués Martí,SF,2864042,K. Trehub,SF,2155489,X. Salzmann Romeu,SF,2816669,A. Marotte,SF,2073654,C. Gil Abad,SF,2.2,135.0,5.0,3.0,2.0,88.9,53.3,35.6
2480263,20,981242,C.B. SANTFELIUENC,AWAY,2151715,J. Nogués Martí,SF,2864042,K. Trehub,SF,2816669,A. Marotte,SF,2073654,C. Gil Abad,SF,2816051,E. Tenbrock,SF,0.9,54.0,2.0,0.0,2.0,88.9,0.0,88.9
2480263,20,981242,C.B. SANTFELIUENC,AWAY,2816669,A. Marotte,SF,1752455,I. Conde Duran,SF,2155489,X. Salzmann Romeu,SF,2190844,S. Pares Vilaseca,SF,2073654,C. Gil Abad,SF,1.4,87.0,4.0,5.0,-1.0,110.3,137.9,-27.6
2480263,20,981242,C.B. SANTFELIUENC,AWAY,2816669,A. Marotte,SF,1752455,I. Conde Duran,SF,2190844,S. Pares Vilaseca,SF,2073654,C. Gil Abad,SF,2816051,E. Tenbrock,SF,2.2,134.0,0.0,4.0,-4.0,0.0,71.6,-71.6
2480263,20,981306,CAJASOL BALONCESTO SEVILLA FEMENINO,HOME,1679391,M. Martinez Carranza,SF,2791616,L. Vorphal,SF,1993036,I. Rios Rus,SF,1999405,N. Anitua Garcia,SF,1836643,E. Fernandez Rubio,SF,0.9,54.0,2.0,2.0,0.0,88.9,88.9,0.0
2480263,20,981306,CAJASOL BALONCESTO SEVILLA FEMENINO,HOME,1679391,M. Martinez Carranza,SF,2791616,L. Vorphal,SF,1999405,N. Anitua Garcia,SF,1836643,E. Fernandez Rubio,SF,2053354,F. Gassama Dansoko,SF,3.0,180.0,12.0,7.0,5.0,160.0,93.3,66.7
2480263,20,981306,CAJASOL BALONCESTO SEVILLA FEMENINO,HOME,1679391,M. Martinez Carranza,SF,2791616,L. Vorphal,SF,1999405,N. Anitua Garcia,SF,2053354,F. Gassama Dansoko,SF,1522827,M. Recio Gonzalez,SF,8.5,509.0,17.0,15.0,2.0,80.2,70.7,9.4
2480263,20,981306,CAJASOL BALONCESTO SEVILLA FEMENINO,HOME,1679391,M. Martinez Carranza,SF,2791616,L. Vorphal,SF,2004240,N. Sanchez Robayo,SF,1993036,I. Rios Rus,SF,1999405,N. Anitua Garcia,SF,27.7,1657.0,55.0,56.0,-1.0,79.7,81.1,-1.4
2480264,20,981334,UNICAJA MIJAS,HOME,1884837,M. Roters Dubinina,SF,1723860,S. Galeron Alvarez,SF,2012623,S. Lo Sylla,SF,1949233,A. Orois Aznarez,SF,1954737,E. Puiggros Rovira,SF,7.8,474.0,13.0,16.0,-3.0,65.8,81.0,-15.2
2480264,20,981334,UNICAJA MIJAS,HOME,1884837,M. Roters Dubinina,SF,1723860,S. Galeron Alvarez,SF,2012623,S. Lo Sylla,SF,1949233,A. Orois Aznarez,SF,1994192,E. Moreno Fernandez,SF,2.8,169.0,5.0,2.0,3.0,71.0,28.4,42.6
2480264,20,981334,UNICAJA MIJAS,HOME,1884837,M. Roters Dubinina,SF,1723860,S. Galeron Alvarez,SF,2012623,S. Lo Sylla,SF,1949233,A. Orois Aznarez,SF,2272398,M. Segura Diaz Larrauri,SF,0.7,44.0,2.0,1.0,1.0,109.1,54.5,54.5
2480264,20,981334,UNICAJA MIJAS,HOME,2096249,T. Eke Benitez,SF,1884837,M. Roters Dubinina,SF,1723860,S. Galeron Alvarez,SF,2272398,M. Segura Diaz Larrauri,SF,2643500,C. Capellan Santana,SF,2.3,136.0,2.0,4.0,-2.0,35.3,70.6,-35.3
2480264,20,981334,UNICAJA MIJAS,HOME,2096249,T. Eke Benitez,SF,1884837,M. Roters Dubinina,SF,1723860,S. Galeron Alvarez,SF,2643500,C. Capellan Santana,SF,1954737,E. Puiggros Rovira,SF,2.5,155.0,4.0,3.0,1.0,61.9,46.5,15.5
2480264,20,981334,UNICAJA MIJAS,HOME,2096249,T. Eke Benitez,SF,2814756,C. Zimmerman,SF,1884837,M. Roters Dubinina,SF,1949233,A. Orois Aznarez,SF,1994192,E. Moreno Fernandez,SF,0.9,55.0,2.0,0.0,2.0,87.3,0.0,87.3
2480264,20,981334,UNICAJA MIJAS,HOME,2096249,T. Eke Benitez,SF,2814756,C. Zimmerman,SF,1884837,M. Roters Dubinina,SF,1949233,A. Orois Aznarez,SF,2643500,C. Capellan Santana,SF,6.6,391.0,13.0,8.0,5.0,79.8,49.1,30.7
2480264,20,981334,UNICAJA MIJAS,HOME,2096249,T. Eke Benitez,SF,2814756,C. Zimmerman,SF,1884837,M. Roters Dubinina,SF,1954737,E. Puiggros Rovira,SF,1994192,E. Moreno Fernandez,SF,5.0,306.0,14.0,2.0,12.0,109.8,15.7,94.1
2480264,20,981334,UNICAJA MIJAS,HOME,2096249,T. Eke Benitez,SF,2814756,C. Zimmerman,SF,1884837,M. Roters Dubinina,SF,2272398,M. Segura Diaz Larrauri,SF,2643500,C. Capellan Santana,SF,0.3,21.0,0.0,0.0,0.0,0.0,0.0,0.0
2480264,20,981334,UNICAJA MIJAS,HOME,2096249,T. Eke Benitez,SF,2814756,C. Zimmerman,SF,1884837,M. Roters Dubinina,SF,2643500,C. Capellan Santana,SF,1954737,E. Puiggros Rovira,SF,5.4,329.0,6.0,2.0,4.0,43.8,14.6,29.2
2480264,20,981334,UNICAJA MIJAS,HOME,2643500,C. Capellan Santana,SF,2096249,T. Eke Benitez,SF,2814756,C. Zimmerman,SF,1884837,M. Roters Dubinina,SF,1954737,E. Puiggros Rovira,SF,1.1,68.0,0.0,3.0,-3.0,0.0,105.9,-105.9
2480264,20,981334,UNICAJA MIJAS,HOME,2643500,C. Capellan Santana,SF,2814756,C. Zimmerman,SF,1884837,M. Roters Dubinina,SF,2012623,S. Lo Sylla,SF,1954737,E. Puiggros Rovira,SF,2.2,132.0,7.0,2.0,5.0,127.3,36.4,90.9
2480264,20,981334,UNICAJA MIJAS,HOME,2814756,C. Zimmerman,SF,1884837,M. Roters Dubinina,SF,2012623,S. Lo Sylla,SF,1949233,A. Orois Aznarez,SF,1954737,E. Puiggros Rovira,SF,2.0,120.0,2.0,4.0,-2.0,40.0,80.0,-40.0
2480264,20,981356,BOSONIT UNIBASKET,AWAY,1626810,C. Aldecoa Rodriguez,SF,2819119,T. Sedláková,SF,1678734,M. Llorente Ruiz,SF,1778980,I. Losada Gonzalez-Babe,SF,2151019,N. Padrosa Mons,SF,2.5,157.0,1.0,7.0,-6.0,15.3,107.0,-91.7
2480264,20,981356,BOSONIT UNIBASKET,AWAY,1626810,C. Aldecoa Rodriguez,SF,2819119,T. Sedláková,SF,1678734,M. Llorente Ruiz,SF,2151019,N. Padrosa Mons,SF,1834784,E. Florez Pascual,SF,1.1,68.0,3.0,2.0,1.0,105.9,70.6,35.3
2480264,20,981356,BOSONIT UNIBASKET,AWAY,1626810,C. Aldecoa Rodriguez,SF,2819119,T. Sedláková,SF,2735759,L. Van Schaik,SF,1821692,M. Alonso Guadaño,SF,1834784,E. Florez Pascual,SF,0.9,55.0,2.0,0.0,2.0,87.3,0.0,87.3
2480264,20,981356,BOSONIT UNIBASKET,AWAY,1626810,C. Aldecoa Rodriguez,SF,2819119,T. Sedláková,SF,2735759,L. Van Schaik,SF,2151019,N. Padrosa Mons,SF,1834784,E. Florez Pascual,SF,1.4,87.0,0.0,3.0,-3.0,0.0,82.8,-82.8
2480264,20,981356,BOSONIT UNIBASKET,AWAY,1626810,C. Aldecoa Rodriguez,SF,2819121,H. Forster,SF,1678734,M. Llorente Ruiz,SF,1778980,I. Losada Gonzalez-Babe,SF,2151019,N. Padrosa Mons,SF,2.2,133.0,12.0,3.0,9.0,216.5,54.1,162.4
2480264,20,981356,BOSONIT UNIBASKET,AWAY,1626810,C. Aldecoa Rodriguez,SF,2819121,H. Forster,SF,1778980,I. Losada Gonzalez-Babe,SF,2735759,L. Van Schaik,SF,2151019,N. Padrosa Mons,SF,0.4,26.0,0.0,1.0,-1.0,0.0,92.3,-92.3
2480264,20,981356,BOSONIT UNIBASKET,AWAY,1626810,C. Aldecoa Rodriguez,SF,2819121,H. Forster,SF,2735759,L. Van Schaik,SF,1821692,M. Alonso Guadaño,SF,1834784,E. Florez Pascual,SF,1.1,64.0,0.0,2.0,-2.0,0.0,75.0,-75.0
2480264,20,981356,BOSONIT UNIBASKET,AWAY,1834784,E. Florez Pascual,SF,1678734,M. Llorente Ruiz,SF,1778980,I. Losada Gonzalez-Babe,SF,2735759,L. Van Schaik,SF,2151019,N. Padrosa Mons,SF,0.5,27.0,2.0,2.0,0.0,177.8,177.8,0.0
2480264,20,981356,BOSONIT UNIBASKET,AWAY,2819119,T. Sedláková,SF,1626810,C. Aldecoa Rodriguez,SF,1778980,I. Losada Gonzalez-Babe,SF,2735759,L. Van Schaik,SF,2151019,N. Padrosa Mons,SF,0.9,56.0,0.0,0.0,0.0,0.0,0.0,0.0
2480264,20,981356,BOSONIT UNIBASKET,AWAY,2819119,T. Sedláková,SF,1626810,C. Aldecoa Rodriguez,SF,1834784,E. Florez Pascual,SF,2735759,L. Van Schaik,SF,1821692,M. Alonso Guadaño,SF,3.2,194.0,0.0,4.0,-4.0,0.0,49.5,-49.5
2480264,20,981356,BOSONIT UNIBASKET,AWAY,2819119,T. Sedláková,SF,1626810,C. Aldecoa Rodriguez,SF,2735759,L. Van Schaik,SF,1821692,M. Alonso Guadaño,SF,1834784,E. Florez Pascual,SF,5.0,300.0,8.0,8.0,0.0,64.0,64.0,0.0
2480264,20,981356,BOSONIT UNIBASKET,AWAY,2819119,T. Sedláková,SF,1678734,M. Llorente Ruiz,SF,1778980,I. Losada Gonzalez-Babe,SF,2735759,L. Van Schaik,SF,2151019,N. Padrosa Mons,SF,1.8,107.0,2.0,4.0,-2.0,44.9,89.7,-44.9
2480264,20,981356,BOSONIT UNIBASKET,AWAY,2819119,T. Sedláková,SF,1678734,M. Llorente Ruiz,SF,1778980,I. Losada Gonzalez-Babe,SF,2735759,L. Van Schaik,SF,2561556,C. Sañudo Trillo,SF,2.9,175.0,5.0,5.0,0.0,68.6,68.6,0.0
2480264,20,981356,BOSONIT UNIBASKET,AWAY,2819119,T. Sedláková,SF,1678734,M. Llorente Ruiz,SF,2561556,C. Sañudo Trillo,SF,1821692,M. Alonso Guadaño,SF,1834784,E. Florez Pascual,SF,0.1,7.0,0.0,0.0,0.0,0.0,0.0,0.0
2480264,20,981356,BOSONIT UNIBASKET,AWAY,2819119,T. Sedláková,SF,2735759,L. Van Schaik,SF,2561556,C. Sañudo Trillo,SF,1821692,M. Alonso Guadaño,SF,1834784,E. Florez Pascual,SF,2.6,154.0,2.0,6.0,-4.0,31.2,93.5,-62.3
2480264,20,981356,BOSONIT UNIBASKET,AWAY,2819119,T. Sedláková,SF,2819121,H. Forster,SF,1678734,M. Llorente Ruiz,SF,2735759,L. Van Schaik,SF,1821692,M. Alonso Guadaño,SF,2.2,138.0,2.0,0.0,2.0,34.8,0.0,34.8
2480264,20,981356,BOSONIT UNIBASKET,AWAY,2819121,H. Forster,SF,1626810,C. Aldecoa Rodriguez,SF,1678734,M. Llorente Ruiz,SF,2561556,C. Sañudo Trillo,SF,1834784,E. Florez Pascual,SF,0.9,56.0,0.0,5.0,-5.0,0.0,214.3,-214.3
2480264,20,981356,BOSONIT UNIBASKET,AWAY,2819121,H. Forster,SF,1626810,C. Aldecoa Rodriguez,SF,2561556,C. Sañudo Trillo,SF,1821692,M. Alonso Guadaño,SF,1834784,E. Florez Pascual,SF,2.9,175.0,2.0,7.0,-5.0,27.4,96.0,-68.6
2480264,20,981356,BOSONIT UNIBASKET,AWAY,2819121,H. Forster,SF,1678734,M. Llorente Ruiz,SF,1778980,I. Losada Gonzalez-Babe,SF,2735759,L. Van Schaik,SF,1821692,M. Alonso Guadaño,SF,2.8,169.0,2.0,5.0,-3.0,28.4,71.0,-42.6
2480264,20,981356,BOSONIT UNIBASKET,AWAY,2819121,H. Forster,SF,1678734,M. Llorente Ruiz,SF,1778980,I. Losada Gonzalez-Babe,SF,2735759,L. Van Schaik,SF,2151019,N. Padrosa Mons,SF,3.4,204.0,4.0,2.0,2.0,47.1,23.5,23.5
2480264,20,981356,BOSONIT UNIBASKET,AWAY,2819121,H. Forster,SF,1678734,M. Llorente Ruiz,SF,2735759,L. Van Schaik,SF,1821692,M. Alonso Guadaño,SF,1834784,E. Florez Pascual,SF,0.8,48.0,0.0,4.0,-4.0,0.0,200.0,-200.0
2480265,21,981206,MCR LIMA-HORTA BARCELONA,HOME,1494221,L. Soler Madariaga,SF,1908281,M. Aguado Tortella,SF,1886093,E. Escuder Gonzalez,SF,1958425,L. Roig I Salrach,SF,1912814,N. Barrientos Pereira,SF,1.5,91.0,4.0,7.0,-3.0,105.5,184.6,-79.1
2480265,21,981206,MCR LIMA-HORTA BARCELONA,HOME,1494221,L. Soler Madariaga,SF,1908281,M. Aguado Tortella,SF,1959765,J. Rueda Choni,SF,1958425,L. Roig I Salrach,SF,1912814,N. Barrientos Pereira,SF,1.3,76.0,0.0,3.0,-3.0,0.0,94.7,-94.7
2480265,21,981206,MCR LIMA-HORTA BARCELONA,HOME,2049841,E. Trawally Porta,SF,1494221,L. Soler Madariaga,SF,1908281,M. Aguado Tortella,SF,1958425,L. Roig I Salrach,SF,1912814,N. Barrientos Pereira,SF,2.0,125.0,4.0,7.0,-3.0,76.8,134.4,-57.6
2480265,21,981206,MCR LIMA-HORTA BARCELONA,HOME,2049841,E. Trawally Porta,SF,1494221,L. Soler Madariaga,SF,1908281,M. Aguado Tortella,SF,1959765,J. Rueda Choni,SF,1958425,L. Roig I Salrach,SF,1.4,82.0,2.0,5.0,-3.0,58.5,146.3,-87.8
2480265,21,981206,MCR LIMA-HORTA BARCELONA,HOME,2049841,E. Trawally Porta,SF,1494221,L. Soler Madariaga,SF,1959765,J. Rueda Choni,SF,1958425,L. Roig I Salrach,SF,1912814,N. Barrientos Pereira,SF,1.9,117.0,4.0,2.0,2.0,82.1,41.0,41.0
2480265,21,981206,MCR LIMA-HORTA BARCELONA,HOME,2049841,E. Trawally Porta,SF,1494221,L. Soler Madariaga,SF,1959765,J. Rueda Choni,SF,1958425,L. Roig I Salrach,SF,2042157,C. Ripoll Moya,SF,0.7,42.0,0.0,0.0,0.0,0.0,0.0,0.0
2480265,21,981206,MCR LIMA-HORTA BARCELONA,HOME,2235190,E. Morales López,SF,1494221,L. Soler Madariaga,SF,1908281,M. Aguado Tortella,SF,1958425,L. Roig I Salrach,SF,1912814,N. Barrientos Pereira,SF,0.7,40.0,0.0,0.0,0.0,0.0,0.0,0.0
2480265,21,981206,MCR LIMA-HORTA BARCELONA,HOME,2235190,E. Morales López,SF,1494221,L. Soler Madariaga,SF,1908281,M. Aguado Tortella,SF,1959765,J. Rueda Choni,SF,1958425,L. Roig I Salrach,SF,1.4,82.0,2.0,0.0,2.0,58.5,0.0,58.5
2480265,21,981206,MCR LIMA-HORTA BARCELONA,HOME,2235190,E. Morales López,SF,1494221,L. Soler Madariaga,SF,1908281,M. Aguado Tortella,SF,1959765,J. Rueda Choni,SF,2042157,C. Ripoll Moya,SF,2.4,142.0,3.0,5.0,-2.0,50.7,84.5,-33.8
2480265,21,981206,MCR LIMA-HORTA BARCELONA,HOME,2235190,E. Morales López,SF,1494221,L. Soler Madariaga,SF,1959765,J. Rueda Choni,SF,1886093,E. Escuder Gonzalez,SF,1958425,L. Roig I Salrach,SF,0.8,49.0,1.0,0.0,1.0,49.0,0.0,49.0
2480265,21,981206,MCR LIMA-HORTA BARCELONA,HOME,2235190,E. Morales López,SF,2049841,E. Trawally Porta,SF,1908281,M. Aguado Tortella,SF,1959765,J. Rueda Choni,SF,1958425,L. Roig I Salrach,SF,5.7,339.0,12.0,14.0,-2.0,85.0,99.1,-14.2
2480265,21,981206,MCR LIMA-HORTA BARCELONA,HOME,2235190,E. Morales López,SF,2049841,E. Trawally Porta,SF,1908281,M. Aguado Tortella,SF,1959765,J. Rueda Choni,SF,2042157,C. Ripoll Moya,SF,7.9,473.0,10.0,9.0,1.0,50.7,45.7,5.1
2480265,21,981206,MCR LIMA-HORTA BARCELONA,HOME,2235190,E. Morales López,SF,2049841,E. Trawally Porta,SF,1958425,L. Roig I Salrach,SF,1912814,N. Barrientos Pereira,SF,2042157,C. Ripoll Moya,SF,2.9,171.0,9.0,7.0,2.0,126.3,98.2,28.1
2480265,21,981206,MCR LIMA-HORTA BARCELONA,HOME,2235190,E. Morales López,SF,2049841,E. Trawally Porta,SF,1959765,J. Rueda Choni,SF,1886093,E. Escuder Gonzalez,SF,1958425,L. Roig I Salrach,SF,2.2,135.0,7.0,9.0,-2.0,124.4,160.0,-35.6
2480265,21,981206,MCR LIMA-HORTA BARCELONA,HOME,2235190,E. Morales López,SF,2049841,E. Trawally Porta,SF,1959765,J. Rueda Choni,SF,1958425,L. Roig I Salrach,SF,1912814,N. Barrientos Pereira,SF,4.0,242.0,8.0,6.0,2.0,79.3,59.5,19.8
2480265,21,981206,MCR LIMA-HORTA BARCELONA,HOME,2235190,E. Morales López,SF,2049841,E. Trawally Porta,SF,1959765,J. Rueda Choni,SF,1958425,L. Roig I Salrach,SF,2042157,C. Ripoll Moya,SF,3.2,194.0,10.0,5.0,5.0,123.7,61.9,61.9
2480265,21,981334,UNICAJA MIJAS,AWAY,2096249,T. Eke Benitez,SF,1884837,M. Roters Dubinina,SF,1723860,S. Galeron Alvarez,SF,1949233,A. Orois Aznarez,SF,1994192,E. Moreno Fernandez,SF,0.9,55.0,3.0,2.0,1.0,130.9,87.3,43.6
2480265,21,981334,UNICAJA MIJAS,AWAY,2096249,T. Eke Benitez,SF,1884837,M. Roters Dubinina,SF,1723860,S. Galeron Alvarez,SF,1954737,E. Puiggros Rovira,SF,1994192,E. Moreno Fernandez,SF,2.4,149.0,9.0,7.0,2.0,145.0,112.8,32.2
2480265,21,981334,UNICAJA MIJAS,AWAY,2096249,T. Eke Benitez,SF,1884837,M. Roters Dubinina,SF,2272398,M. Segura Diaz Larrauri,SF,1954737,E. Puiggros Rovira,SF,1994192,E. Moreno Fernandez,SF,2.9,171.0,7.0,9.0,-2.0,98.2,126.3,-28.1
2480265,21,981334,UNICAJA MIJAS,AWAY,2096249,T. Eke Benitez,SF,2814756,C. Zimmerman,SF,1884837,M. Roters Dubinina,SF,1949233,A. Orois Aznarez,SF,1994192,E. Moreno Fernandez,SF,2.4,142.0,5.0,3.0,2.0,84.5,50.7,33.8
2480265,21,981334,UNICAJA MIJAS,AWAY,2096249,T. Eke Benitez,SF,2814756,C. Zimmerman,SF,1884837,M. Roters Dubinina,SF,1954737,E. Puiggros Rovira,SF,1994192,E. Moreno Fernandez,SF,4.7,281.0,15.0,7.0,8.0,128.1,59.8,68.3
2480265,21,981334,UNICAJA MIJAS,AWAY,2643500,C. Capellan Santana,SF,1884837,M. Roters Dubinina,SF,1723860,S. Galeron Alvarez,SF,2012623,S. Lo Sylla,SF,1954737,E. Puiggros Rovira,SF,5.9,354.0,8.0,10.0,-2.0,54.2,67.8,-13.6
2480265,21,981334,UNICAJA MIJAS,AWAY,2643500,C. Capellan Santana,SF,2096249,T. Eke Benitez,SF,1884837,M. Roters Dubinina,SF,1723860,S. Galeron Alvarez,SF,1954737,E. Puiggros Rovira,SF,1.3,79.0,3.0,3.0,0.0,91.1,91.1,0.0
2480265,21,981334,UNICAJA MIJAS,AWAY,2643500,C. Capellan Santana,SF,2096249,T. Eke Benitez,SF,2814756,C. Zimmerman,SF,1884837,M. Roters Dubinina,SF,1949233,A. Orois Aznarez,SF,2.1,124.0,3.0,5.0,-2.0,58.1,96.8,-38.7
2480265,21,981334,UNICAJA MIJAS,AWAY,2643500,C. Capellan Santana,SF,2096249,T. Eke Benitez,SF,2814756,C. Zimmerman,SF,1884837,M. Roters Dubinina,SF,1954737,E. Puiggros Rovira,SF,4.7,286.0,7.0,10.0,-3.0,58.7,83.9,-25.2
2480265,21,981334,UNICAJA MIJAS,AWAY,2643500,C. Capellan Santana,SF,2096249,T. Eke Benitez,SF,2814756,C. Zimmerman,SF,1884837,M. Roters Dubinina,SF,1994192,E. Moreno Fernandez,SF,5.1,299.0,11.0,9.0,2.0,88.3,72.2,16.1
2480265,21,981334,UNICAJA MIJAS,AWAY,2643500,C. Capellan Santana,SF,2814756,C. Zimmerman,SF,1884837,M. Roters Dubinina,SF,2012623,S. Lo Sylla,SF,1949233,A. Orois Aznarez,SF,2.8,174.0,2.0,6.0,-4.0,27.6,82.8,-55.2
2480265,21,981334,UNICAJA MIJAS,AWAY,2643500,C. Capellan Santana,SF,2814756,C. Zimmerman,SF,1884837,M. Roters Dubinina,SF,2012623,S. Lo Sylla,SF,1954737,E. Puiggros Rovira,SF,0.3,16.0,0.0,0.0,0.0,0.0,0.0,0.0
2480265,21,981334,UNICAJA MIJAS,AWAY,2814756,C. Zimmerman,SF,1884837,M. Roters Dubinina,SF,2012623,S. Lo Sylla,SF,1949233,A. Orois Aznarez,SF,2643500,C. Capellan Santana,SF,4.5,270.0,6.0,5.0,1.0,53.3,44.4,8.9
2480266,21,981306,CAJASOL BALONCESTO SEVILLA FEMENINO,AWAY,1679391,M. Martinez Carranza,SF,2791616,L. Vorphal,SF,1993036,I. Rios Rus,SF,2867807,F. Pouye,SF,1999405,N. Anitua Garcia,SF,11.2,666.0,15.0,18.0,-3.0,54.1,64.9,-10.8
2480266,21,981306,CAJASOL BALONCESTO SEVILLA FEMENINO,AWAY,1679391,M. Martinez Carranza,SF,2791616,L. Vorphal,SF,1999405,N. Anitua Garcia,SF,2053354,F. Gassama Dansoko,SF,1522827,M. Recio Gonzalez,SF,4.4,263.0,4.0,7.0,-3.0,36.5,63.9,-27.4
2480266,21,981306,CAJASOL BALONCESTO SEVILLA FEMENINO,AWAY,1679391,M. Martinez Carranza,SF,2791616,L. Vorphal,SF,2004240,N. Sanchez Robayo,SF,1993036,I. Rios Rus,SF,2867807,F. Pouye,SF,24.5,1471.0,31.0,40.0,-9.0,50.6,65.3,-14.7
2480266,21,981356,BOSONIT UNIBASKET,HOME,1626810,C. Aldecoa Rodriguez,SF,1834784,E. Florez Pascual,SF,2819119,T. Sedláková,SF,1678734,M. Llorente Ruiz,SF,1821692,M. Alonso Guadaño,SF,0.2,15.0,0.0,0.0,0.0,0.0,0.0,0.0
2480266,21,981356,BOSONIT UNIBASKET,HOME,1626810,C. Aldecoa Rodriguez,SF,1834784,E. Florez Pascual,SF,2819119,T. Sedláková,SF,1678734,M. Llorente Ruiz,SF,2151019,N. Padrosa Mons,SF,0.3,16.0,0.0,0.0,0.0,0.0,0.0,0.0
2480266,21,981356,BOSONIT UNIBASKET,HOME,1626810,C. Aldecoa Rodriguez,SF,1834784,E. Florez Pascual,SF,2819119,T. Sedláková,SF,2735759,L. Van Schaik,SF,1821692,M. Alonso Guadaño,SF,1.2,75.0,0.0,2.0,-2.0,0.0,64.0,-64.0
2480266,21,981356,BOSONIT UNIBASKET,HOME,1626810,C. Aldecoa Rodriguez,SF,1834784,E. Florez Pascual,SF,2819121,H. Forster,SF,1678734,M. Llorente Ruiz,SF,1821692,M. Alonso Guadaño,SF,1.0,60.0,3.0,2.0,1.0,120.0,80.0,40.0
2480266,21,981356,BOSONIT UNIBASKET,HOME,1626810,C. Aldecoa Rodriguez,SF,1834784,E. Florez Pascual,SF,2819121,H. Forster,SF,1678734,M. Llorente Ruiz,SF,2151019,N. Padrosa Mons,SF,2.4,141.0,3.0,2.0,1.0,51.1,34.0,17.0
2480266,21,981356,BOSONIT UNIBASKET,HOME,1626810,C. Aldecoa Rodriguez,SF,1834784,E. Florez Pascual,SF,2819121,H. Forster,SF,2735759,L. Van Schaik,SF,2151019,N. Padrosa Mons,SF,0.8,46.0,3.0,0.0,3.0,156.5,0.0,156.5
2480266,21,981356,BOSONIT UNIBASKET,HOME,1626810,C. Aldecoa Rodriguez,SF,2819119,T. Sedláková,SF,1678734,M. Llorente Ruiz,SF,1778980,I. Losada Gonzalez-Babe,SF,1821692,M. Alonso Guadaño,SF,5.0,301.0,8.0,12.0,-4.0,63.8,95.7,-31.9
2480266,21,981356,BOSONIT UNIBASKET,HOME,1626810,C. Aldecoa Rodriguez,SF,2819119,T. Sedláková,SF,1678734,M. Llorente Ruiz,SF,1778980,I. Losada Gonzalez-Babe,SF,2151019,N. Padrosa Mons,SF,1.4,82.0,0.0,2.0,-2.0,0.0,58.5,-58.5
2480266,21,981356,BOSONIT UNIBASKET,HOME,1626810,C. Aldecoa Rodriguez,SF,2819119,T. Sedláková,SF,1778980,I. Losada Gonzalez-Babe,SF,2151019,N. Padrosa Mons,SF,1821692,M. Alonso Guadaño,SF,3.0,181.0,2.0,5.0,-3.0,26.5,66.3,-39.8
2480266,21,981356,BOSONIT UNIBASKET,HOME,1626810,C. Aldecoa Rodriguez,SF,2819119,T. Sedláková,SF,1778980,I. Losada Gonzalez-Babe,SF,2561556,C. Sañudo Trillo,SF,1821692,M. Alonso Guadaño,SF,1.6,93.0,6.0,3.0,3.0,154.8,77.4,77.4
2480266,21,981356,BOSONIT UNIBASKET,HOME,1626810,C. Aldecoa Rodriguez,SF,2819119,T. Sedláková,SF,1778980,I. Losada Gonzalez-Babe,SF,2735759,L. Van Schaik,SF,2151019,N. Padrosa Mons,SF,2.0,121.0,1.0,2.0,-1.0,19.8,39.7,-19.8
2480266,21,981356,BOSONIT UNIBASKET,HOME,1626810,C. Aldecoa Rodriguez,SF,2819121,H. Forster,SF,1678734,M. Llorente Ruiz,SF,1778980,I. Losada Gonzalez-Babe,SF,2151019,N. Padrosa Mons,SF,3.0,183.0,5.0,5.0,0.0,65.6,65.6,0.0
2480266,21,981356,BOSONIT UNIBASKET,HOME,1626810,C. Aldecoa Rodriguez,SF,2819121,H. Forster,SF,1678734,M. Llorente Ruiz,SF,2735759,L. Van Schaik,SF,1834784,E. Florez Pascual,SF,1.5,90.0,2.0,0.0,2.0,53.3,0.0,53.3
2480266,21,981356,BOSONIT UNIBASKET,HOME,1626810,C. Aldecoa Rodriguez,SF,2819121,H. Forster,SF,1778980,I. Losada Gonzalez-Babe,SF,2561556,C. Sañudo Trillo,SF,1821692,M. Alonso Guadaño,SF,0.7,40.0,0.0,0.0,0.0,0.0,0.0,0.0
2480266,21,981356,BOSONIT UNIBASKET,HOME,1626810,C. Aldecoa Rodriguez,SF,2819121,H. Forster,SF,2561556,C. Sañudo Trillo,SF,1778980,I. Losada Gonzalez-Babe,SF,2151019,N. Padrosa Mons,SF,1.2,71.0,3.0,3.0,0.0,101.4,101.4,0.0
2480266,21,981356,BOSONIT UNIBASKET,HOME,1626810,C. Aldecoa Rodriguez,SF,2819121,H. Forster,SF,2561556,C. Sañudo Trillo,SF,1821692,M. Alonso Guadaño,SF,1834784,E. Florez Pascual,SF,2.1,126.0,2.0,3.0,-1.0,38.1,57.1,-19.0
2480266,21,981356,BOSONIT UNIBASKET,HOME,1834784,E. Florez Pascual,SF,2819119,T. Sedláková,SF,1678734,M. Llorente Ruiz,SF,2561556,C. Sañudo Trillo,SF,2151019,N. Padrosa Mons,SF,0.1,6.0,1.0,0.0,1.0,400.0,0.0,400.0
2480266,21,981356,BOSONIT UNIBASKET,HOME,1834784,E. Florez Pascual,SF,2819119,T. Sedláková,SF,2561556,C. Sañudo Trillo,SF,2735759,L. Van Schaik,SF,1821692,M. Alonso Guadaño,SF,3.8,225.0,5.0,0.0,5.0,53.3,0.0,53.3
2480266,21,981356,BOSONIT UNIBASKET,HOME,1834784,E. Florez Pascual,SF,2819121,H. Forster,SF,1678734,M. Llorente Ruiz,SF,2735759,L. Van Schaik,SF,1821692,M. Alonso Guadaño,SF,4.6,277.0,13.0,3.0,10.0,112.6,26.0,86.6
2480266,21,981356,BOSONIT UNIBASKET,HOME,2819119,T. Sedláková,SF,1626810,C. Aldecoa Rodriguez,SF,1678734,M. Llorente Ruiz,SF,2735759,L. Van Schaik,SF,1834784,E. Florez Pascual,SF,2.9,173.0,5.0,4.0,1.0,69.4,55.5,13.9
2480266,21,981356,BOSONIT UNIBASKET,HOME,2819121,H. Forster,SF,1678734,M. Llorente Ruiz,SF,2735759,L. Van Schaik,SF,1821692,M. Alonso Guadaño,SF,1834784,E. Florez Pascual,SF,1.0,58.0,1.0,0.0,1.0,41.4,0.0,41.4
2480266,21,981356,BOSONIT UNIBASKET,HOME,2819121,H. Forster,SF,2735759,L. Van Schaik,SF,2561556,C. Sañudo Trillo,SF,1821692,M. Alonso Guadaño,SF,1834784,E. Florez Pascual,SF,0.3,20.0,2.0,2.0,0.0,240.0,240.0,0.0
2480267,21,981213,AZULMARINO MALLORCA PALMA,AWAY,2791252,A. Bulgak,SF,2793759,J. Asinde,SF,2815892,A. Siciliano,SF,975683,A. Torrens Salom,SF,1865395,M. Garcia Mateo,SF,35.4,2140.0,129.0,58.0,71.0,144.7,65.0,79.6
2480267,21,981213,AZULMARINO MALLORCA PALMA,AWAY,2791252,A. Bulgak,SF,2793759,J. Asinde,SF,975683,A. Torrens Salom,SF,1865395,M. Garcia Mateo,SF,1434977,C. Grande Pardo,SF,1.1,66.0,7.0,0.0,7.0,254.5,0.0,254.5
2480267,21,981213,AZULMARINO MALLORCA PALMA,AWAY,2791252,A. Bulgak,SF,975683,A. Torrens Salom,SF,1865395,M. Garcia Mateo,SF,1434977,C. Grande Pardo,SF,1527601,I. Junio Mbulito,SF,3.2,194.0,7.0,3.0,4.0,86.6,37.1,49.5
2480267,21,981242,C.B. SANTFELIUENC,HOME,2050086,M. Muñoz Moyano,SF,2082005,G. Senalle Borrell,SF,2257209,A. Segura Freixenet,SF,2276656,L. Guzman Bayona,SF,2816051,E. Tenbrock,SF,0.5,32.0,0.0,2.0,-2.0,0.0,150.0,-150.0
2480267,21,981242,C.B. SANTFELIUENC,HOME,2050086,M. Muñoz Moyano,SF,2082005,G. Senalle Borrell,SF,2257209,A. Segura Freixenet,SF,2276656,L. Guzman Bayona,SF,2864042,K. Trehub,SF,0.8,50.0,2.0,3.0,-1.0,96.0,144.0,-48.0
2480267,21,981242,C.B. SANTFELIUENC,HOME,2050086,M. Muñoz Moyano,SF,2082005,G. Senalle Borrell,SF,2257209,A. Segura Freixenet,SF,2864042,K. Trehub,SF,2155489,X. Salzmann Romeu,SF,2.1,129.0,6.0,4.0,2.0,111.6,74.4,37.2
2480267,21,981242,C.B. SANTFELIUENC,HOME,2050086,M. Muñoz Moyano,SF,2082005,G. Senalle Borrell,SF,2276656,L. Guzman Bayona,SF,2864042,K. Trehub,SF,2816051,E. Tenbrock,SF,2.4,143.0,3.0,9.0,-6.0,50.3,151.0,-100.7
2480267,21,981242,C.B. SANTFELIUENC,HOME,2050086,M. Muñoz Moyano,SF,2082005,G. Senalle Borrell,SF,2864042,K. Trehub,SF,2155489,X. Salzmann Romeu,SF,2816051,E. Tenbrock,SF,2.6,158.0,0.0,9.0,-9.0,0.0,136.7,-136.7
2480267,21,981242,C.B. SANTFELIUENC,HOME,2050086,M. Muñoz Moyano,SF,2155489,X. Salzmann Romeu,SF,2864042,K. Trehub,SF,2082005,G. Senalle Borrell,SF,2816051,E. Tenbrock,SF,5.1,308.0,4.0,18.0,-14.0,31.2,140.3,-109.1
2480267,21,981242,C.B. SANTFELIUENC,HOME,2050086,M. Muñoz Moyano,SF,2257209,A. Segura Freixenet,SF,2155489,X. Salzmann Romeu,SF,2082005,G. Senalle Borrell,SF,2816051,E. Tenbrock,SF,1.5,91.0,3.0,6.0,-3.0,79.1,158.2,-79.1
2480267,21,981242,C.B. SANTFELIUENC,HOME,2050086,M. Muñoz Moyano,SF,2257209,A. Segura Freixenet,SF,2155489,X. Salzmann Romeu,SF,2864042,K. Trehub,SF,2082005,G. Senalle Borrell,SF,1.2,70.0,0.0,5.0,-5.0,0.0,171.4,-171.4
2480267,21,981242,C.B. SANTFELIUENC,HOME,2050086,M. Muñoz Moyano,SF,2257209,A. Segura Freixenet,SF,2864042,K. Trehub,SF,2082005,G. Senalle Borrell,SF,2816051,E. Tenbrock,SF,2.4,144.0,5.0,4.0,1.0,83.3,66.7,16.7
2480267,21,981242,C.B. SANTFELIUENC,HOME,2050086,M. Muñoz Moyano,SF,2273698,M. Ballesteros Erena,SF,2155489,X. Salzmann Romeu,SF,2864042,K. Trehub,SF,2816051,E. Tenbrock,SF,1.7,101.0,5.0,7.0,-2.0,118.8,166.3,-47.5
2480267,21,981242,C.B. SANTFELIUENC,HOME,2050086,M. Muñoz Moyano,SF,2273698,M. Ballesteros Erena,SF,2257209,A. Segura Freixenet,SF,2276656,L. Guzman Bayona,SF,2082005,G. Senalle Borrell,SF,1.4,83.0,2.0,6.0,-4.0,57.8,173.5,-115.7
2480267,21,981242,C.B. SANTFELIUENC,HOME,2050086,M. Muñoz Moyano,SF,2273698,M. Ballesteros Erena,SF,2257209,A. Segura Freixenet,SF,2276656,L. Guzman Bayona,SF,2816051,E. Tenbrock,SF,2.1,129.0,4.0,12.0,-8.0,74.4,223.3,-148.8
2480267,21,981242,C.B. SANTFELIUENC,HOME,2050086,M. Muñoz Moyano,SF,2273698,M. Ballesteros Erena,SF,2257209,A. Segura Freixenet,SF,2276656,L. Guzman Bayona,SF,2864042,K. Trehub,SF,3.0,182.0,6.0,7.0,-1.0,79.1,92.3,-13.2
2480267,21,981242,C.B. SANTFELIUENC,HOME,2050086,M. Muñoz Moyano,SF,2273698,M. Ballesteros Erena,SF,2257209,A. Segura Freixenet,SF,2864042,K. Trehub,SF,2816051,E. Tenbrock,SF,0.1,5.0,0.0,0.0,0.0,0.0,0.0,0.0
2480267,21,981242,C.B. SANTFELIUENC,HOME,2050086,M. Muñoz Moyano,SF,2273698,M. Ballesteros Erena,SF,2276656,L. Guzman Bayona,SF,2155489,X. Salzmann Romeu,SF,2816051,E. Tenbrock,SF,1.5,93.0,0.0,9.0,-9.0,0.0,232.3,-232.3
2480267,21,981242,C.B. SANTFELIUENC,HOME,2050086,M. Muñoz Moyano,SF,2273698,M. Ballesteros Erena,SF,2864042,K. Trehub,SF,2155489,X. Salzmann Romeu,SF,2816051,E. Tenbrock,SF,1.4,88.0,2.0,6.0,-4.0,54.5,163.6,-109.1
2480267,21,981242,C.B. SANTFELIUENC,HOME,2050086,M. Muñoz Moyano,SF,2276656,L. Guzman Bayona,SF,2155489,X. Salzmann Romeu,SF,2864042,K. Trehub,SF,2082005,G. Senalle Borrell,SF,1.1,69.0,3.0,8.0,-5.0,104.3,278.3,-173.9
2480267,21,981242,C.B. SANTFELIUENC,HOME,2273698,M. Ballesteros Erena,SF,2257209,A. Segura Freixenet,SF,2276656,L. Guzman Bayona,SF,2864042,K. Trehub,SF,2082005,G. Senalle Borrell,SF,2.1,124.0,8.0,6.0,2.0,154.8,116.1,38.7
2480267,21,981242,C.B. SANTFELIUENC,HOME,2273698,M. Ballesteros Erena,SF,2276656,L. Guzman Bayona,SF,2155489,X. Salzmann Romeu,SF,2082005,G. Senalle Borrell,SF,2816051,E. Tenbrock,SF,4.1,248.0,3.0,17.0,-14.0,29.0,164.5,-135.5
2480267,21,981242,C.B. SANTFELIUENC,HOME,2273698,M. Ballesteros Erena,SF,2276656,L. Guzman Bayona,SF,2155489,X. Salzmann Romeu,SF,2864042,K. Trehub,SF,2082005,G. Senalle Borrell,SF,2.0,119.0,2.0,2.0,0.0,40.3,40.3,0.0
2480267,21,981242,C.B. SANTFELIUENC,HOME,2273698,M. Ballesteros Erena,SF,2864042,K. Trehub,SF,2155489,X. Salzmann Romeu,SF,2082005,G. Senalle Borrell,SF,2816051,E. Tenbrock,SF,0.6,34.0,3.0,3.0,0.0,211.8,211.8,0.0
2480268,21,979912,DOMUSA TEKNIK ISB,HOME,1721468,C. Villamor Aparicio,SF,1826917,J. Azcue Jauregui,SF,2021400,M. Gutierrez Ibañez,SF,2818813,E. Lalotte,SF,2818816,I. Araújo Gouveia Vieira,SF,2.5,151.0,5.0,6.0,-1.0,79.5,95.4,-15.9
2480268,21,979912,DOMUSA TEKNIK ISB,HOME,1721468,C. Villamor Aparicio,SF,2364470,G. Leaupepe,SF,1826917,J. Azcue Jauregui,SF,2818813,E. Lalotte,SF,2021400,M. Gutierrez Ibañez,SF,1.9,110.0,2.0,3.0,-1.0,43.6,65.5,-21.8
2480268,21,979912,DOMUSA TEKNIK ISB,HOME,1894119,S. Iparraguirre Alustiza,SF,2364470,G. Leaupepe,SF,2818813,E. Lalotte,SF,2021400,M. Gutierrez Ibañez,SF,2818816,I. Araújo Gouveia Vieira,SF,2.5,152.0,0.0,9.0,-9.0,0.0,142.1,-142.1
2480268,21,979912,DOMUSA TEKNIK ISB,HOME,2364470,G. Leaupepe,SF,1826917,J. Azcue Jauregui,SF,2818813,E. Lalotte,SF,2021400,M. Gutierrez Ibañez,SF,2818816,I. Araújo Gouveia Vieira,SF,3.4,204.0,4.0,6.0,-2.0,47.1,70.6,-23.5
2480268,21,979912,DOMUSA TEKNIK ISB,HOME,2478361,N. Arozena Illarramendi,SF,1721468,C. Villamor Aparicio,SF,1826917,J. Azcue Jauregui,SF,2021400,M. Gutierrez Ibañez,SF,2818816,I. Araújo Gouveia Vieira,SF,5.1,308.0,12.0,1.0,11.0,93.5,7.8,85.7
2480268,21,979912,DOMUSA TEKNIK ISB,HOME,2478361,N. Arozena Illarramendi,SF,1721468,C. Villamor Aparicio,SF,2021400,M. Gutierrez Ibañez,SF,1826917,J. Azcue Jauregui,SF,2137901,M. Otaegi Albizu,SF,0.7,40.0,0.0,0.0,0.0,0.0,0.0,0.0
2480268,21,979912,DOMUSA TEKNIK ISB,HOME,2478361,N. Arozena Illarramendi,SF,1894119,S. Iparraguirre Alustiza,SF,1826917,J. Azcue Jauregui,SF,2021400,M. Gutierrez Ibañez,SF,2818816,I. Araújo Gouveia Vieira,SF,3.5,209.0,5.0,7.0,-2.0,57.4,80.4,-23.0
2480268,21,979912,DOMUSA TEKNIK ISB,HOME,2818717,S. Van,SF,1721468,C. Villamor Aparicio,SF,1826917,J. Azcue Jauregui,SF,2818813,E. Lalotte,SF,2137901,M. Otaegi Albizu,SF,0.9,55.0,0.0,0.0,0.0,0.0,0.0,0.0
2480268,21,979912,DOMUSA TEKNIK ISB,HOME,2818717,S. Van,SF,1721468,C. Villamor Aparicio,SF,1894119,S. Iparraguirre Alustiza,SF,2364470,G. Leaupepe,SF,2818813,E. Lalotte,SF,0.5,32.0,0.0,2.0,-2.0,0.0,150.0,-150.0
2480268,21,979912,DOMUSA TEKNIK ISB,HOME,2818717,S. Van,SF,1721468,C. Villamor Aparicio,SF,1894119,S. Iparraguirre Alustiza,SF,2818813,E. Lalotte,SF,2818816,I. Araújo Gouveia Vieira,SF,1.3,76.0,0.0,5.0,-5.0,0.0,157.9,-157.9
2480268,21,979912,DOMUSA TEKNIK ISB,HOME,2818717,S. Van,SF,1721468,C. Villamor Aparicio,SF,2364470,G. Leaupepe,SF,2818813,E. Lalotte,SF,2137901,M. Otaegi Albizu,SF,3.3,202.0,3.0,6.0,-3.0,35.6,71.3,-35.6
2480268,21,979912,DOMUSA TEKNIK ISB,HOME,2818717,S. Van,SF,1894119,S. Iparraguirre Alustiza,SF,1826917,J. Azcue Jauregui,SF,2818813,E. Lalotte,SF,2818816,I. Araújo Gouveia Vieira,SF,2.3,134.0,1.0,4.0,-3.0,17.9,71.6,-53.7
2480268,21,979912,DOMUSA TEKNIK ISB,HOME,2818717,S. Van,SF,1894119,S. Iparraguirre Alustiza,SF,2818813,E. Lalotte,SF,2137901,M. Otaegi Albizu,SF,2818816,I. Araújo Gouveia Vieira,SF,1.8,110.0,7.0,2.0,5.0,152.7,43.6,109.1
2480268,21,979912,DOMUSA TEKNIK ISB,HOME,2818717,S. Van,SF,2478361,N. Arozena Illarramendi,SF,1826917,J. Azcue Jauregui,SF,1721468,C. Villamor Aparicio,SF,2137901,M. Otaegi Albizu,SF,6.0,361.0,12.0,5.0,7.0,79.8,33.2,46.5
2480268,21,979912,DOMUSA TEKNIK ISB,HOME,2818717,S. Van,SF,2478361,N. Arozena Illarramendi,SF,1894119,S. Iparraguirre Alustiza,SF,1721468,C. Villamor Aparicio,SF,2137901,M. Otaegi Albizu,SF,0.8,46.0,0.0,0.0,0.0,0.0,0.0,0.0
2480268,21,979912,DOMUSA TEKNIK ISB,HOME,2818717,S. Van,SF,2478361,N. Arozena Illarramendi,SF,1894119,S. Iparraguirre Alustiza,SF,1826917,J. Azcue Jauregui,SF,2818816,I. Araújo Gouveia Vieira,SF,1.8,111.0,4.0,8.0,-4.0,86.5,173.0,-86.5
2480268,21,979912,DOMUSA TEKNIK ISB,HOME,2818717,S. Van,SF,2478361,N. Arozena Illarramendi,SF,1894119,S. Iparraguirre Alustiza,SF,2364470,G. Leaupepe,SF,2818816,I. Araújo Gouveia Vieira,SF,1.6,99.0,5.0,2.0,3.0,121.2,48.5,72.7
2480268,21,979919,RECOLETAS ZAMORA,AWAY,1599354,A. Tainta Lizalde,SF,1516234,A. Moyano Medina,SF,1942017,A. Martin Tejedor,SF,1828742,I. Gimenez Monserrat,SF,2110765,A. Perez Relancio,SF,1.1,67.0,0.0,0.0,0.0,0.0,0.0,0.0
2480268,21,979919,RECOLETAS ZAMORA,AWAY,1599354,A. Tainta Lizalde,SF,1516234,A. Moyano Medina,SF,1942017,A. Martin Tejedor,SF,2110765,A. Perez Relancio,SF,1828742,I. Gimenez Monserrat,SF,4.6,275.0,7.0,9.0,-2.0,61.1,78.5,-17.5
2480268,21,979919,RECOLETAS ZAMORA,AWAY,1599354,A. Tainta Lizalde,SF,1516234,A. Moyano Medina,SF,1942017,A. Martin Tejedor,SF,2110765,A. Perez Relancio,SF,2047146,M. Fernandez Muñoz,SF,1.1,65.0,2.0,5.0,-3.0,73.8,184.6,-110.8
2480268,21,979919,RECOLETAS ZAMORA,AWAY,1599354,A. Tainta Lizalde,SF,1516234,A. Moyano Medina,SF,1942017,A. Martin Tejedor,SF,2239381,D. Angel Villen,SF,2734310,E. Resende Carregosa,SF,0.3,19.0,1.0,0.0,1.0,126.3,0.0,126.3
2480268,21,979919,RECOLETAS ZAMORA,AWAY,1599354,A. Tainta Lizalde,SF,1516234,A. Moyano Medina,SF,1942017,A. Martin Tejedor,SF,2734310,E. Resende Carregosa,SF,1828742,I. Gimenez Monserrat,SF,2.8,165.0,5.0,2.0,3.0,72.7,29.1,43.6
2480268,21,979919,RECOLETAS ZAMORA,AWAY,1599354,A. Tainta Lizalde,SF,1516234,A. Moyano Medina,SF,1942017,A. Martin Tejedor,SF,2734310,E. Resende Carregosa,SF,2110765,A. Perez Relancio,SF,5.8,350.0,14.0,12.0,2.0,96.0,82.3,13.7
2480268,21,979919,RECOLETAS ZAMORA,AWAY,1599354,A. Tainta Lizalde,SF,1516234,A. Moyano Medina,SF,2432306,F. Niski Castelao,SF,1942017,A. Martin Tejedor,SF,2239381,D. Angel Villen,SF,3.7,225.0,7.0,7.0,0.0,74.7,74.7,0.0
2480268,21,979919,RECOLETAS ZAMORA,AWAY,1599354,A. Tainta Lizalde,SF,1516234,A. Moyano Medina,SF,2432306,F. Niski Castelao,SF,1942017,A. Martin Tejedor,SF,2734310,E. Resende Carregosa,SF,4.9,297.0,9.0,5.0,4.0,72.7,40.4,32.3
2480268,21,979919,RECOLETAS ZAMORA,AWAY,1599354,A. Tainta Lizalde,SF,1516234,A. Moyano Medina,SF,2817152,F. Filor,SF,1942017,A. Martin Tejedor,SF,2734310,E. Resende Carregosa,SF,1.6,94.0,0.0,7.0,-7.0,0.0,178.7,-178.7
2480268,21,979919,RECOLETAS ZAMORA,AWAY,1599354,A. Tainta Lizalde,SF,1942017,A. Martin Tejedor,SF,2110765,A. Perez Relancio,SF,1828742,I. Gimenez Monserrat,SF,2047146,M. Fernandez Muñoz,SF,1.5,88.0,0.0,4.0,-4.0,0.0,109.1,-109.1
2480268,21,979919,RECOLETAS ZAMORA,AWAY,1599354,A. Tainta Lizalde,SF,1942017,A. Martin Tejedor,SF,2110765,A. Perez Relancio,SF,2047146,M. Fernandez Muñoz,SF,1259670,B. Sanchez Marrufo,SF,0.3,20.0,3.0,0.0,3.0,360.0,0.0,360.0
2480268,21,979919,RECOLETAS ZAMORA,AWAY,1599354,A. Tainta Lizalde,SF,2432306,F. Niski Castelao,SF,2734310,E. Resende Carregosa,SF,2110765,A. Perez Relancio,SF,1259670,B. Sanchez Marrufo,SF,1.3,76.0,0.0,2.0,-2.0,0.0,63.2,-63.2
2480268,21,979919,RECOLETAS ZAMORA,AWAY,1599354,A. Tainta Lizalde,SF,2817152,F. Filor,SF,1516234,A. Moyano Medina,SF,1942017,A. Martin Tejedor,SF,2239381,D. Angel Villen,SF,0.8,50.0,0.0,2.0,-2.0,0.0,96.0,-96.0
2480268,21,979919,RECOLETAS ZAMORA,AWAY,1599354,A. Tainta Lizalde,SF,2817152,F. Filor,SF,1516234,A. Moyano Medina,SF,2432306,F. Niski Castelao,SF,1942017,A. Martin Tejedor,SF,5.9,354.0,8.0,1.0,7.0,54.2,6.8,47.5
2480268,21,979919,RECOLETAS ZAMORA,AWAY,1599354,A. Tainta Lizalde,SF,2817152,F. Filor,SF,2432306,F. Niski Castelao,SF,2239381,D. Angel Villen,SF,2734310,E. Resende Carregosa,SF,4.2,255.0,10.0,4.0,6.0,94.1,37.6,56.5
2480269,21,981208,ALTER ENERSUN AL-QÁZERES EXTREMADURA,AWAY,1860325,L. Fontela Cabaleiro,SF,2056237,L. Salmeron Segu,SF,2815153,V. Gauna,SF,2432389,J. De Barros Filipe,SF,1902336,N. Liste Alfonsin,SF,0.5,32.0,4.0,4.0,0.0,300.0,300.0,0.0
2480269,21,981208,ALTER ENERSUN AL-QÁZERES EXTREMADURA,AWAY,2056237,L. Salmeron Segu,SF,1860325,L. Fontela Cabaleiro,SF,1112483,L. Mendez Lamas,SF,1902336,N. Liste Alfonsin,SF,2815234,I. Tavares Ramos,SF,0.3,18.0,2.0,0.0,2.0,266.7,0.0,266.7
2480269,21,981208,ALTER ENERSUN AL-QÁZERES EXTREMADURA,AWAY,2056237,L. Salmeron Segu,SF,1860325,L. Fontela Cabaleiro,SF,2815153,V. Gauna,SF,1112483,L. Mendez Lamas,SF,1902336,N. Liste Alfonsin,SF,2.6,158.0,3.0,0.0,3.0,45.6,0.0,45.6
2480269,21,981208,ALTER ENERSUN AL-QÁZERES EXTREMADURA,AWAY,2056237,L. Salmeron Segu,SF,1860325,L. Fontela Cabaleiro,SF,2815153,V. Gauna,SF,2432389,J. De Barros Filipe,SF,1902336,N. Liste Alfonsin,SF,1.5,92.0,3.0,8.0,-5.0,78.3,208.7,-130.4
2480269,21,981208,ALTER ENERSUN AL-QÁZERES EXTREMADURA,AWAY,2056237,L. Salmeron Segu,SF,2735904,R. De Lima Viegas Laneiro,SF,2815153,V. Gauna,SF,1112483,L. Mendez Lamas,SF,1902336,N. Liste Alfonsin,SF,0.6,37.0,0.0,3.0,-3.0,0.0,194.6,-194.6
2480269,21,981208,ALTER ENERSUN AL-QÁZERES EXTREMADURA,AWAY,2056237,L. Salmeron Segu,SF,2815153,V. Gauna,SF,1112483,L. Mendez Lamas,SF,2432389,J. De Barros Filipe,SF,1902336,N. Liste Alfonsin,SF,3.8,227.0,9.0,7.0,2.0,95.2,74.0,21.1
2480269,21,981208,ALTER ENERSUN AL-QÁZERES EXTREMADURA,AWAY,2056237,L. Salmeron Segu,SF,2815153,V. Gauna,SF,2432389,J. De Barros Filipe,SF,1902336,N. Liste Alfonsin,SF,2815234,I. Tavares Ramos,SF,11.0,668.0,20.0,19.0,1.0,71.9,68.3,3.6
2480269,21,981208,ALTER ENERSUN AL-QÁZERES EXTREMADURA,AWAY,2735904,R. De Lima Viegas Laneiro,SF,1860325,L. Fontela Cabaleiro,SF,2432389,J. De Barros Filipe,SF,1902336,N. Liste Alfonsin,SF,2815234,I. Tavares Ramos,SF,2.8,164.0,0.0,5.0,-5.0,0.0,73.2,-73.2
2480269,21,981208,ALTER ENERSUN AL-QÁZERES EXTREMADURA,AWAY,2735904,R. De Lima Viegas Laneiro,SF,1860325,L. Fontela Cabaleiro,SF,2815153,V. Gauna,SF,1112483,L. Mendez Lamas,SF,1902336,N. Liste Alfonsin,SF,3.6,217.0,4.0,7.0,-3.0,44.2,77.4,-33.2
2480269,21,981208,ALTER ENERSUN AL-QÁZERES EXTREMADURA,AWAY,2735904,R. De Lima Viegas Laneiro,SF,1860325,L. Fontela Cabaleiro,SF,2815153,V. Gauna,SF,1902336,N. Liste Alfonsin,SF,1889214,C. Prieto Pereda,SF,1.7,102.0,0.0,2.0,-2.0,0.0,47.1,-47.1
2480269,21,981208,ALTER ENERSUN AL-QÁZERES EXTREMADURA,AWAY,2735904,R. De Lima Viegas Laneiro,SF,1860325,L. Fontela Cabaleiro,SF,2815153,V. Gauna,SF,1902336,N. Liste Alfonsin,SF,2815234,I. Tavares Ramos,SF,5.9,353.0,14.0,11.0,3.0,95.2,74.8,20.4
2480269,21,981208,ALTER ENERSUN AL-QÁZERES EXTREMADURA,AWAY,2735904,R. De Lima Viegas Laneiro,SF,1860325,L. Fontela Cabaleiro,SF,2815153,V. Gauna,SF,2432389,J. De Barros Filipe,SF,1902336,N. Liste Alfonsin,SF,2.8,164.0,2.0,3.0,-1.0,29.3,43.9,-14.6
2480269,21,981208,ALTER ENERSUN AL-QÁZERES EXTREMADURA,AWAY,2735904,R. De Lima Viegas Laneiro,SF,2056237,L. Salmeron Segu,SF,2815153,V. Gauna,SF,2432389,J. De Barros Filipe,SF,1902336,N. Liste Alfonsin,SF,2.8,168.0,7.0,4.0,3.0,100.0,57.1,42.9
2480269,21,981346,LA CORDÁ DE PATERNA NB,HOME,1632609,C. Che Tortola,SF,2173687,M. Llompart Perello,SF,1687305,L. Segura Moreno,SF,2864802,N. Lagowski,SF,2024557,M. Bleda Ortega,SF,0.6,37.0,3.0,0.0,3.0,194.6,0.0,194.6
2480269,21,981346,LA CORDÁ DE PATERNA NB,HOME,2049442,I. Broncano Avellaneda,SF,2173687,M. Llompart Perello,SF,1687305,L. Segura Moreno,SF,2864802,N. Lagowski,SF,2561096,A. Prim Giro,SF,1.7,103.0,0.0,3.0,-3.0,0.0,69.9,-69.9
2480269,21,981346,LA CORDÁ DE PATERNA NB,HOME,2049442,I. Broncano Avellaneda,SF,2653963,A. Traore,SF,1632609,C. Che Tortola,SF,1687305,L. Segura Moreno,SF,2024557,M. Bleda Ortega,SF,1.4,85.0,3.0,0.0,3.0,84.7,0.0,84.7
2480269,21,981346,LA CORDÁ DE PATERNA NB,HOME,2049442,I. Broncano Avellaneda,SF,2653963,A. Traore,SF,1632609,C. Che Tortola,SF,1687305,L. Segura Moreno,SF,2561096,A. Prim Giro,SF,3.8,227.0,7.0,9.0,-2.0,74.0,95.2,-21.1
2480269,21,981346,LA CORDÁ DE PATERNA NB,HOME,2049442,I. Broncano Avellaneda,SF,2653963,A. Traore,SF,1632609,C. Che Tortola,SF,2024557,M. Bleda Ortega,SF,2071471,P. Saravia Logroño,SF,0.7,42.0,0.0,0.0,0.0,0.0,0.0,0.0
2480269,21,981346,LA CORDÁ DE PATERNA NB,HOME,2049442,I. Broncano Avellaneda,SF,2653963,A. Traore,SF,1687305,L. Segura Moreno,SF,2024557,M. Bleda Ortega,SF,2071471,P. Saravia Logroño,SF,0.3,20.0,2.0,3.0,-1.0,240.0,360.0,-120.0
2480269,21,981346,LA CORDÁ DE PATERNA NB,HOME,2049442,I. Broncano Avellaneda,SF,2653963,A. Traore,SF,1687305,L. Segura Moreno,SF,2561096,A. Prim Giro,SF,2071471,P. Saravia Logroño,SF,0.0,2.0,0.0,0.0,0.0,0.0,0.0,0.0
2480269,21,981346,LA CORDÁ DE PATERNA NB,HOME,2049442,I. Broncano Avellaneda,SF,2653963,A. Traore,SF,2173687,M. Llompart Perello,SF,1687305,L. Segura Moreno,SF,2024557,M. Bleda Ortega,SF,2.6,155.0,9.0,3.0,6.0,139.4,46.5,92.9
2480269,21,981346,LA CORDÁ DE PATERNA NB,HOME,2049442,I. Broncano Avellaneda,SF,2653963,A. Traore,SF,2173687,M. Llompart Perello,SF,1687305,L. Segura Moreno,SF,2561096,A. Prim Giro,SF,3.0,184.0,10.0,3.0,7.0,130.4,39.1,91.3
2480269,21,981346,LA CORDÁ DE PATERNA NB,HOME,2049442,I. Broncano Avellaneda,SF,2653963,A. Traore,SF,2173687,M. Llompart Perello,SF,2024557,M. Bleda Ortega,SF,2071471,P. Saravia Logroño,SF,1.5,89.0,3.0,2.0,1.0,80.9,53.9,27.0
2480269,21,981346,LA CORDÁ DE PATERNA NB,HOME,2049442,I. Broncano Avellaneda,SF,2653963,A. Traore,SF,2173687,M. Llompart Perello,SF,2024557,M. Bleda Ortega,SF,2561096,A. Prim Giro,SF,2.0,118.0,5.0,2.0,3.0,101.7,40.7,61.0
2480269,21,981346,LA CORDÁ DE PATERNA NB,HOME,2049442,I. Broncano Avellaneda,SF,2653963,A. Traore,SF,2173687,M. Llompart Perello,SF,2864802,N. Lagowski,SF,2024557,M. Bleda Ortega,SF,0.6,34.0,0.0,2.0,-2.0,0.0,141.2,-141.2
2480269,21,981346,LA CORDÁ DE PATERNA NB,HOME,2049442,I. Broncano Avellaneda,SF,2796302,P. Gabriel,SF,1508657,V. Saez Moreno,SF,2173687,M. Llompart Perello,SF,1687305,L. Segura Moreno,SF,3.7,223.0,5.0,12.0,-7.0,53.8,129.1,-75.3
2480269,21,981346,LA CORDÁ DE PATERNA NB,HOME,2049442,I. Broncano Avellaneda,SF,2796302,P. Gabriel,SF,2173687,M. Llompart Perello,SF,1687305,L. Segura Moreno,SF,2561096,A. Prim Giro,SF,8.3,500.0,9.0,17.0,-8.0,43.2,81.6,-38.4
2480269,21,981346,LA CORDÁ DE PATERNA NB,HOME,2653963,A. Traore,SF,1632609,C. Che Tortola,SF,2173687,M. Llompart Perello,SF,1687305,L. Segura Moreno,SF,2561096,A. Prim Giro,SF,1.2,72.0,5.0,2.0,3.0,166.7,66.7,100.0
2480269,21,981346,LA CORDÁ DE PATERNA NB,HOME,2653963,A. Traore,SF,1632609,C. Che Tortola,SF,2864802,N. Lagowski,SF,2024557,M. Bleda Ortega,SF,2071471,P. Saravia Logroño,SF,3.7,221.0,4.0,2.0,2.0,43.4,21.7,21.7
2480269,21,981346,LA CORDÁ DE PATERNA NB,HOME,2653963,A. Traore,SF,1632609,C. Che Tortola,SF,2864802,N. Lagowski,SF,2024557,M. Bleda Ortega,SF,2561096,A. Prim Giro,SF,2.2,134.0,4.0,5.0,-1.0,71.6,89.6,-17.9
2480269,21,981346,LA CORDÁ DE PATERNA NB,HOME,2653963,A. Traore,SF,2173687,M. Llompart Perello,SF,1687305,L. Segura Moreno,SF,2024557,M. Bleda Ortega,SF,2071471,P. Saravia Logroño,SF,0.8,45.0,0.0,0.0,0.0,0.0,0.0,0.0
2480269,21,981346,LA CORDÁ DE PATERNA NB,HOME,2653963,A. Traore,SF,2173687,M. Llompart Perello,SF,1687305,L. Segura Moreno,SF,2561096,A. Prim Giro,SF,2071471,P. Saravia Logroño,SF,0.5,30.0,0.0,0.0,0.0,0.0,0.0,0.0
2480269,21,981346,LA CORDÁ DE PATERNA NB,HOME,2796302,P. Gabriel,SF,1632609,C. Che Tortola,SF,1687305,L. Segura Moreno,SF,2024557,M. Bleda Ortega,SF,2561096,A. Prim Giro,SF,0.3,18.0,0.0,2.0,-2.0,0.0,266.7,-266.7
2480269,21,981346,LA CORDÁ DE PATERNA NB,HOME,2796302,P. Gabriel,SF,1632609,C. Che Tortola,SF,2864802,N. Lagowski,SF,2024557,M. Bleda Ortega,SF,2561096,A. Prim Giro,SF,1.0,61.0,4.0,1.0,3.0,157.4,39.3,118.0
2480270,21,979770,MELILLA CIUDAD DEL DEPORTE LA SALLE,AWAY,1756623,A. Hernangomez Geuer,SF,1946976,L. Moya Blanch,SF,1454479,A. Senosiain Vergarachea,SF,2814864,R. Monteiro Da Silva,SF,1587316,C. Caceres Ayala,SF,1.9,114.0,2.0,1.0,1.0,42.1,21.1,21.1
2480270,21,979770,MELILLA CIUDAD DEL DEPORTE LA SALLE,AWAY,1756623,A. Hernangomez Geuer,SF,1946976,L. Moya Blanch,SF,1454479,A. Senosiain Vergarachea,SF,2814864,R. Monteiro Da Silva,SF,1715165,M. Torreblanca Ginel,SF,0.3,19.0,0.0,3.0,-3.0,0.0,378.9,-378.9
2480270,21,979770,MELILLA CIUDAD DEL DEPORTE LA SALLE,AWAY,1756623,A. Hernangomez Geuer,SF,2104399,C. Garcia Muñoz,SF,1454479,A. Senosiain Vergarachea,SF,2814864,R. Monteiro Da Silva,SF,1587316,C. Caceres Ayala,SF,2.3,137.0,4.0,5.0,-1.0,70.1,87.6,-17.5
2480270,21,979770,MELILLA CIUDAD DEL DEPORTE LA SALLE,AWAY,1756623,A. Hernangomez Geuer,SF,2104399,C. Garcia Muñoz,SF,1713801,C. Torrubia Cano,SF,1454479,A. Senosiain Vergarachea,SF,1587316,C. Caceres Ayala,SF,4.6,272.0,4.0,2.0,2.0,35.3,17.6,17.6
2480270,21,979770,MELILLA CIUDAD DEL DEPORTE LA SALLE,AWAY,2104399,C. Garcia Muñoz,SF,1713801,C. Torrubia Cano,SF,1946976,L. Moya Blanch,SF,1454479,A. Senosiain Vergarachea,SF,1587316,C. Caceres Ayala,SF,0.5,27.0,0.0,0.0,0.0,0.0,0.0,0.0
2480270,21,979770,MELILLA CIUDAD DEL DEPORTE LA SALLE,AWAY,2104399,C. Garcia Muñoz,SF,1756623,A. Hernangomez Geuer,SF,1454479,A. Senosiain Vergarachea,SF,2814864,R. Monteiro Da Silva,SF,1587316,C. Caceres Ayala,SF,5.4,319.0,12.0,6.0,6.0,90.3,45.1,45.1
2480270,21,979770,MELILLA CIUDAD DEL DEPORTE LA SALLE,AWAY,2104399,C. Garcia Muñoz,SF,1946976,L. Moya Blanch,SF,1454479,A. Senosiain Vergarachea,SF,2814864,R. Monteiro Da Silva,SF,1587316,C. Caceres Ayala,SF,3.4,203.0,6.0,3.0,3.0,70.9,35.5,35.5
2480270,21,979770,MELILLA CIUDAD DEL DEPORTE LA SALLE,AWAY,2104399,C. Garcia Muñoz,SF,1946976,L. Moya Blanch,SF,1454479,A. Senosiain Vergarachea,SF,2814864,R. Monteiro Da Silva,SF,1715165,M. Torreblanca Ginel,SF,1.5,88.0,4.0,2.0,2.0,109.1,54.5,54.5
2480270,21,979770,MELILLA CIUDAD DEL DEPORTE LA SALLE,AWAY,2432929,M. Davydova,SF,1713801,C. Torrubia Cano,SF,1946976,L. Moya Blanch,SF,1454479,A. Senosiain Vergarachea,SF,1587316,C. Caceres Ayala,SF,0.6,34.0,0.0,0.0,0.0,0.0,0.0,0.0
2480270,21,979770,MELILLA CIUDAD DEL DEPORTE LA SALLE,AWAY,2432929,M. Davydova,SF,1756623,A. Hernangomez Geuer,SF,1454479,A. Senosiain Vergarachea,SF,1587316,C. Caceres Ayala,SF,1715165,M. Torreblanca Ginel,SF,0.2,15.0,1.0,0.0,1.0,160.0,0.0,160.0
2480270,21,979770,MELILLA CIUDAD DEL DEPORTE LA SALLE,AWAY,2432929,M. Davydova,SF,1756623,A. Hernangomez Geuer,SF,1454479,A. Senosiain Vergarachea,SF,1715165,M. Torreblanca Ginel,SF,1829640,A. Sanchez Davila,SF,1.1,69.0,4.0,0.0,4.0,139.1,0.0,139.1
2480270,21,979770,MELILLA CIUDAD DEL DEPORTE LA SALLE,AWAY,2432929,M. Davydova,SF,1756623,A. Hernangomez Geuer,SF,1454479,A. Senosiain Vergarachea,SF,2814864,R. Monteiro Da Silva,SF,1587316,C. Caceres Ayala,SF,1.4,81.0,0.0,0.0,0.0,0.0,0.0,0.0
2480270,21,979770,MELILLA CIUDAD DEL DEPORTE LA SALLE,AWAY,2432929,M. Davydova,SF,1946976,L. Moya Blanch,SF,1454479,A. Senosiain Vergarachea,SF,1587316,C. Caceres Ayala,SF,1715165,M. Torreblanca Ginel,SF,0.6,38.0,2.0,0.0,2.0,126.3,0.0,126.3
2480270,21,979770,MELILLA CIUDAD DEL DEPORTE LA SALLE,AWAY,2432929,M. Davydova,SF,1946976,L. Moya Blanch,SF,1454479,A. Senosiain Vergarachea,SF,2814864,R. Monteiro Da Silva,SF,1587316,C. Caceres Ayala,SF,2.1,121.0,3.0,3.0,0.0,59.5,59.5,0.0
2480270,21,979770,MELILLA CIUDAD DEL DEPORTE LA SALLE,AWAY,2432929,M. Davydova,SF,1946976,L. Moya Blanch,SF,1454479,A. Senosiain Vergarachea,SF,2814864,R. Monteiro Da Silva,SF,1715165,M. Torreblanca Ginel,SF,9.8,579.0,11.0,17.0,-6.0,45.6,70.5,-24.9
2480270,21,979770,MELILLA CIUDAD DEL DEPORTE LA SALLE,AWAY,2432929,M. Davydova,SF,1946976,L. Moya Blanch,SF,1454479,A. Senosiain Vergarachea,SF,2814864,R. Monteiro Da Silva,SF,1829640,A. Sanchez Davila,SF,4.7,284.0,9.0,4.0,5.0,76.1,33.8,42.3
2480270,21,979952,LA LAGUNA TOYOTA  ADAREVA,HOME,1128614,I. Arregui Mariezcurrena,SF,1613926,M. Gomez Fernandez,SF,1884959,M. Luque Caballero,SF,1878753,N. Ibañez Silvestre,SF,2735173,M. Forsyth,SF,0.7,40.0,0.0,0.0,0.0,0.0,0.0,0.0
2480270,21,979952,LA LAGUNA TOYOTA  ADAREVA,HOME,1128614,I. Arregui Mariezcurrena,SF,1613926,M. Gomez Fernandez,SF,1884959,M. Luque Caballero,SF,2816766,A. Coulibaly,SF,2735173,M. Forsyth,SF,4.6,274.0,11.0,6.0,5.0,96.4,52.6,43.8
2480270,21,979952,LA LAGUNA TOYOTA  ADAREVA,HOME,1128614,I. Arregui Mariezcurrena,SF,2816766,A. Coulibaly,SF,1613926,M. Gomez Fernandez,SF,1884959,M. Luque Caballero,SF,2735173,M. Forsyth,SF,2.0,118.0,3.0,5.0,-2.0,61.0,101.7,-40.7
2480270,21,979952,LA LAGUNA TOYOTA  ADAREVA,HOME,1128614,I. Arregui Mariezcurrena,SF,2816766,A. Coulibaly,SF,1884959,M. Luque Caballero,SF,1613926,M. Gomez Fernandez,SF,2735173,M. Forsyth,SF,5.9,358.0,5.0,11.0,-6.0,33.5,73.7,-40.2
2480270,21,979952,LA LAGUNA TOYOTA  ADAREVA,HOME,1613926,M. Gomez Fernandez,SF,1128614,I. Arregui Mariezcurrena,SF,1878753,N. Ibañez Silvestre,SF,2246211,L. Yohann Siverio,SF,2432295,B. Stevanovic,SF,1.2,70.0,0.0,2.0,-2.0,0.0,68.6,-68.6
2480270,21,979952,LA LAGUNA TOYOTA  ADAREVA,HOME,1613926,M. Gomez Fernandez,SF,1128614,I. Arregui Mariezcurrena,SF,2816766,A. Coulibaly,SF,1884959,M. Luque Caballero,SF,2246211,L. Yohann Siverio,SF,1.7,99.0,0.0,2.0,-2.0,0.0,48.5,-48.5
2480270,21,979952,LA LAGUNA TOYOTA  ADAREVA,HOME,1613926,M. Gomez Fernandez,SF,1128614,I. Arregui Mariezcurrena,SF,2816766,A. Coulibaly,SF,2246211,L. Yohann Siverio,SF,2735173,M. Forsyth,SF,1.7,100.0,3.0,0.0,3.0,72.0,0.0,72.0
2480270,21,979952,LA LAGUNA TOYOTA  ADAREVA,HOME,1613926,M. Gomez Fernandez,SF,1884959,M. Luque Caballero,SF,1878753,N. Ibañez Silvestre,SF,2246211,L. Yohann Siverio,SF,2432295,B. Stevanovic,SF,0.4,24.0,0.0,0.0,0.0,0.0,0.0,0.0
2480270,21,979952,LA LAGUNA TOYOTA  ADAREVA,HOME,1884959,M. Luque Caballero,SF,1878753,N. Ibañez Silvestre,SF,2246211,L. Yohann Siverio,SF,2432295,B. Stevanovic,SF,2735173,M. Forsyth,SF,0.6,33.0,0.0,0.0,0.0,0.0,0.0,0.0
2480270,21,979952,LA LAGUNA TOYOTA  ADAREVA,HOME,2151715,J. Nogués Martí,SF,1613926,M. Gomez Fernandez,SF,1878753,N. Ibañez Silvestre,SF,2246211,L. Yohann Siverio,SF,2432295,B. Stevanovic,SF,1.7,104.0,2.0,3.0,-1.0,46.2,69.2,-23.1
2480270,21,979952,LA LAGUNA TOYOTA  ADAREVA,HOME,2151715,J. Nogués Martí,SF,1613926,M. Gomez Fernandez,SF,1884959,M. Luque Caballero,SF,1878753,N. Ibañez Silvestre,SF,2735173,M. Forsyth,SF,1.4,82.0,2.0,5.0,-3.0,58.5,146.3,-87.8
2480270,21,979952,LA LAGUNA TOYOTA  ADAREVA,HOME,2151715,J. Nogués Martí,SF,1613926,M. Gomez Fernandez,SF,1884959,M. Luque Caballero,SF,2432295,B. Stevanovic,SF,2735173,M. Forsyth,SF,0.6,36.0,3.0,2.0,1.0,200.0,133.3,66.7
2480270,21,979952,LA LAGUNA TOYOTA  ADAREVA,HOME,2151715,J. Nogués Martí,SF,1878753,N. Ibañez Silvestre,SF,2246211,L. Yohann Siverio,SF,2432295,B. Stevanovic,SF,2735173,M. Forsyth,SF,0.9,53.0,0.0,2.0,-2.0,0.0,90.6,-90.6
2480270,21,979952,LA LAGUNA TOYOTA  ADAREVA,HOME,2151715,J. Nogués Martí,SF,1884959,M. Luque Caballero,SF,1878753,N. Ibañez Silvestre,SF,2432295,B. Stevanovic,SF,1613926,M. Gomez Fernandez,SF,2.3,137.0,5.0,4.0,1.0,87.6,70.1,17.5
2480270,21,979952,LA LAGUNA TOYOTA  ADAREVA,HOME,2151715,J. Nogués Martí,SF,1884959,M. Luque Caballero,SF,1878753,N. Ibañez Silvestre,SF,2432295,B. Stevanovic,SF,2735173,M. Forsyth,SF,3.6,211.0,2.0,6.0,-4.0,22.7,68.2,-45.5
2480270,21,979952,LA LAGUNA TOYOTA  ADAREVA,HOME,2151715,J. Nogués Martí,SF,2816766,A. Coulibaly,SF,1613926,M. Gomez Fernandez,SF,1884959,M. Luque Caballero,SF,2432295,B. Stevanovic,SF,3.3,198.0,0.0,5.0,-5.0,0.0,60.6,-60.6
2480270,21,979952,LA LAGUNA TOYOTA  ADAREVA,HOME,2151715,J. Nogués Martí,SF,2816766,A. Coulibaly,SF,1613926,M. Gomez Fernandez,SF,1884959,M. Luque Caballero,SF,2735173,M. Forsyth,SF,4.8,284.0,6.0,7.0,-1.0,50.7,59.2,-8.5
2480270,21,979952,LA LAGUNA TOYOTA  ADAREVA,HOME,2151715,J. Nogués Martí,SF,2816766,A. Coulibaly,SF,1613926,M. Gomez Fernandez,SF,2246211,L. Yohann Siverio,SF,2432295,B. Stevanovic,SF,0.4,22.0,0.0,2.0,-2.0,0.0,218.2,-218.2
2480270,21,979952,LA LAGUNA TOYOTA  ADAREVA,HOME,2151715,J. Nogués Martí,SF,2816766,A. Coulibaly,SF,1884959,M. Luque Caballero,SF,2432295,B. Stevanovic,SF,2735173,M. Forsyth,SF,2.2,132.0,2.0,0.0,2.0,36.4,0.0,36.4
2480270,21,979952,LA LAGUNA TOYOTA  ADAREVA,HOME,2816766,A. Coulibaly,SF,1613926,M. Gomez Fernandez,SF,2246211,L. Yohann Siverio,SF,2432295,B. Stevanovic,SF,2735173,M. Forsyth,SF,0.4,25.0,2.0,0.0,2.0,192.0,0.0,192.0
2480271,21,981288,SERNOVA RENOVABLES REAL CANOE,AWAY,2097038,P. De Mier Espina,SF,1787143,C. Mato De Prada,SF,1927626,C. Flores Garcia,SF,1242234,C. Rodriguez Nuñez,SF,2866005,E. Zemoura,SF,0.9,55.0,2.0,0.0,2.0,87.3,0.0,87.3
2480271,21,981288,SERNOVA RENOVABLES REAL CANOE,AWAY,2097038,P. De Mier Espina,SF,1787143,C. Mato De Prada,SF,1927626,C. Flores Garcia,SF,2866005,E. Zemoura,SF,2818945,O. Santana Moldavsky,SF,3.8,228.0,9.0,8.0,1.0,94.7,84.2,10.5
2480271,21,981288,SERNOVA RENOVABLES REAL CANOE,AWAY,2097038,P. De Mier Espina,SF,1927626,C. Flores Garcia,SF,1242234,C. Rodriguez Nuñez,SF,2866005,E. Zemoura,SF,2818945,O. Santana Moldavsky,SF,1.4,86.0,0.0,4.0,-4.0,0.0,111.6,-111.6
2480271,21,981288,SERNOVA RENOVABLES REAL CANOE,AWAY,2097038,P. De Mier Espina,SF,2021397,A. Esnal Aguirre,SF,1242234,C. Rodriguez Nuñez,SF,2866005,E. Zemoura,SF,1859345,L. Fleta Robles,SF,0.7,46.0,0.0,4.0,-4.0,0.0,208.7,-208.7
2480271,21,981288,SERNOVA RENOVABLES REAL CANOE,AWAY,2097038,P. De Mier Espina,SF,2021397,A. Esnal Aguirre,SF,1787143,C. Mato De Prada,SF,1242234,C. Rodriguez Nuñez,SF,2818945,O. Santana Moldavsky,SF,2.5,151.0,3.0,2.0,1.0,47.7,31.8,15.9
2480271,21,981288,SERNOVA RENOVABLES REAL CANOE,AWAY,2097038,P. De Mier Espina,SF,2021397,A. Esnal Aguirre,SF,1787143,C. Mato De Prada,SF,1242234,C. Rodriguez Nuñez,SF,2866005,E. Zemoura,SF,18.0,1075.0,32.0,40.0,-8.0,71.4,89.3,-17.9
2480271,21,981288,SERNOVA RENOVABLES REAL CANOE,AWAY,2097038,P. De Mier Espina,SF,2021397,A. Esnal Aguirre,SF,1787143,C. Mato De Prada,SF,1927626,C. Flores Garcia,SF,2866005,E. Zemoura,SF,1.1,68.0,4.0,2.0,2.0,141.2,70.6,70.6
2480271,21,981288,SERNOVA RENOVABLES REAL CANOE,AWAY,2097038,P. De Mier Espina,SF,2021397,A. Esnal Aguirre,SF,1927626,C. Flores Garcia,SF,1242234,C. Rodriguez Nuñez,SF,2818945,O. Santana Moldavsky,SF,4.6,278.0,7.0,6.0,1.0,60.4,51.8,8.6
2480271,21,981288,SERNOVA RENOVABLES REAL CANOE,AWAY,2097038,P. De Mier Espina,SF,2021397,A. Esnal Aguirre,SF,1927626,C. Flores Garcia,SF,1242234,C. Rodriguez Nuñez,SF,2866005,E. Zemoura,SF,2.1,124.0,0.0,1.0,-1.0,0.0,19.4,-19.4
2480271,21,981288,SERNOVA RENOVABLES REAL CANOE,AWAY,2097038,P. De Mier Espina,SF,2021397,A. Esnal Aguirre,SF,1927626,C. Flores Garcia,SF,2818945,O. Santana Moldavsky,SF,1859345,L. Fleta Robles,SF,2.2,129.0,0.0,4.0,-4.0,0.0,74.4,-74.4
2480271,21,981288,SERNOVA RENOVABLES REAL CANOE,AWAY,2097038,P. De Mier Espina,SF,2021397,A. Esnal Aguirre,SF,1927626,C. Flores Garcia,SF,2866005,E. Zemoura,SF,2818945,O. Santana Moldavsky,SF,1.7,102.0,2.0,3.0,-1.0,47.1,70.6,-23.5
2480271,21,981288,SERNOVA RENOVABLES REAL CANOE,AWAY,2097038,P. De Mier Espina,SF,2021397,A. Esnal Aguirre,SF,2866005,E. Zemoura,SF,2818945,O. Santana Moldavsky,SF,1859345,L. Fleta Robles,SF,1.0,58.0,2.0,1.0,1.0,82.8,41.4,41.4
2480271,21,981492,CELTA  FEMXA ZORKA,HOME,2049773,D. Bermejo Escribano,SF,1898932,M. Gea Becerra,SF,2276545,M. Vizmanos Iglesis,SF,2121212,P. Salinas Mascuñana,SF,2651124,A. Boquete Manna,SF,1.2,71.0,2.0,0.0,2.0,67.6,0.0,67.6
2480271,21,981492,CELTA  FEMXA ZORKA,HOME,2179703,N. Martínez Quintana,SF,1898932,M. Gea Becerra,SF,2276545,M. Vizmanos Iglesis,SF,2121212,P. Salinas Mascuñana,SF,2651124,A. Boquete Manna,SF,1.5,90.0,2.0,4.0,-2.0,53.3,106.7,-53.3
2480271,21,981492,CELTA  FEMXA ZORKA,HOME,2179703,N. Martínez Quintana,SF,1898932,M. Gea Becerra,SF,2276545,M. Vizmanos Iglesis,SF,2121212,P. Salinas Mascuñana,SF,2814638,J. Kelliher,SF,2.1,129.0,2.0,3.0,-1.0,37.2,55.8,-18.6
2480271,21,981492,CELTA  FEMXA ZORKA,HOME,2179703,N. Martínez Quintana,SF,2049773,D. Bermejo Escribano,SF,2179984,U. Rodríguez Silva,SF,1898932,M. Gea Becerra,SF,2121212,P. Salinas Mascuñana,SF,0.3,20.0,2.0,0.0,2.0,240.0,0.0,240.0
2480271,21,981492,CELTA  FEMXA ZORKA,HOME,2179703,N. Martínez Quintana,SF,2049773,D. Bermejo Escribano,SF,2179984,U. Rodríguez Silva,SF,2121212,P. Salinas Mascuñana,SF,2814638,J. Kelliher,SF,0.7,43.0,2.0,2.0,0.0,111.6,111.6,0.0
2480271,21,981492,CELTA  FEMXA ZORKA,HOME,2644595,I. Vennema,SF,2049773,D. Bermejo Escribano,SF,1898932,M. Gea Becerra,SF,2276545,M. Vizmanos Iglesis,SF,2121212,P. Salinas Mascuñana,SF,2.8,165.0,5.0,3.0,2.0,72.7,43.6,29.1
2480271,21,981492,CELTA  FEMXA ZORKA,HOME,2644595,I. Vennema,SF,2049773,D. Bermejo Escribano,SF,2179984,U. Rodríguez Silva,SF,2121212,P. Salinas Mascuñana,SF,2814638,J. Kelliher,SF,3.8,229.0,3.0,6.0,-3.0,31.4,62.9,-31.4
2480271,21,981492,CELTA  FEMXA ZORKA,HOME,2644595,I. Vennema,SF,2179703,N. Martínez Quintana,SF,2049773,D. Bermejo Escribano,SF,2179984,U. Rodríguez Silva,SF,2121212,P. Salinas Mascuñana,SF,0.8,48.0,4.0,0.0,4.0,200.0,0.0,200.0
2480271,21,981492,CELTA  FEMXA ZORKA,HOME,2644595,I. Vennema,SF,2179703,N. Martínez Quintana,SF,2179984,U. Rodríguez Silva,SF,1898932,M. Gea Becerra,SF,2121212,P. Salinas Mascuñana,SF,2.4,139.0,1.0,2.0,-1.0,17.3,34.5,-17.3
2480271,21,981492,CELTA  FEMXA ZORKA,HOME,2743289,D. Cabrera Baccon,SF,1898932,M. Gea Becerra,SF,2121212,P. Salinas Mascuñana,SF,2814638,J. Kelliher,SF,2651124,A. Boquete Manna,SF,1.5,90.0,5.0,3.0,2.0,133.3,80.0,53.3
2480271,21,981492,CELTA  FEMXA ZORKA,HOME,2743289,D. Cabrera Baccon,SF,1898932,M. Gea Becerra,SF,2276545,M. Vizmanos Iglesis,SF,2121212,P. Salinas Mascuñana,SF,2651124,A. Boquete Manna,SF,0.4,26.0,0.0,0.0,0.0,0.0,0.0,0.0
2480271,21,981492,CELTA  FEMXA ZORKA,HOME,2743289,D. Cabrera Baccon,SF,2049773,D. Bermejo Escribano,SF,2179984,U. Rodríguez Silva,SF,2121212,P. Salinas Mascuñana,SF,2814638,J. Kelliher,SF,1.8,108.0,3.0,4.0,-1.0,66.7,88.9,-22.2
2480271,21,981492,CELTA  FEMXA ZORKA,HOME,2743289,D. Cabrera Baccon,SF,2049773,D. Bermejo Escribano,SF,2179984,U. Rodríguez Silva,SF,2814638,J. Kelliher,SF,2651124,A. Boquete Manna,SF,5.0,298.0,13.0,13.0,0.0,104.7,104.7,0.0
2480271,21,981492,CELTA  FEMXA ZORKA,HOME,2743289,D. Cabrera Baccon,SF,2179703,N. Martínez Quintana,SF,2049773,D. Bermejo Escribano,SF,1898932,M. Gea Becerra,SF,2121212,P. Salinas Mascuñana,SF,5.8,350.0,11.0,6.0,5.0,75.4,41.1,34.3
2480271,21,981492,CELTA  FEMXA ZORKA,HOME,2743289,D. Cabrera Baccon,SF,2179703,N. Martínez Quintana,SF,2049773,D. Bermejo Escribano,SF,2179984,U. Rodríguez Silva,SF,2121212,P. Salinas Mascuñana,SF,0.5,27.0,2.0,0.0,2.0,177.8,0.0,177.8
2480271,21,981492,CELTA  FEMXA ZORKA,HOME,2743289,D. Cabrera Baccon,SF,2644595,I. Vennema,SF,1898932,M. Gea Becerra,SF,2276545,M. Vizmanos Iglesis,SF,2121212,P. Salinas Mascuñana,SF,3.1,186.0,6.0,11.0,-5.0,77.4,141.9,-64.5
2480271,21,981492,CELTA  FEMXA ZORKA,HOME,2743289,D. Cabrera Baccon,SF,2644595,I. Vennema,SF,2179703,N. Martínez Quintana,SF,1898932,M. Gea Becerra,SF,2276545,M. Vizmanos Iglesis,SF,1.6,95.0,4.0,2.0,2.0,101.1,50.5,50.5
2480271,21,981492,CELTA  FEMXA ZORKA,HOME,2743289,D. Cabrera Baccon,SF,2644595,I. Vennema,SF,2179703,N. Martínez Quintana,SF,2049773,D. Bermejo Escribano,SF,2179984,U. Rodríguez Silva,SF,2.9,178.0,6.0,0.0,6.0,80.9,0.0,80.9
2480271,21,981492,CELTA  FEMXA ZORKA,HOME,2743289,D. Cabrera Baccon,SF,2644595,I. Vennema,SF,2179703,N. Martínez Quintana,SF,2049773,D. Bermejo Escribano,SF,2276545,M. Vizmanos Iglesis,SF,1.8,108.0,2.0,2.0,0.0,44.4,44.4,0.0
2480272,21,979971,OSES CONSTRUCCION,HOME,1044456,M. Asurmendi Villaverde,SF,2432778,J. Mungo Lanzetti,SF,1824910,S. Castro Marrero,SF,2561102,M. Blanco Morcillo,SF,2432513,V. Llorente,SF,2.5,148.0,3.0,7.0,-4.0,48.6,113.5,-64.9
2480272,21,979971,OSES CONSTRUCCION,HOME,1044456,M. Asurmendi Villaverde,SF,2561097,A. Diez Pastor,SF,2432513,V. Llorente,SF,1820835,A. Wone Aranaz,SF,1882395,A. Elso Aramendia,SF,1.7,100.0,3.0,1.0,2.0,72.0,24.0,48.0
2480272,21,979971,OSES CONSTRUCCION,HOME,1588922,L. Gutierrez Lancho,SF,1044456,M. Asurmendi Villaverde,SF,1824910,S. Castro Marrero,SF,2432513,V. Llorente,SF,1820835,A. Wone Aranaz,SF,2.2,132.0,5.0,4.0,1.0,90.9,72.7,18.2
2480272,21,979971,OSES CONSTRUCCION,HOME,1588922,L. Gutierrez Lancho,SF,1044456,M. Asurmendi Villaverde,SF,2432778,J. Mungo Lanzetti,SF,1824910,S. Castro Marrero,SF,2432513,V. Llorente,SF,2.5,153.0,6.0,2.0,4.0,94.1,31.4,62.7
2480272,21,979971,OSES CONSTRUCCION,HOME,1588922,L. Gutierrez Lancho,SF,2364706,F. Parra,SF,1044456,M. Asurmendi Villaverde,SF,2432513,V. Llorente,SF,1820835,A. Wone Aranaz,SF,1.4,83.0,2.0,2.0,0.0,57.8,57.8,0.0
2480272,21,979971,OSES CONSTRUCCION,HOME,1588922,L. Gutierrez Lancho,SF,2364706,F. Parra,SF,2432778,J. Mungo Lanzetti,SF,1824910,S. Castro Marrero,SF,1820835,A. Wone Aranaz,SF,5.4,326.0,16.0,6.0,10.0,117.8,44.2,73.6
2480272,21,979971,OSES CONSTRUCCION,HOME,1588922,L. Gutierrez Lancho,SF,2364706,F. Parra,SF,2432778,J. Mungo Lanzetti,SF,1824910,S. Castro Marrero,SF,2432513,V. Llorente,SF,0.9,57.0,0.0,3.0,-3.0,0.0,126.3,-126.3
2480272,21,979971,OSES CONSTRUCCION,HOME,1588922,L. Gutierrez Lancho,SF,2364706,F. Parra,SF,2432778,J. Mungo Lanzetti,SF,2561102,M. Blanco Morcillo,SF,1820835,A. Wone Aranaz,SF,1.9,109.0,3.0,2.0,1.0,66.1,44.0,22.0
2480272,21,979971,OSES CONSTRUCCION,HOME,1588922,L. Gutierrez Lancho,SF,2364706,F. Parra,SF,2561097,A. Diez Pastor,SF,2432778,J. Mungo Lanzetti,SF,1820835,A. Wone Aranaz,SF,1.3,77.0,1.0,3.0,-2.0,31.2,93.5,-62.3
2480272,21,979971,OSES CONSTRUCCION,HOME,1588922,L. Gutierrez Lancho,SF,2364706,F. Parra,SF,2561097,A. Diez Pastor,SF,2432778,J. Mungo Lanzetti,SF,2432513,V. Llorente,SF,1.8,106.0,0.0,2.0,-2.0,0.0,45.3,-45.3
2480272,21,979971,OSES CONSTRUCCION,HOME,1588922,L. Gutierrez Lancho,SF,2432778,J. Mungo Lanzetti,SF,1824910,S. Castro Marrero,SF,2561102,M. Blanco Morcillo,SF,1820835,A. Wone Aranaz,SF,3.7,222.0,12.0,8.0,4.0,129.7,86.5,43.2
2480272,21,979971,OSES CONSTRUCCION,HOME,1588922,L. Gutierrez Lancho,SF,2432778,J. Mungo Lanzetti,SF,1824910,S. Castro Marrero,SF,2561102,M. Blanco Morcillo,SF,2432513,V. Llorente,SF,2.0,119.0,3.0,4.0,-1.0,60.5,80.7,-20.2
2480272,21,979971,OSES CONSTRUCCION,HOME,1588922,L. Gutierrez Lancho,SF,2432778,J. Mungo Lanzetti,SF,2561102,M. Blanco Morcillo,SF,1824910,S. Castro Marrero,SF,1593987,M. Recarte Mendive,SF,2.1,128.0,7.0,2.0,5.0,131.2,37.5,93.8
2480272,21,979971,OSES CONSTRUCCION,HOME,1588922,L. Gutierrez Lancho,SF,2432778,J. Mungo Lanzetti,SF,2561102,M. Blanco Morcillo,SF,1824910,S. Castro Marrero,SF,2432513,V. Llorente,SF,0.6,38.0,1.0,0.0,1.0,63.2,0.0,63.2
2480272,21,979971,OSES CONSTRUCCION,HOME,1588922,L. Gutierrez Lancho,SF,2561097,A. Diez Pastor,SF,2432778,J. Mungo Lanzetti,SF,2561102,M. Blanco Morcillo,SF,2432513,V. Llorente,SF,0.4,24.0,0.0,2.0,-2.0,0.0,200.0,-200.0
2480272,21,979971,OSES CONSTRUCCION,HOME,2364706,F. Parra,SF,1044456,M. Asurmendi Villaverde,SF,2432778,J. Mungo Lanzetti,SF,1824910,S. Castro Marrero,SF,1820835,A. Wone Aranaz,SF,1.6,98.0,3.0,1.0,2.0,73.5,24.5,49.0
2480272,21,979971,OSES CONSTRUCCION,HOME,2364706,F. Parra,SF,1044456,M. Asurmendi Villaverde,SF,2432778,J. Mungo Lanzetti,SF,1824910,S. Castro Marrero,SF,2432513,V. Llorente,SF,1.4,83.0,3.0,7.0,-4.0,86.7,202.4,-115.7
2480272,21,979971,OSES CONSTRUCCION,HOME,2364706,F. Parra,SF,1044456,M. Asurmendi Villaverde,SF,2561097,A. Diez Pastor,SF,2432513,V. Llorente,SF,1820835,A. Wone Aranaz,SF,0.1,7.0,0.0,0.0,0.0,0.0,0.0,0.0
2480272,21,979971,OSES CONSTRUCCION,HOME,2364706,F. Parra,SF,2432778,J. Mungo Lanzetti,SF,1824910,S. Castro Marrero,SF,2561102,M. Blanco Morcillo,SF,1820835,A. Wone Aranaz,SF,0.9,54.0,1.0,3.0,-2.0,44.4,133.3,-88.9
2480272,21,979971,OSES CONSTRUCCION,HOME,2364706,F. Parra,SF,2561097,A. Diez Pastor,SF,2432778,J. Mungo Lanzetti,SF,2561102,M. Blanco Morcillo,SF,2432513,V. Llorente,SF,1.1,68.0,0.0,2.0,-2.0,0.0,70.6,-70.6
2480272,21,979971,OSES CONSTRUCCION,HOME,2561097,A. Diez Pastor,SF,2432778,J. Mungo Lanzetti,SF,2561102,M. Blanco Morcillo,SF,2432513,V. Llorente,SF,1882395,A. Elso Aramendia,SF,2.5,149.0,3.0,2.0,1.0,48.3,32.2,16.1
2480272,21,979971,OSES CONSTRUCCION,HOME,2561097,A. Diez Pastor,SF,2561102,M. Blanco Morcillo,SF,2432513,V. Llorente,SF,1820835,A. Wone Aranaz,SF,1882395,A. Elso Aramendia,SF,2.0,119.0,5.0,5.0,0.0,100.8,100.8,0.0
2480272,21,979988,FUSTECMA NBF CASTELLÓ,AWAY,1680760,S. Carli Del Pino,SF,2131367,S. Basaez Narvaez,SF,2274867,L. De Giacomo,SF,2144678,L. Jovena Meseguer,SF,2827468,A. Bourgarel Aparicio,SF,8.6,518.0,14.0,8.0,6.0,64.9,37.1,27.8
2480272,21,979988,FUSTECMA NBF CASTELLÓ,AWAY,1680760,S. Carli Del Pino,SF,2274867,L. De Giacomo,SF,2144678,L. Jovena Meseguer,SF,2827468,A. Bourgarel Aparicio,SF,1932094,J. Gomez Guimera,SF,1.4,82.0,2.0,3.0,-1.0,58.5,87.8,-29.3
2480272,21,979988,FUSTECMA NBF CASTELLÓ,AWAY,1680760,S. Carli Del Pino,SF,2829993,G. Aiello,SF,1460562,C. Perez Relancio,SF,2087212,L. Ruiz De La Hermosa Arce,SF,1618451,L. Campos De Bengoa,SF,2.4,145.0,4.0,7.0,-3.0,66.2,115.9,-49.7
2480272,21,979988,FUSTECMA NBF CASTELLÓ,AWAY,1680760,S. Carli Del Pino,SF,2829993,G. Aiello,SF,1460562,C. Perez Relancio,SF,2827468,A. Bourgarel Aparicio,SF,1618451,L. Campos De Bengoa,SF,0.7,44.0,0.0,4.0,-4.0,0.0,218.2,-218.2
2480272,21,979988,FUSTECMA NBF CASTELLÓ,AWAY,1680760,S. Carli Del Pino,SF,2829993,G. Aiello,SF,2131367,S. Basaez Narvaez,SF,1460562,C. Perez Relancio,SF,2087212,L. Ruiz De La Hermosa Arce,SF,5.5,326.0,11.0,4.0,7.0,81.0,29.4,51.5
2480272,21,979988,FUSTECMA NBF CASTELLÓ,AWAY,1680760,S. Carli Del Pino,SF,2829993,G. Aiello,SF,2131367,S. Basaez Narvaez,SF,1460562,C. Perez Relancio,SF,2827468,A. Bourgarel Aparicio,SF,2.5,148.0,7.0,3.0,4.0,113.5,48.6,64.9
2480272,21,979988,FUSTECMA NBF CASTELLÓ,AWAY,1680760,S. Carli Del Pino,SF,2829993,G. Aiello,SF,2131367,S. Basaez Narvaez,SF,2144678,L. Jovena Meseguer,SF,1932094,J. Gomez Guimera,SF,3.6,219.0,2.0,10.0,-8.0,21.9,109.6,-87.7
2480272,21,979988,FUSTECMA NBF CASTELLÓ,AWAY,1680760,S. Carli Del Pino,SF,2829993,G. Aiello,SF,2131367,S. Basaez Narvaez,SF,2144678,L. Jovena Meseguer,SF,2827468,A. Bourgarel Aparicio,SF,3.2,195.0,1.0,6.0,-5.0,12.3,73.8,-61.5
2480272,21,979988,FUSTECMA NBF CASTELLÓ,AWAY,1680760,S. Carli Del Pino,SF,2829993,G. Aiello,SF,2131367,S. Basaez Narvaez,SF,2827468,A. Bourgarel Aparicio,SF,1618451,L. Campos De Bengoa,SF,2.1,128.0,2.0,7.0,-5.0,37.5,131.2,-93.8
2480272,21,979988,FUSTECMA NBF CASTELLÓ,AWAY,1680760,S. Carli Del Pino,SF,2829993,G. Aiello,SF,2131367,S. Basaez Narvaez,SF,2827468,A. Bourgarel Aparicio,SF,1932094,J. Gomez Guimera,SF,4.4,262.0,11.0,13.0,-2.0,100.8,119.1,-18.3
2480272,21,979988,FUSTECMA NBF CASTELLÓ,AWAY,1680760,S. Carli Del Pino,SF,2829993,G. Aiello,SF,2144678,L. Jovena Meseguer,SF,2827468,A. Bourgarel Aparicio,SF,1932094,J. Gomez Guimera,SF,4.7,280.0,14.0,7.0,7.0,120.0,60.0,60.0
2480272,21,979988,FUSTECMA NBF CASTELLÓ,AWAY,1680760,S. Carli Del Pino,SF,2829993,G. Aiello,SF,2274867,L. De Giacomo,SF,2827468,A. Bourgarel Aparicio,SF,1618451,L. Campos De Bengoa,SF,0.9,53.0,0.0,5.0,-5.0,0.0,226.4,-226.4
2480273,22,979971,OSES CONSTRUCCION,HOME,1044456,M. Asurmendi Villaverde,SF,2432778,J. Mungo Lanzetti,SF,1824910,S. Castro Marrero,SF,1820835,A. Wone Aranaz,SF,1882395,A. Elso Aramendia,SF,1.9,117.0,5.0,2.0,3.0,102.6,41.0,61.5
2480273,22,979971,OSES CONSTRUCCION,HOME,1044456,M. Asurmendi Villaverde,SF,2432778,J. Mungo Lanzetti,SF,1824910,S. Castro Marrero,SF,2432513,V. Llorente,SF,2561102,M. Blanco Morcillo,SF,2.3,139.0,4.0,2.0,2.0,69.1,34.5,34.5
2480273,22,979971,OSES CONSTRUCCION,HOME,1044456,M. Asurmendi Villaverde,SF,2432778,J. Mungo Lanzetti,SF,2432513,V. Llorente,SF,1824910,S. Castro Marrero,SF,1882395,A. Elso Aramendia,SF,0.7,40.0,0.0,2.0,-2.0,0.0,120.0,-120.0
2480273,22,979971,OSES CONSTRUCCION,HOME,1044456,M. Asurmendi Villaverde,SF,2561097,A. Diez Pastor,SF,1824910,S. Castro Marrero,SF,2432513,V. Llorente,SF,1820835,A. Wone Aranaz,SF,0.2,13.0,0.0,0.0,0.0,0.0,0.0,0.0
2480273,22,979971,OSES CONSTRUCCION,HOME,1044456,M. Asurmendi Villaverde,SF,2561097,A. Diez Pastor,SF,2432778,J. Mungo Lanzetti,SF,1824910,S. Castro Marrero,SF,1820835,A. Wone Aranaz,SF,1.6,95.0,2.0,2.0,0.0,50.5,50.5,0.0
2480273,22,979971,OSES CONSTRUCCION,HOME,1044456,M. Asurmendi Villaverde,SF,2561097,A. Diez Pastor,SF,2432778,J. Mungo Lanzetti,SF,1824910,S. Castro Marrero,SF,2432513,V. Llorente,SF,0.5,31.0,0.0,0.0,0.0,0.0,0.0,0.0
2480273,22,979971,OSES CONSTRUCCION,HOME,1588922,L. Gutierrez Lancho,SF,1044456,M. Asurmendi Villaverde,SF,2432513,V. Llorente,SF,1824910,S. Castro Marrero,SF,1820835,A. Wone Aranaz,SF,1.5,91.0,2.0,0.0,2.0,52.7,0.0,52.7
2480273,22,979971,OSES CONSTRUCCION,HOME,1588922,L. Gutierrez Lancho,SF,1044456,M. Asurmendi Villaverde,SF,2432778,J. Mungo Lanzetti,SF,1824910,S. Castro Marrero,SF,1820835,A. Wone Aranaz,SF,0.6,36.0,0.0,0.0,0.0,0.0,0.0,0.0
2480273,22,979971,OSES CONSTRUCCION,HOME,1588922,L. Gutierrez Lancho,SF,1044456,M. Asurmendi Villaverde,SF,2432778,J. Mungo Lanzetti,SF,1824910,S. Castro Marrero,SF,2432513,V. Llorente,SF,3.2,188.0,7.0,3.0,4.0,89.4,38.3,51.1
2480273,22,979971,OSES CONSTRUCCION,HOME,1588922,L. Gutierrez Lancho,SF,1044456,M. Asurmendi Villaverde,SF,2432778,J. Mungo Lanzetti,SF,2432513,V. Llorente,SF,1824910,S. Castro Marrero,SF,1.8,107.0,6.0,2.0,4.0,134.6,44.9,89.7
2480273,22,979971,OSES CONSTRUCCION,HOME,1588922,L. Gutierrez Lancho,SF,1044456,M. Asurmendi Villaverde,SF,2561097,A. Diez Pastor,SF,2432513,V. Llorente,SF,1820835,A. Wone Aranaz,SF,0.8,49.0,0.0,3.0,-3.0,0.0,146.9,-146.9
2480273,22,979971,OSES CONSTRUCCION,HOME,1588922,L. Gutierrez Lancho,SF,1044456,M. Asurmendi Villaverde,SF,2561097,A. Diez Pastor,SF,2432778,J. Mungo Lanzetti,SF,1820835,A. Wone Aranaz,SF,2.3,133.0,3.0,1.0,2.0,54.1,18.0,36.1
2480273,22,979971,OSES CONSTRUCCION,HOME,1588922,L. Gutierrez Lancho,SF,1044456,M. Asurmendi Villaverde,SF,2561097,A. Diez Pastor,SF,2432778,J. Mungo Lanzetti,SF,1824910,S. Castro Marrero,SF,0.1,7.0,0.0,2.0,-2.0,0.0,685.7,-685.7
2480273,22,979971,OSES CONSTRUCCION,HOME,1588922,L. Gutierrez Lancho,SF,1044456,M. Asurmendi Villaverde,SF,2561097,A. Diez Pastor,SF,2432778,J. Mungo Lanzetti,SF,2432513,V. Llorente,SF,1.4,88.0,3.0,2.0,1.0,81.8,54.5,27.3
2480273,22,979971,OSES CONSTRUCCION,HOME,1588922,L. Gutierrez Lancho,SF,2364706,F. Parra,SF,1044456,M. Asurmendi Villaverde,SF,2432778,J. Mungo Lanzetti,SF,2432513,V. Llorente,SF,0.7,43.0,2.0,5.0,-3.0,111.6,279.1,-167.4
2480273,22,979971,OSES CONSTRUCCION,HOME,1588922,L. Gutierrez Lancho,SF,2364706,F. Parra,SF,1593987,M. Recarte Mendive,SF,1824910,S. Castro Marrero,SF,1820835,A. Wone Aranaz,SF,5.3,318.0,7.0,13.0,-6.0,52.8,98.1,-45.3
2480273,22,979971,OSES CONSTRUCCION,HOME,2364706,F. Parra,SF,1044456,M. Asurmendi Villaverde,SF,1824910,S. Castro Marrero,SF,2432513,V. Llorente,SF,1820835,A. Wone Aranaz,SF,0.7,41.0,3.0,0.0,3.0,175.6,0.0,175.6
2480273,22,979971,OSES CONSTRUCCION,HOME,2364706,F. Parra,SF,1044456,M. Asurmendi Villaverde,SF,2432778,J. Mungo Lanzetti,SF,2432513,V. Llorente,SF,1824910,S. Castro Marrero,SF,1.4,81.0,2.0,0.0,2.0,59.3,0.0,59.3
2480273,22,979971,OSES CONSTRUCCION,HOME,2364706,F. Parra,SF,1044456,M. Asurmendi Villaverde,SF,2561097,A. Diez Pastor,SF,2432778,J. Mungo Lanzetti,SF,1824910,S. Castro Marrero,SF,0.1,6.0,0.0,0.0,0.0,0.0,0.0,0.0
2480273,22,979971,OSES CONSTRUCCION,HOME,2364706,F. Parra,SF,1824910,S. Castro Marrero,SF,2561102,M. Blanco Morcillo,SF,2432513,V. Llorente,SF,1820835,A. Wone Aranaz,SF,0.7,44.0,0.0,4.0,-4.0,0.0,218.2,-218.2
2480273,22,979971,OSES CONSTRUCCION,HOME,2364706,F. Parra,SF,2432778,J. Mungo Lanzetti,SF,1824910,S. Castro Marrero,SF,2561102,M. Blanco Morcillo,SF,2432513,V. Llorente,SF,1.3,77.0,0.0,1.0,-1.0,0.0,31.2,-31.2
2480273,22,979971,OSES CONSTRUCCION,HOME,2364706,F. Parra,SF,2561097,A. Diez Pastor,SF,2432778,J. Mungo Lanzetti,SF,1820835,A. Wone Aranaz,SF,1882395,A. Elso Aramendia,SF,1.9,113.0,2.0,4.0,-2.0,42.5,85.0,-42.5
2480273,22,979971,OSES CONSTRUCCION,HOME,2364706,F. Parra,SF,2561097,A. Diez Pastor,SF,2432778,J. Mungo Lanzetti,SF,2432513,V. Llorente,SF,2561102,M. Blanco Morcillo,SF,8.1,486.0,10.0,8.0,2.0,49.4,39.5,9.9
2480273,22,979971,OSES CONSTRUCCION,HOME,2364706,F. Parra,SF,2561097,A. Diez Pastor,SF,2432778,J. Mungo Lanzetti,SF,2561102,M. Blanco Morcillo,SF,1820835,A. Wone Aranaz,SF,0.9,57.0,2.0,2.0,0.0,84.2,84.2,0.0
2480273,22,981206,MCR LIMA-HORTA BARCELONA,AWAY,2049841,E. Trawally Porta,SF,1494221,L. Soler Madariaga,SF,1886093,E. Escuder Gonzalez,SF,1958425,L. Roig I Salrach,SF,1912814,N. Barrientos Pereira,SF,0.5,27.0,0.0,2.0,-2.0,0.0,177.8,-177.8
2480273,22,981206,MCR LIMA-HORTA BARCELONA,AWAY,2049841,E. Trawally Porta,SF,1494221,L. Soler Madariaga,SF,1908281,M. Aguado Tortella,SF,1958425,L. Roig I Salrach,SF,1912814,N. Barrientos Pereira,SF,1.0,61.0,2.0,0.0,2.0,78.7,0.0,78.7
2480273,22,981206,MCR LIMA-HORTA BARCELONA,AWAY,2049841,E. Trawally Porta,SF,1494221,L. Soler Madariaga,SF,1908281,M. Aguado Tortella,SF,1959765,J. Rueda Choni,SF,1886093,E. Escuder Gonzalez,SF,6.9,408.0,6.0,8.0,-2.0,35.3,47.1,-11.8
2480273,22,981206,MCR LIMA-HORTA BARCELONA,AWAY,2049841,E. Trawally Porta,SF,1494221,L. Soler Madariaga,SF,1908281,M. Aguado Tortella,SF,1959765,J. Rueda Choni,SF,1958425,L. Roig I Salrach,SF,2.5,149.0,2.0,5.0,-3.0,32.2,80.5,-48.3
2480273,22,981206,MCR LIMA-HORTA BARCELONA,AWAY,2049841,E. Trawally Porta,SF,1494221,L. Soler Madariaga,SF,1908281,M. Aguado Tortella,SF,1959765,J. Rueda Choni,SF,2042157,C. Ripoll Moya,SF,1.1,67.0,0.0,4.0,-4.0,0.0,143.3,-143.3
2480273,22,981206,MCR LIMA-HORTA BARCELONA,AWAY,2235190,E. Morales López,SF,1494221,L. Soler Madariaga,SF,1886093,E. Escuder Gonzalez,SF,1958425,L. Roig I Salrach,SF,1912814,N. Barrientos Pereira,SF,3.4,210.0,2.0,6.0,-4.0,22.9,68.6,-45.7
2480273,22,981206,MCR LIMA-HORTA BARCELONA,AWAY,2235190,E. Morales López,SF,1494221,L. Soler Madariaga,SF,1908281,M. Aguado Tortella,SF,1959765,J. Rueda Choni,SF,1958425,L. Roig I Salrach,SF,2.9,179.0,12.0,2.0,10.0,160.9,26.8,134.1
2480273,22,981206,MCR LIMA-HORTA BARCELONA,AWAY,2235190,E. Morales López,SF,1494221,L. Soler Madariaga,SF,1958425,L. Roig I Salrach,SF,1912814,N. Barrientos Pereira,SF,2042157,C. Ripoll Moya,SF,0.8,45.0,0.0,0.0,0.0,0.0,0.0,0.0
2480273,22,981206,MCR LIMA-HORTA BARCELONA,AWAY,2235190,E. Morales López,SF,1494221,L. Soler Madariaga,SF,1959765,J. Rueda Choni,SF,1958425,L. Roig I Salrach,SF,2042157,C. Ripoll Moya,SF,2.3,140.0,3.0,2.0,1.0,51.4,34.3,17.1
2480273,22,981206,MCR LIMA-HORTA BARCELONA,AWAY,2235190,E. Morales López,SF,1908281,M. Aguado Tortella,SF,1959765,J. Rueda Choni,SF,1886093,E. Escuder Gonzalez,SF,1912814,N. Barrientos Pereira,SF,0.3,21.0,0.0,0.0,0.0,0.0,0.0,0.0
2480273,22,981206,MCR LIMA-HORTA BARCELONA,AWAY,2235190,E. Morales López,SF,1908281,M. Aguado Tortella,SF,1959765,J. Rueda Choni,SF,1958425,L. Roig I Salrach,SF,2042157,C. Ripoll Moya,SF,0.1,6.0,0.0,0.0,0.0,0.0,0.0,0.0
2480273,22,981206,MCR LIMA-HORTA BARCELONA,AWAY,2235190,E. Morales López,SF,1959765,J. Rueda Choni,SF,1886093,E. Escuder Gonzalez,SF,1958425,L. Roig I Salrach,SF,1912814,N. Barrientos Pereira,SF,0.9,57.0,2.0,2.0,0.0,84.2,84.2,0.0
2480273,22,981206,MCR LIMA-HORTA BARCELONA,AWAY,2235190,E. Morales López,SF,2049841,E. Trawally Porta,SF,1494221,L. Soler Madariaga,SF,1968768,I. Subirats Teruel,SF,2042157,C. Ripoll Moya,SF,0.1,7.0,2.0,0.0,2.0,685.7,0.0,685.7
2480273,22,981206,MCR LIMA-HORTA BARCELONA,AWAY,2235190,E. Morales López,SF,2049841,E. Trawally Porta,SF,1908281,M. Aguado Tortella,SF,1958425,L. Roig I Salrach,SF,2042157,C. Ripoll Moya,SF,0.4,22.0,0.0,0.0,0.0,0.0,0.0,0.0
2480273,22,981206,MCR LIMA-HORTA BARCELONA,AWAY,2235190,E. Morales López,SF,2049841,E. Trawally Porta,SF,1908281,M. Aguado Tortella,SF,1959765,J. Rueda Choni,SF,1886093,E. Escuder Gonzalez,SF,0.8,47.0,2.0,2.0,0.0,102.1,102.1,0.0
2480273,22,981206,MCR LIMA-HORTA BARCELONA,AWAY,2235190,E. Morales López,SF,2049841,E. Trawally Porta,SF,1908281,M. Aguado Tortella,SF,1959765,J. Rueda Choni,SF,2042157,C. Ripoll Moya,SF,9.3,551.0,18.0,10.0,8.0,78.4,43.6,34.8
2480273,22,981206,MCR LIMA-HORTA BARCELONA,AWAY,2235190,E. Morales López,SF,2049841,E. Trawally Porta,SF,1958425,L. Roig I Salrach,SF,1912814,N. Barrientos Pereira,SF,2042157,C. Ripoll Moya,SF,4.1,246.0,3.0,12.0,-9.0,29.3,117.1,-87.8
2480273,22,981206,MCR LIMA-HORTA BARCELONA,AWAY,2235190,E. Morales López,SF,2049841,E. Trawally Porta,SF,1959765,J. Rueda Choni,SF,1912814,N. Barrientos Pereira,SF,2042157,C. Ripoll Moya,SF,2.6,157.0,4.0,5.0,-1.0,61.1,76.4,-15.3
2480274,22,979988,FUSTECMA NBF CASTELLÓ,HOME,1680760,S. Carli Del Pino,SF,1460562,C. Perez Relancio,SF,2087212,L. Ruiz De La Hermosa Arce,SF,2144678,L. Jovena Meseguer,SF,1932094,J. Gomez Guimera,SF,4.6,276.0,11.0,14.0,-3.0,95.7,121.7,-26.1
2480274,22,979988,FUSTECMA NBF CASTELLÓ,HOME,1680760,S. Carli Del Pino,SF,2087212,L. Ruiz De La Hermosa Arce,SF,2144678,L. Jovena Meseguer,SF,1932094,J. Gomez Guimera,SF,1618451,L. Campos De Bengoa,SF,0.1,5.0,0.0,0.0,0.0,0.0,0.0,0.0
2480274,22,979988,FUSTECMA NBF CASTELLÓ,HOME,1680760,S. Carli Del Pino,SF,2131367,S. Basaez Narvaez,SF,2274867,L. De Giacomo,SF,2087212,L. Ruiz De La Hermosa Arce,SF,2144678,L. Jovena Meseguer,SF,1.7,99.0,3.0,0.0,3.0,72.7,0.0,72.7
2480274,22,979988,FUSTECMA NBF CASTELLÓ,HOME,1680760,S. Carli Del Pino,SF,2131367,S. Basaez Narvaez,SF,2829993,G. Aiello,SF,2274867,L. De Giacomo,SF,2383616,F. Asemota Augustine,SF,2.3,141.0,0.0,7.0,-7.0,0.0,119.1,-119.1
2480274,22,979988,FUSTECMA NBF CASTELLÓ,HOME,1680760,S. Carli Del Pino,SF,2274867,L. De Giacomo,SF,2087212,L. Ruiz De La Hermosa Arce,SF,1460562,C. Perez Relancio,SF,1932094,J. Gomez Guimera,SF,2.7,163.0,4.0,8.0,-4.0,58.9,117.8,-58.9
2480274,22,979988,FUSTECMA NBF CASTELLÓ,HOME,1680760,S. Carli Del Pino,SF,2274867,L. De Giacomo,SF,2087212,L. Ruiz De La Hermosa Arce,SF,2144678,L. Jovena Meseguer,SF,1932094,J. Gomez Guimera,SF,2.0,119.0,3.0,7.0,-4.0,60.5,141.2,-80.7
2480274,22,979988,FUSTECMA NBF CASTELLÓ,HOME,1680760,S. Carli Del Pino,SF,2274867,L. De Giacomo,SF,2087212,L. Ruiz De La Hermosa Arce,SF,2383616,F. Asemota Augustine,SF,2144678,L. Jovena Meseguer,SF,2.4,142.0,4.0,2.0,2.0,67.6,33.8,33.8
2480274,22,979988,FUSTECMA NBF CASTELLÓ,HOME,1680760,S. Carli Del Pino,SF,2829993,G. Aiello,SF,2087212,L. Ruiz De La Hermosa Arce,SF,1460562,C. Perez Relancio,SF,1932094,J. Gomez Guimera,SF,0.9,57.0,3.0,2.0,1.0,126.3,84.2,42.1
2480274,22,979988,FUSTECMA NBF CASTELLÓ,HOME,1680760,S. Carli Del Pino,SF,2829993,G. Aiello,SF,2087212,L. Ruiz De La Hermosa Arce,SF,2144678,L. Jovena Meseguer,SF,1932094,J. Gomez Guimera,SF,1.2,70.0,3.0,4.0,-1.0,102.9,137.1,-34.3
2480274,22,979988,FUSTECMA NBF CASTELLÓ,HOME,1680760,S. Carli Del Pino,SF,2829993,G. Aiello,SF,2131367,S. Basaez Narvaez,SF,1460562,C. Perez Relancio,SF,1618451,L. Campos De Bengoa,SF,2.0,119.0,2.0,9.0,-7.0,40.3,181.5,-141.2
2480274,22,979988,FUSTECMA NBF CASTELLÓ,HOME,1680760,S. Carli Del Pino,SF,2829993,G. Aiello,SF,2131367,S. Basaez Narvaez,SF,2087212,L. Ruiz De La Hermosa Arce,SF,1460562,C. Perez Relancio,SF,1.5,91.0,2.0,4.0,-2.0,52.7,105.5,-52.7
2480274,22,979988,FUSTECMA NBF CASTELLÓ,HOME,1680760,S. Carli Del Pino,SF,2829993,G. Aiello,SF,2131367,S. Basaez Narvaez,SF,2087212,L. Ruiz De La Hermosa Arce,SF,2144678,L. Jovena Meseguer,SF,0.9,56.0,0.0,0.0,0.0,0.0,0.0,0.0
2480274,22,979988,FUSTECMA NBF CASTELLÓ,HOME,1680760,S. Carli Del Pino,SF,2829993,G. Aiello,SF,2131367,S. Basaez Narvaez,SF,2144678,L. Jovena Meseguer,SF,1618451,L. Campos De Bengoa,SF,7.2,432.0,15.0,11.0,4.0,83.3,61.1,22.2
2480274,22,979988,FUSTECMA NBF CASTELLÓ,HOME,1680760,S. Carli Del Pino,SF,2829993,G. Aiello,SF,2131367,S. Basaez Narvaez,SF,2144678,L. Jovena Meseguer,SF,1932094,J. Gomez Guimera,SF,2.4,142.0,4.0,5.0,-1.0,67.6,84.5,-16.9
2480274,22,979988,FUSTECMA NBF CASTELLÓ,HOME,1680760,S. Carli Del Pino,SF,2829993,G. Aiello,SF,2131367,S. Basaez Narvaez,SF,2274867,L. De Giacomo,SF,1618451,L. Campos De Bengoa,SF,5.7,343.0,4.0,7.0,-3.0,28.0,49.0,-21.0
2480274,22,979988,FUSTECMA NBF CASTELLÓ,HOME,1680760,S. Carli Del Pino,SF,2829993,G. Aiello,SF,2274867,L. De Giacomo,SF,2087212,L. Ruiz De La Hermosa Arce,SF,2383616,F. Asemota Augustine,SF,2.4,145.0,2.0,2.0,0.0,33.1,33.1,0.0
2480274,22,981492,CELTA  FEMXA ZORKA,AWAY,1898932,M. Gea Becerra,SF,2276545,M. Vizmanos Iglesis,SF,2121212,P. Salinas Mascuñana,SF,2814638,J. Kelliher,SF,2651124,A. Boquete Manna,SF,1.1,65.0,0.0,3.0,-3.0,0.0,110.8,-110.8
2480274,22,981492,CELTA  FEMXA ZORKA,AWAY,2049773,D. Bermejo Escribano,SF,2179984,U. Rodríguez Silva,SF,2276545,M. Vizmanos Iglesis,SF,2121212,P. Salinas Mascuñana,SF,2814638,J. Kelliher,SF,1.5,91.0,4.0,2.0,2.0,105.5,52.7,52.7
2480274,22,981492,CELTA  FEMXA ZORKA,AWAY,2049773,D. Bermejo Escribano,SF,2276545,M. Vizmanos Iglesis,SF,2121212,P. Salinas Mascuñana,SF,2814638,J. Kelliher,SF,2651124,A. Boquete Manna,SF,2.0,119.0,9.0,2.0,7.0,181.5,40.3,141.2
2480274,22,981492,CELTA  FEMXA ZORKA,AWAY,2179703,N. Martínez Quintana,SF,2049773,D. Bermejo Escribano,SF,1898932,M. Gea Becerra,SF,2179984,U. Rodríguez Silva,SF,2276545,M. Vizmanos Iglesis,SF,2.4,142.0,2.0,4.0,-2.0,33.8,67.6,-33.8
2480274,22,981492,CELTA  FEMXA ZORKA,AWAY,2644595,I. Vennema,SF,1898932,M. Gea Becerra,SF,2276545,M. Vizmanos Iglesis,SF,2121212,P. Salinas Mascuñana,SF,2814638,J. Kelliher,SF,4.3,258.0,15.0,6.0,9.0,139.5,55.8,83.7
2480274,22,981492,CELTA  FEMXA ZORKA,AWAY,2644595,I. Vennema,SF,2179703,N. Martínez Quintana,SF,2049773,D. Bermejo Escribano,SF,2179984,U. Rodríguez Silva,SF,2121212,P. Salinas Mascuñana,SF,3.1,188.0,2.0,2.0,0.0,25.5,25.5,0.0
2480274,22,981492,CELTA  FEMXA ZORKA,AWAY,2644595,I. Vennema,SF,2179984,U. Rodríguez Silva,SF,2121212,P. Salinas Mascuñana,SF,2814638,J. Kelliher,SF,2651124,A. Boquete Manna,SF,0.1,5.0,0.0,0.0,0.0,0.0,0.0,0.0
2480274,22,981492,CELTA  FEMXA ZORKA,AWAY,2743289,D. Cabrera Baccon,SF,2049773,D. Bermejo Escribano,SF,1898932,M. Gea Becerra,SF,2121212,P. Salinas Mascuñana,SF,2814638,J. Kelliher,SF,2.6,155.0,5.0,0.0,5.0,77.4,0.0,77.4
2480274,22,981492,CELTA  FEMXA ZORKA,AWAY,2743289,D. Cabrera Baccon,SF,2049773,D. Bermejo Escribano,SF,1898932,M. Gea Becerra,SF,2814638,J. Kelliher,SF,2651124,A. Boquete Manna,SF,0.9,56.0,0.0,0.0,0.0,0.0,0.0,0.0
2480274,22,981492,CELTA  FEMXA ZORKA,AWAY,2743289,D. Cabrera Baccon,SF,2049773,D. Bermejo Escribano,SF,2179984,U. Rodríguez Silva,SF,2814638,J. Kelliher,SF,2651124,A. Boquete Manna,SF,6.2,371.0,7.0,15.0,-8.0,45.3,97.0,-51.8
2480274,22,981492,CELTA  FEMXA ZORKA,AWAY,2743289,D. Cabrera Baccon,SF,2179984,U. Rodríguez Silva,SF,1898932,M. Gea Becerra,SF,2121212,P. Salinas Mascuñana,SF,2814638,J. Kelliher,SF,3.7,222.0,2.0,4.0,-2.0,21.6,43.2,-21.6
2480274,22,981492,CELTA  FEMXA ZORKA,AWAY,2743289,D. Cabrera Baccon,SF,2644595,I. Vennema,SF,1898932,M. Gea Becerra,SF,2276545,M. Vizmanos Iglesis,SF,2121212,P. Salinas Mascuñana,SF,7.5,452.0,20.0,18.0,2.0,106.2,95.6,10.6
2480274,22,981492,CELTA  FEMXA ZORKA,AWAY,2743289,D. Cabrera Baccon,SF,2644595,I. Vennema,SF,2049773,D. Bermejo Escribano,SF,2121212,P. Salinas Mascuñana,SF,2814638,J. Kelliher,SF,0.9,56.0,5.0,0.0,5.0,214.3,0.0,214.3
2480274,22,981492,CELTA  FEMXA ZORKA,AWAY,2743289,D. Cabrera Baccon,SF,2644595,I. Vennema,SF,2049773,D. Bermejo Escribano,SF,2276545,M. Vizmanos Iglesis,SF,2121212,P. Salinas Mascuñana,SF,3.7,220.0,11.0,4.0,7.0,120.0,43.6,76.4
2480275,22,979952,LA LAGUNA TOYOTA  ADAREVA,AWAY,1128614,I. Arregui Mariezcurrena,SF,1884959,M. Luque Caballero,SF,2432295,B. Stevanovic,SF,1613926,M. Gomez Fernandez,SF,2735173,M. Forsyth,SF,5.3,320.0,5.0,11.0,-6.0,37.5,82.5,-45.0
2480275,22,979952,LA LAGUNA TOYOTA  ADAREVA,AWAY,1128614,I. Arregui Mariezcurrena,SF,2246211,L. Yohann Siverio,SF,2432295,B. Stevanovic,SF,1613926,M. Gomez Fernandez,SF,2735173,M. Forsyth,SF,0.4,26.0,3.0,0.0,3.0,276.9,0.0,276.9
2480275,22,979952,LA LAGUNA TOYOTA  ADAREVA,AWAY,1128614,I. Arregui Mariezcurrena,SF,2816766,A. Coulibaly,SF,1884959,M. Luque Caballero,SF,2432295,B. Stevanovic,SF,1613926,M. Gomez Fernandez,SF,2.4,144.0,8.0,3.0,5.0,133.3,50.0,83.3
2480275,22,979952,LA LAGUNA TOYOTA  ADAREVA,AWAY,1128614,I. Arregui Mariezcurrena,SF,2816766,A. Coulibaly,SF,1884959,M. Luque Caballero,SF,2432295,B. Stevanovic,SF,2735173,M. Forsyth,SF,13.6,814.0,24.0,24.0,0.0,70.8,70.8,0.0
2480275,22,979952,LA LAGUNA TOYOTA  ADAREVA,AWAY,1128614,I. Arregui Mariezcurrena,SF,2816766,A. Coulibaly,SF,2246211,L. Yohann Siverio,SF,1613926,M. Gomez Fernandez,SF,2735173,M. Forsyth,SF,4.5,268.0,14.0,5.0,9.0,125.4,44.8,80.6
2480275,22,979952,LA LAGUNA TOYOTA  ADAREVA,AWAY,2151715,J. Nogués Martí,SF,1128614,I. Arregui Mariezcurrena,SF,1884959,M. Luque Caballero,SF,2432295,B. Stevanovic,SF,1613926,M. Gomez Fernandez,SF,0.3,19.0,0.0,2.0,-2.0,0.0,252.6,-252.6
2480275,22,979952,LA LAGUNA TOYOTA  ADAREVA,AWAY,2151715,J. Nogués Martí,SF,1884959,M. Luque Caballero,SF,1878753,N. Ibañez Silvestre,SF,2432295,B. Stevanovic,SF,1613926,M. Gomez Fernandez,SF,4.5,269.0,7.0,9.0,-2.0,62.5,80.3,-17.8
2480275,22,979952,LA LAGUNA TOYOTA  ADAREVA,AWAY,2151715,J. Nogués Martí,SF,1884959,M. Luque Caballero,SF,2432295,B. Stevanovic,SF,1613926,M. Gomez Fernandez,SF,2735173,M. Forsyth,SF,2.0,120.0,4.0,2.0,2.0,80.0,40.0,40.0
2480275,22,979952,LA LAGUNA TOYOTA  ADAREVA,AWAY,2151715,J. Nogués Martí,SF,2816766,A. Coulibaly,SF,1884959,M. Luque Caballero,SF,1878753,N. Ibañez Silvestre,SF,1613926,M. Gomez Fernandez,SF,0.8,46.0,2.0,2.0,0.0,104.3,104.3,0.0
2480275,22,979952,LA LAGUNA TOYOTA  ADAREVA,AWAY,2151715,J. Nogués Martí,SF,2816766,A. Coulibaly,SF,1884959,M. Luque Caballero,SF,2432295,B. Stevanovic,SF,1613926,M. Gomez Fernandez,SF,6.0,356.0,7.0,13.0,-6.0,47.2,87.6,-40.4
2480275,22,979952,LA LAGUNA TOYOTA  ADAREVA,AWAY,2816766,A. Coulibaly,SF,1884959,M. Luque Caballero,SF,2432295,B. Stevanovic,SF,1613926,M. Gomez Fernandez,SF,2735173,M. Forsyth,SF,0.3,18.0,2.0,0.0,2.0,266.7,0.0,266.7
2480275,22,981288,SERNOVA RENOVABLES REAL CANOE,HOME,2021397,A. Esnal Aguirre,SF,1787143,C. Mato De Prada,SF,1242234,C. Rodriguez Nuñez,SF,2866005,E. Zemoura,SF,1859345,L. Fleta Robles,SF,6.2,370.0,11.0,17.0,-6.0,71.4,110.3,-38.9
2480275,22,981288,SERNOVA RENOVABLES REAL CANOE,HOME,2097038,P. De Mier Espina,SF,1927626,C. Flores Garcia,SF,1242234,C. Rodriguez Nuñez,SF,2818945,O. Santana Moldavsky,SF,1859345,L. Fleta Robles,SF,0.8,52.0,0.0,3.0,-3.0,0.0,138.5,-138.5
2480275,22,981288,SERNOVA RENOVABLES REAL CANOE,HOME,2097038,P. De Mier Espina,SF,1927626,C. Flores Garcia,SF,1242234,C. Rodriguez Nuñez,SF,2866005,E. Zemoura,SF,1859345,L. Fleta Robles,SF,1.8,110.0,6.0,4.0,2.0,130.9,87.3,43.6
2480275,22,981288,SERNOVA RENOVABLES REAL CANOE,HOME,2097038,P. De Mier Espina,SF,2021397,A. Esnal Aguirre,SF,1787143,C. Mato De Prada,SF,1242234,C. Rodriguez Nuñez,SF,2866005,E. Zemoura,SF,8.3,496.0,18.0,11.0,7.0,87.1,53.2,33.9
2480275,22,981288,SERNOVA RENOVABLES REAL CANOE,HOME,2097038,P. De Mier Espina,SF,2021397,A. Esnal Aguirre,SF,1787143,C. Mato De Prada,SF,1927626,C. Flores Garcia,SF,2866005,E. Zemoura,SF,0.3,19.0,2.0,0.0,2.0,252.6,0.0,252.6
2480275,22,981288,SERNOVA RENOVABLES REAL CANOE,HOME,2097038,P. De Mier Espina,SF,2021397,A. Esnal Aguirre,SF,1787143,C. Mato De Prada,SF,2866005,E. Zemoura,SF,2818945,O. Santana Moldavsky,SF,3.0,178.0,6.0,7.0,-1.0,80.9,94.4,-13.5
2480275,22,981288,SERNOVA RENOVABLES REAL CANOE,HOME,2097038,P. De Mier Espina,SF,2021397,A. Esnal Aguirre,SF,1927626,C. Flores Garcia,SF,1242234,C. Rodriguez Nuñez,SF,2818945,O. Santana Moldavsky,SF,2.0,119.0,6.0,0.0,6.0,121.0,0.0,121.0
2480275,22,981288,SERNOVA RENOVABLES REAL CANOE,HOME,2097038,P. De Mier Espina,SF,2021397,A. Esnal Aguirre,SF,1927626,C. Flores Garcia,SF,1242234,C. Rodriguez Nuñez,SF,2866005,E. Zemoura,SF,6.2,370.0,10.0,10.0,0.0,64.9,64.9,0.0
2480275,22,981288,SERNOVA RENOVABLES REAL CANOE,HOME,2215525,T. Mbomio Ada,SF,2034380,A. Lozano Davila,SF,2097038,P. De Mier Espina,SF,2021397,A. Esnal Aguirre,SF,1787143,C. Mato De Prada,SF,3.2,194.0,4.0,6.0,-2.0,49.5,74.2,-24.7
2480275,22,981288,SERNOVA RENOVABLES REAL CANOE,HOME,2215525,T. Mbomio Ada,SF,2097038,P. De Mier Espina,SF,1787143,C. Mato De Prada,SF,1242234,C. Rodriguez Nuñez,SF,1859345,L. Fleta Robles,SF,1.3,77.0,0.0,0.0,0.0,0.0,0.0,0.0
2480275,22,981288,SERNOVA RENOVABLES REAL CANOE,HOME,2215525,T. Mbomio Ada,SF,2097038,P. De Mier Espina,SF,1927626,C. Flores Garcia,SF,1242234,C. Rodriguez Nuñez,SF,1859345,L. Fleta Robles,SF,1.0,59.0,0.0,2.0,-2.0,0.0,81.4,-81.4
2480275,22,981288,SERNOVA RENOVABLES REAL CANOE,HOME,2215525,T. Mbomio Ada,SF,2097038,P. De Mier Espina,SF,1927626,C. Flores Garcia,SF,2866005,E. Zemoura,SF,1859345,L. Fleta Robles,SF,1.1,63.0,0.0,4.0,-4.0,0.0,152.4,-152.4
2480275,22,981288,SERNOVA RENOVABLES REAL CANOE,HOME,2215525,T. Mbomio Ada,SF,2097038,P. De Mier Espina,SF,2021397,A. Esnal Aguirre,SF,1787143,C. Mato De Prada,SF,2866005,E. Zemoura,SF,2.3,137.0,4.0,4.0,0.0,70.1,70.1,0.0
2480275,22,981288,SERNOVA RENOVABLES REAL CANOE,HOME,2215525,T. Mbomio Ada,SF,2097038,P. De Mier Espina,SF,2021397,A. Esnal Aguirre,SF,1927626,C. Flores Garcia,SF,2866005,E. Zemoura,SF,2.6,156.0,4.0,8.0,-4.0,61.5,123.1,-61.5
2480276,22,979770,MELILLA CIUDAD DEL DEPORTE LA SALLE,HOME,1454479,A. Senosiain Vergarachea,SF,1829640,A. Sanchez Davila,SF,1587316,C. Caceres Ayala,SF,1715165,M. Torreblanca Ginel,SF,2648563,M. D'Urso Vallina,SF,0.1,4.0,0.0,2.0,-2.0,0.0,1200.0,-1200.0
2480276,22,979770,MELILLA CIUDAD DEL DEPORTE LA SALLE,HOME,1756623,A. Hernangomez Geuer,SF,1713801,C. Torrubia Cano,SF,1454479,A. Senosiain Vergarachea,SF,1829640,A. Sanchez Davila,SF,1715165,M. Torreblanca Ginel,SF,0.2,11.0,0.0,0.0,0.0,0.0,0.0,0.0
2480276,22,979770,MELILLA CIUDAD DEL DEPORTE LA SALLE,HOME,1756623,A. Hernangomez Geuer,SF,1946976,L. Moya Blanch,SF,1454479,A. Senosiain Vergarachea,SF,2814864,R. Monteiro Da Silva,SF,1587316,C. Caceres Ayala,SF,0.9,54.0,0.0,4.0,-4.0,0.0,177.8,-177.8
2480276,22,979770,MELILLA CIUDAD DEL DEPORTE LA SALLE,HOME,1756623,A. Hernangomez Geuer,SF,1946976,L. Moya Blanch,SF,1454479,A. Senosiain Vergarachea,SF,2814864,R. Monteiro Da Silva,SF,1715165,M. Torreblanca Ginel,SF,0.1,6.0,0.0,0.0,0.0,0.0,0.0,0.0
2480276,22,979770,MELILLA CIUDAD DEL DEPORTE LA SALLE,HOME,1756623,A. Hernangomez Geuer,SF,2104399,C. Garcia Muñoz,SF,1454479,A. Senosiain Vergarachea,SF,1587316,C. Caceres Ayala,SF,1715165,M. Torreblanca Ginel,SF,4.4,264.0,14.0,5.0,9.0,127.3,45.5,81.8
2480276,22,979770,MELILLA CIUDAD DEL DEPORTE LA SALLE,HOME,1756623,A. Hernangomez Geuer,SF,2104399,C. Garcia Muñoz,SF,1454479,A. Senosiain Vergarachea,SF,2814864,R. Monteiro Da Silva,SF,1587316,C. Caceres Ayala,SF,1.2,74.0,2.0,0.0,2.0,64.9,0.0,64.9
2480276,22,979770,MELILLA CIUDAD DEL DEPORTE LA SALLE,HOME,1756623,A. Hernangomez Geuer,SF,2104399,C. Garcia Muñoz,SF,1454479,A. Senosiain Vergarachea,SF,2814864,R. Monteiro Da Silva,SF,1715165,M. Torreblanca Ginel,SF,1.9,111.0,5.0,5.0,0.0,108.1,108.1,0.0
2480276,22,979770,MELILLA CIUDAD DEL DEPORTE LA SALLE,HOME,2104399,C. Garcia Muñoz,SF,1756623,A. Hernangomez Geuer,SF,1454479,A. Senosiain Vergarachea,SF,1587316,C. Caceres Ayala,SF,1715165,M. Torreblanca Ginel,SF,0.9,53.0,2.0,0.0,2.0,90.6,0.0,90.6
2480276,22,979770,MELILLA CIUDAD DEL DEPORTE LA SALLE,HOME,2104399,C. Garcia Muñoz,SF,1756623,A. Hernangomez Geuer,SF,1454479,A. Senosiain Vergarachea,SF,2814864,R. Monteiro Da Silva,SF,1587316,C. Caceres Ayala,SF,0.3,20.0,0.0,0.0,0.0,0.0,0.0,0.0
2480276,22,979770,MELILLA CIUDAD DEL DEPORTE LA SALLE,HOME,2104399,C. Garcia Muñoz,SF,1756623,A. Hernangomez Geuer,SF,1454479,A. Senosiain Vergarachea,SF,2814864,R. Monteiro Da Silva,SF,1715165,M. Torreblanca Ginel,SF,2.5,146.0,4.0,7.0,-3.0,65.8,115.1,-49.3
2480276,22,979770,MELILLA CIUDAD DEL DEPORTE LA SALLE,HOME,2104399,C. Garcia Muñoz,SF,1946976,L. Moya Blanch,SF,1454479,A. Senosiain Vergarachea,SF,1587316,C. Caceres Ayala,SF,1715165,M. Torreblanca Ginel,SF,7.3,439.0,8.0,6.0,2.0,43.7,32.8,10.9
2480276,22,979770,MELILLA CIUDAD DEL DEPORTE LA SALLE,HOME,2104399,C. Garcia Muñoz,SF,1946976,L. Moya Blanch,SF,1454479,A. Senosiain Vergarachea,SF,2814864,R. Monteiro Da Silva,SF,1587316,C. Caceres Ayala,SF,0.7,43.0,0.0,0.0,0.0,0.0,0.0,0.0
2480276,22,979770,MELILLA CIUDAD DEL DEPORTE LA SALLE,HOME,2104399,C. Garcia Muñoz,SF,1946976,L. Moya Blanch,SF,1454479,A. Senosiain Vergarachea,SF,2814864,R. Monteiro Da Silva,SF,1715165,M. Torreblanca Ginel,SF,1.0,62.0,2.0,0.0,2.0,77.4,0.0,77.4
2480276,22,979770,MELILLA CIUDAD DEL DEPORTE LA SALLE,HOME,2432929,M. Davydova,SF,1756623,A. Hernangomez Geuer,SF,1454479,A. Senosiain Vergarachea,SF,1829640,A. Sanchez Davila,SF,2814864,R. Monteiro Da Silva,SF,7.1,429.0,11.0,22.0,-11.0,61.5,123.1,-61.5
2480276,22,979770,MELILLA CIUDAD DEL DEPORTE LA SALLE,HOME,2432929,M. Davydova,SF,1756623,A. Hernangomez Geuer,SF,1454479,A. Senosiain Vergarachea,SF,2814864,R. Monteiro Da Silva,SF,1715165,M. Torreblanca Ginel,SF,1.4,83.0,3.0,2.0,1.0,86.7,57.8,28.9
2480276,22,979770,MELILLA CIUDAD DEL DEPORTE LA SALLE,HOME,2432929,M. Davydova,SF,1756623,A. Hernangomez Geuer,SF,1713801,C. Torrubia Cano,SF,1454479,A. Senosiain Vergarachea,SF,1829640,A. Sanchez Davila,SF,1.7,101.0,2.0,4.0,-2.0,47.5,95.0,-47.5
2480276,22,979770,MELILLA CIUDAD DEL DEPORTE LA SALLE,HOME,2432929,M. Davydova,SF,1946976,L. Moya Blanch,SF,1454479,A. Senosiain Vergarachea,SF,1829640,A. Sanchez Davila,SF,2814864,R. Monteiro Da Silva,SF,2.4,146.0,4.0,6.0,-2.0,65.8,98.6,-32.9
2480276,22,979770,MELILLA CIUDAD DEL DEPORTE LA SALLE,HOME,2432929,M. Davydova,SF,1946976,L. Moya Blanch,SF,1454479,A. Senosiain Vergarachea,SF,2814864,R. Monteiro Da Silva,SF,1715165,M. Torreblanca Ginel,SF,0.2,15.0,2.0,0.0,2.0,320.0,0.0,320.0
2480276,22,979770,MELILLA CIUDAD DEL DEPORTE LA SALLE,HOME,2432929,M. Davydova,SF,1946976,L. Moya Blanch,SF,1454479,A. Senosiain Vergarachea,SF,2814864,R. Monteiro Da Silva,SF,1829640,A. Sanchez Davila,SF,5.6,339.0,9.0,4.0,5.0,63.7,28.3,35.4
2480276,22,981346,LA CORDÁ DE PATERNA NB,AWAY,2049442,I. Broncano Avellaneda,SF,2173687,M. Llompart Perello,SF,1687305,L. Segura Moreno,SF,2024557,M. Bleda Ortega,SF,2561096,A. Prim Giro,SF,0.2,11.0,0.0,0.0,0.0,0.0,0.0,0.0
2480276,22,981346,LA CORDÁ DE PATERNA NB,AWAY,2049442,I. Broncano Avellaneda,SF,2173687,M. Llompart Perello,SF,1687305,L. Segura Moreno,SF,2864802,N. Lagowski,SF,2024557,M. Bleda Ortega,SF,0.1,4.0,2.0,0.0,2.0,1200.0,0.0,1200.0
2480276,22,981346,LA CORDÁ DE PATERNA NB,AWAY,2049442,I. Broncano Avellaneda,SF,2173687,M. Llompart Perello,SF,2864802,N. Lagowski,SF,2024557,M. Bleda Ortega,SF,2071471,P. Saravia Logroño,SF,1.2,70.0,0.0,0.0,0.0,0.0,0.0,0.0
2480276,22,981346,LA CORDÁ DE PATERNA NB,AWAY,2049442,I. Broncano Avellaneda,SF,2653963,A. Traore,SF,1687305,L. Segura Moreno,SF,2561096,A. Prim Giro,SF,2071471,P. Saravia Logroño,SF,1.6,96.0,0.0,0.0,0.0,0.0,0.0,0.0
2480276,22,981346,LA CORDÁ DE PATERNA NB,AWAY,2049442,I. Broncano Avellaneda,SF,2653963,A. Traore,SF,2024557,M. Bleda Ortega,SF,2561096,A. Prim Giro,SF,2071471,P. Saravia Logroño,SF,2.1,126.0,0.0,3.0,-3.0,0.0,57.1,-57.1
2480276,22,981346,LA CORDÁ DE PATERNA NB,AWAY,2049442,I. Broncano Avellaneda,SF,2653963,A. Traore,SF,2173687,M. Llompart Perello,SF,1687305,L. Segura Moreno,SF,2024557,M. Bleda Ortega,SF,14.0,845.0,28.0,28.0,0.0,79.5,79.5,0.0
2480276,22,981346,LA CORDÁ DE PATERNA NB,AWAY,2049442,I. Broncano Avellaneda,SF,2653963,A. Traore,SF,2173687,M. Llompart Perello,SF,1687305,L. Segura Moreno,SF,2071471,P. Saravia Logroño,SF,1.3,79.0,0.0,5.0,-5.0,0.0,151.9,-151.9
2480276,22,981346,LA CORDÁ DE PATERNA NB,AWAY,2049442,I. Broncano Avellaneda,SF,2653963,A. Traore,SF,2173687,M. Llompart Perello,SF,1687305,L. Segura Moreno,SF,2561096,A. Prim Giro,SF,0.7,40.0,2.0,0.0,2.0,120.0,0.0,120.0
2480276,22,981346,LA CORDÁ DE PATERNA NB,AWAY,2049442,I. Broncano Avellaneda,SF,2653963,A. Traore,SF,2864802,N. Lagowski,SF,2024557,M. Bleda Ortega,SF,2561096,A. Prim Giro,SF,1.4,87.0,7.0,3.0,4.0,193.1,82.8,110.3
2480276,22,981346,LA CORDÁ DE PATERNA NB,AWAY,2049442,I. Broncano Avellaneda,SF,2796302,P. Gabriel,SF,2173687,M. Llompart Perello,SF,1687305,L. Segura Moreno,SF,2024557,M. Bleda Ortega,SF,2.9,174.0,7.0,0.0,7.0,96.6,0.0,96.6
2480276,22,981346,LA CORDÁ DE PATERNA NB,AWAY,2049442,I. Broncano Avellaneda,SF,2796302,P. Gabriel,SF,2173687,M. Llompart Perello,SF,1687305,L. Segura Moreno,SF,2561096,A. Prim Giro,SF,0.7,44.0,0.0,3.0,-3.0,0.0,163.6,-163.6
2480276,22,981346,LA CORDÁ DE PATERNA NB,AWAY,2049442,I. Broncano Avellaneda,SF,2796302,P. Gabriel,SF,2864802,N. Lagowski,SF,2561096,A. Prim Giro,SF,2071471,P. Saravia Logroño,SF,1.6,93.0,2.0,4.0,-2.0,51.6,103.2,-51.6
2480276,22,981346,LA CORDÁ DE PATERNA NB,AWAY,2173687,M. Llompart Perello,SF,1687305,L. Segura Moreno,SF,2864802,N. Lagowski,SF,2024557,M. Bleda Ortega,SF,2071471,P. Saravia Logroño,SF,1.8,110.0,3.0,5.0,-2.0,65.5,109.1,-43.6
2480276,22,981346,LA CORDÁ DE PATERNA NB,AWAY,2173687,M. Llompart Perello,SF,1687305,L. Segura Moreno,SF,2864802,N. Lagowski,SF,2024557,M. Bleda Ortega,SF,2561096,A. Prim Giro,SF,0.5,28.0,0.0,2.0,-2.0,0.0,171.4,-171.4
2480276,22,981346,LA CORDÁ DE PATERNA NB,AWAY,2173687,M. Llompart Perello,SF,1687305,L. Segura Moreno,SF,2864802,N. Lagowski,SF,2561096,A. Prim Giro,SF,2071471,P. Saravia Logroño,SF,0.3,18.0,0.0,0.0,0.0,0.0,0.0,0.0
2480276,22,981346,LA CORDÁ DE PATERNA NB,AWAY,2653963,A. Traore,SF,2173687,M. Llompart Perello,SF,1687305,L. Segura Moreno,SF,2024557,M. Bleda Ortega,SF,2071471,P. Saravia Logroño,SF,1.1,64.0,0.0,0.0,0.0,0.0,0.0,0.0
2480276,22,981346,LA CORDÁ DE PATERNA NB,AWAY,2653963,A. Traore,SF,2173687,M. Llompart Perello,SF,2864802,N. Lagowski,SF,2024557,M. Bleda Ortega,SF,2561096,A. Prim Giro,SF,1.9,113.0,6.0,2.0,4.0,127.4,42.5,85.0
2480276,22,981346,LA CORDÁ DE PATERNA NB,AWAY,2653963,A. Traore,SF,2864802,N. Lagowski,SF,2024557,M. Bleda Ortega,SF,2561096,A. Prim Giro,SF,2071471,P. Saravia Logroño,SF,0.7,44.0,1.0,0.0,1.0,54.5,0.0,54.5
2480276,22,981346,LA CORDÁ DE PATERNA NB,AWAY,2796302,P. Gabriel,SF,1687305,L. Segura Moreno,SF,2024557,M. Bleda Ortega,SF,2561096,A. Prim Giro,SF,2071471,P. Saravia Logroño,SF,1.0,62.0,3.0,2.0,1.0,116.1,77.4,38.7
2480276,22,981346,LA CORDÁ DE PATERNA NB,AWAY,2796302,P. Gabriel,SF,1687305,L. Segura Moreno,SF,2864802,N. Lagowski,SF,2561096,A. Prim Giro,SF,2071471,P. Saravia Logroño,SF,1.2,73.0,0.0,2.0,-2.0,0.0,65.8,-65.8
2480276,22,981346,LA CORDÁ DE PATERNA NB,AWAY,2796302,P. Gabriel,SF,2173687,M. Llompart Perello,SF,1687305,L. Segura Moreno,SF,2561096,A. Prim Giro,SF,2071471,P. Saravia Logroño,SF,0.8,51.0,0.0,0.0,0.0,0.0,0.0,0.0
2480276,22,981346,LA CORDÁ DE PATERNA NB,AWAY,2796302,P. Gabriel,SF,2864802,N. Lagowski,SF,2024557,M. Bleda Ortega,SF,2561096,A. Prim Giro,SF,2071471,P. Saravia Logroño,SF,1.9,113.0,5.0,4.0,1.0,106.2,85.0,21.2
2480276,22,981346,LA CORDÁ DE PATERNA NB,AWAY,2864802,N. Lagowski,SF,1687305,L. Segura Moreno,SF,2024557,M. Bleda Ortega,SF,2561096,A. Prim Giro,SF,2071471,P. Saravia Logroño,SF,0.9,55.0,1.0,5.0,-4.0,43.6,218.2,-174.5
2480277,22,979912,DOMUSA TEKNIK ISB,AWAY,2364470,G. Leaupepe,SF,1826917,J. Azcue Jauregui,SF,2818813,E. Lalotte,SF,2021400,M. Gutierrez Ibañez,SF,2818816,I. Araújo Gouveia Vieira,SF,5.8,348.0,14.0,14.0,0.0,96.6,96.6,0.0
2480277,22,979912,DOMUSA TEKNIK ISB,AWAY,2364470,G. Leaupepe,SF,2021400,M. Gutierrez Ibañez,SF,2818813,E. Lalotte,SF,1721468,C. Villamor Aparicio,SF,2818816,I. Araújo Gouveia Vieira,SF,2.5,150.0,5.0,3.0,2.0,80.0,48.0,32.0
2480277,22,979912,DOMUSA TEKNIK ISB,AWAY,2818717,S. Van,SF,1721468,C. Villamor Aparicio,SF,1826917,J. Azcue Jauregui,SF,2021400,M. Gutierrez Ibañez,SF,2137901,M. Otaegi Albizu,SF,2.6,153.0,5.0,4.0,1.0,78.4,62.7,15.7
2480277,22,979912,DOMUSA TEKNIK ISB,AWAY,2818717,S. Van,SF,1721468,C. Villamor Aparicio,SF,1826917,J. Azcue Jauregui,SF,2818813,E. Lalotte,SF,2137901,M. Otaegi Albizu,SF,0.6,35.0,0.0,2.0,-2.0,0.0,137.1,-137.1
2480277,22,979912,DOMUSA TEKNIK ISB,AWAY,2818717,S. Van,SF,1721468,C. Villamor Aparicio,SF,2145033,A. Lizundia Arozena,SF,2021400,M. Gutierrez Ibañez,SF,2137901,M. Otaegi Albizu,SF,1.8,106.0,0.0,5.0,-5.0,0.0,113.2,-113.2
2480277,22,979912,DOMUSA TEKNIK ISB,AWAY,2818717,S. Van,SF,1721468,C. Villamor Aparicio,SF,2364470,G. Leaupepe,SF,1826917,J. Azcue Jauregui,SF,2818813,E. Lalotte,SF,1.8,107.0,0.0,7.0,-7.0,0.0,157.0,-157.0
2480277,22,979912,DOMUSA TEKNIK ISB,AWAY,2818717,S. Van,SF,1721468,C. Villamor Aparicio,SF,2364470,G. Leaupepe,SF,2021400,M. Gutierrez Ibañez,SF,2818816,I. Araújo Gouveia Vieira,SF,1.1,65.0,0.0,2.0,-2.0,0.0,73.8,-73.8
2480277,22,979912,DOMUSA TEKNIK ISB,AWAY,2818717,S. Van,SF,1894119,S. Iparraguirre Alustiza,SF,1826917,J. Azcue Jauregui,SF,2021400,M. Gutierrez Ibañez,SF,2818816,I. Araújo Gouveia Vieira,SF,0.9,55.0,2.0,0.0,2.0,87.3,0.0,87.3
2480277,22,979912,DOMUSA TEKNIK ISB,AWAY,2818717,S. Van,SF,1894119,S. Iparraguirre Alustiza,SF,1826917,J. Azcue Jauregui,SF,2818813,E. Lalotte,SF,2818816,I. Araújo Gouveia Vieira,SF,0.7,40.0,0.0,3.0,-3.0,0.0,180.0,-180.0
2480277,22,979912,DOMUSA TEKNIK ISB,AWAY,2818717,S. Van,SF,1894119,S. Iparraguirre Alustiza,SF,2145033,A. Lizundia Arozena,SF,2021400,M. Gutierrez Ibañez,SF,2818816,I. Araújo Gouveia Vieira,SF,0.5,30.0,0.0,2.0,-2.0,0.0,160.0,-160.0
2480277,22,979912,DOMUSA TEKNIK ISB,AWAY,2818717,S. Van,SF,1894119,S. Iparraguirre Alustiza,SF,2145033,A. Lizundia Arozena,SF,2818813,E. Lalotte,SF,2818816,I. Araújo Gouveia Vieira,SF,1.7,104.0,4.0,3.0,1.0,92.3,69.2,23.1
2480277,22,979912,DOMUSA TEKNIK ISB,AWAY,2818717,S. Van,SF,1894119,S. Iparraguirre Alustiza,SF,2364470,G. Leaupepe,SF,2021400,M. Gutierrez Ibañez,SF,2818816,I. Araújo Gouveia Vieira,SF,6.6,396.0,20.0,8.0,12.0,121.2,48.5,72.7
2480277,22,979912,DOMUSA TEKNIK ISB,AWAY,2818717,S. Van,SF,1894119,S. Iparraguirre Alustiza,SF,2364470,G. Leaupepe,SF,2818813,E. Lalotte,SF,1721468,C. Villamor Aparicio,SF,3.8,229.0,4.0,6.0,-2.0,41.9,62.9,-21.0
2480277,22,979912,DOMUSA TEKNIK ISB,AWAY,2818717,S. Van,SF,2137901,M. Otaegi Albizu,SF,1894119,S. Iparraguirre Alustiza,SF,2021400,M. Gutierrez Ibañez,SF,2818816,I. Araújo Gouveia Vieira,SF,2.9,175.0,6.0,4.0,2.0,82.3,54.9,27.4
2480277,22,979912,DOMUSA TEKNIK ISB,AWAY,2818717,S. Van,SF,2137901,M. Otaegi Albizu,SF,2818813,E. Lalotte,SF,1721468,C. Villamor Aparicio,SF,2818816,I. Araújo Gouveia Vieira,SF,2.7,165.0,3.0,0.0,3.0,43.6,0.0,43.6
2480277,22,979912,DOMUSA TEKNIK ISB,AWAY,2818717,S. Van,SF,2145033,A. Lizundia Arozena,SF,2021400,M. Gutierrez Ibañez,SF,2137901,M. Otaegi Albizu,SF,2818816,I. Araújo Gouveia Vieira,SF,1.7,100.0,4.0,4.0,0.0,96.0,96.0,0.0
2480277,22,979912,DOMUSA TEKNIK ISB,AWAY,2818717,S. Van,SF,2364470,G. Leaupepe,SF,1826917,J. Azcue Jauregui,SF,2021400,M. Gutierrez Ibañez,SF,2818816,I. Araújo Gouveia Vieira,SF,0.3,19.0,0.0,0.0,0.0,0.0,0.0,0.0
2480277,22,979912,DOMUSA TEKNIK ISB,AWAY,2818717,S. Van,SF,2364470,G. Leaupepe,SF,2145033,A. Lizundia Arozena,SF,2021400,M. Gutierrez Ibañez,SF,2818816,I. Araújo Gouveia Vieira,SF,2.0,123.0,7.0,5.0,2.0,136.6,97.6,39.0
2480277,22,981208,ALTER ENERSUN AL-QÁZERES EXTREMADURA,HOME,1860325,L. Fontela Cabaleiro,SF,2815153,V. Gauna,SF,1902336,N. Liste Alfonsin,SF,2815234,I. Tavares Ramos,SF,2432389,J. De Barros Filipe,SF,6.2,371.0,12.0,12.0,0.0,77.6,77.6,0.0
2480277,22,981208,ALTER ENERSUN AL-QÁZERES EXTREMADURA,HOME,2056237,L. Salmeron Segu,SF,1112483,L. Mendez Lamas,SF,2432389,J. De Barros Filipe,SF,1902336,N. Liste Alfonsin,SF,2815234,I. Tavares Ramos,SF,0.3,19.0,0.0,0.0,0.0,0.0,0.0,0.0
2480277,22,981208,ALTER ENERSUN AL-QÁZERES EXTREMADURA,HOME,2056237,L. Salmeron Segu,SF,1860325,L. Fontela Cabaleiro,SF,2432389,J. De Barros Filipe,SF,1902336,N. Liste Alfonsin,SF,1112483,L. Mendez Lamas,SF,0.0,2.0,2.0,0.0,2.0,2400.0,0.0,2400.0
2480277,22,981208,ALTER ENERSUN AL-QÁZERES EXTREMADURA,HOME,2056237,L. Salmeron Segu,SF,1860325,L. Fontela Cabaleiro,SF,2432389,J. De Barros Filipe,SF,1902336,N. Liste Alfonsin,SF,2815234,I. Tavares Ramos,SF,3.1,186.0,5.0,7.0,-2.0,64.5,90.3,-25.8
2480277,22,981208,ALTER ENERSUN AL-QÁZERES EXTREMADURA,HOME,2056237,L. Salmeron Segu,SF,1860325,L. Fontela Cabaleiro,SF,2815153,V. Gauna,SF,1902336,N. Liste Alfonsin,SF,2815234,I. Tavares Ramos,SF,1.8,111.0,2.0,4.0,-2.0,43.2,86.5,-43.2
2480277,22,981208,ALTER ENERSUN AL-QÁZERES EXTREMADURA,HOME,2056237,L. Salmeron Segu,SF,2735904,R. De Lima Viegas Laneiro,SF,1902336,N. Liste Alfonsin,SF,2432389,J. De Barros Filipe,SF,1889214,C. Prieto Pereda,SF,1.2,71.0,2.0,5.0,-3.0,67.6,169.0,-101.4
2480277,22,981208,ALTER ENERSUN AL-QÁZERES EXTREMADURA,HOME,2056237,L. Salmeron Segu,SF,2735904,R. De Lima Viegas Laneiro,SF,1902336,N. Liste Alfonsin,SF,2815234,I. Tavares Ramos,SF,2432389,J. De Barros Filipe,SF,1.1,65.0,0.0,0.0,0.0,0.0,0.0,0.0
2480277,22,981208,ALTER ENERSUN AL-QÁZERES EXTREMADURA,HOME,2056237,L. Salmeron Segu,SF,2735904,R. De Lima Viegas Laneiro,SF,2815153,V. Gauna,SF,1902336,N. Liste Alfonsin,SF,2432389,J. De Barros Filipe,SF,1.3,79.0,1.0,0.0,1.0,30.4,0.0,30.4
2480277,22,981208,ALTER ENERSUN AL-QÁZERES EXTREMADURA,HOME,2056237,L. Salmeron Segu,SF,2815153,V. Gauna,SF,1902336,N. Liste Alfonsin,SF,2432389,J. De Barros Filipe,SF,1889214,C. Prieto Pereda,SF,1.1,68.0,0.0,2.0,-2.0,0.0,70.6,-70.6
2480277,22,981208,ALTER ENERSUN AL-QÁZERES EXTREMADURA,HOME,2056237,L. Salmeron Segu,SF,2815153,V. Gauna,SF,2432389,J. De Barros Filipe,SF,1902336,N. Liste Alfonsin,SF,2815234,I. Tavares Ramos,SF,5.2,311.0,11.0,11.0,0.0,84.9,84.9,0.0
2480277,22,981208,ALTER ENERSUN AL-QÁZERES EXTREMADURA,HOME,2735904,R. De Lima Viegas Laneiro,SF,1112483,L. Mendez Lamas,SF,2432389,J. De Barros Filipe,SF,1902336,N. Liste Alfonsin,SF,2815234,I. Tavares Ramos,SF,3.0,179.0,12.0,3.0,9.0,160.9,40.2,120.7
2480277,22,981208,ALTER ENERSUN AL-QÁZERES EXTREMADURA,HOME,2735904,R. De Lima Viegas Laneiro,SF,1860325,L. Fontela Cabaleiro,SF,1112483,L. Mendez Lamas,SF,1902336,N. Liste Alfonsin,SF,1889214,C. Prieto Pereda,SF,2.3,137.0,2.0,5.0,-3.0,35.0,87.6,-52.6
2480277,22,981208,ALTER ENERSUN AL-QÁZERES EXTREMADURA,HOME,2735904,R. De Lima Viegas Laneiro,SF,1860325,L. Fontela Cabaleiro,SF,2432389,J. De Barros Filipe,SF,1902336,N. Liste Alfonsin,SF,2815234,I. Tavares Ramos,SF,3.7,221.0,5.0,7.0,-2.0,54.3,76.0,-21.7
2480277,22,981208,ALTER ENERSUN AL-QÁZERES EXTREMADURA,HOME,2735904,R. De Lima Viegas Laneiro,SF,1860325,L. Fontela Cabaleiro,SF,2815153,V. Gauna,SF,1112483,L. Mendez Lamas,SF,1902336,N. Liste Alfonsin,SF,2.1,122.0,7.0,0.0,7.0,137.7,0.0,137.7
2480277,22,981208,ALTER ENERSUN AL-QÁZERES EXTREMADURA,HOME,2735904,R. De Lima Viegas Laneiro,SF,1860325,L. Fontela Cabaleiro,SF,2815153,V. Gauna,SF,2432389,J. De Barros Filipe,SF,1902336,N. Liste Alfonsin,SF,5.1,307.0,11.0,12.0,-1.0,86.0,93.8,-7.8
2480277,22,981208,ALTER ENERSUN AL-QÁZERES EXTREMADURA,HOME,2735904,R. De Lima Viegas Laneiro,SF,2432389,J. De Barros Filipe,SF,1902336,N. Liste Alfonsin,SF,1112483,L. Mendez Lamas,SF,2815234,I. Tavares Ramos,SF,2.5,151.0,0.0,6.0,-6.0,0.0,95.4,-95.4
2480278,22,979919,RECOLETAS ZAMORA,HOME,1599354,A. Tainta Lizalde,SF,1516234,A. Moyano Medina,SF,1259670,B. Sanchez Marrufo,SF,2239381,D. Angel Villen,SF,1942017,A. Martin Tejedor,SF,8.3,495.0,22.0,11.0,11.0,106.7,53.3,53.3
2480278,22,979919,RECOLETAS ZAMORA,HOME,1599354,A. Tainta Lizalde,SF,1516234,A. Moyano Medina,SF,2239381,D. Angel Villen,SF,1942017,A. Martin Tejedor,SF,1160361,S. Laborda Cimas,SF,2.1,125.0,2.0,4.0,-2.0,38.4,76.8,-38.4
2480278,22,979919,RECOLETAS ZAMORA,HOME,1599354,A. Tainta Lizalde,SF,1516234,A. Moyano Medina,SF,2239381,D. Angel Villen,SF,1942017,A. Martin Tejedor,SF,1828742,I. Gimenez Monserrat,SF,7.1,430.0,14.0,12.0,2.0,78.1,67.0,11.2
2480278,22,979919,RECOLETAS ZAMORA,HOME,1599354,A. Tainta Lizalde,SF,1516234,A. Moyano Medina,SF,2432306,F. Niski Castelao,SF,1259670,B. Sanchez Marrufo,SF,1942017,A. Martin Tejedor,SF,1.6,95.0,6.0,2.0,4.0,151.6,50.5,101.1
2480278,22,979919,RECOLETAS ZAMORA,HOME,1599354,A. Tainta Lizalde,SF,1516234,A. Moyano Medina,SF,2432306,F. Niski Castelao,SF,2239381,D. Angel Villen,SF,1942017,A. Martin Tejedor,SF,2.1,126.0,7.0,3.0,4.0,133.3,57.1,76.2
2480278,22,979919,RECOLETAS ZAMORA,HOME,1599354,A. Tainta Lizalde,SF,1516234,A. Moyano Medina,SF,2432306,F. Niski Castelao,SF,2817152,F. Filor,SF,1942017,A. Martin Tejedor,SF,6.9,411.0,11.0,13.0,-2.0,64.2,75.9,-11.7
2480278,22,979919,RECOLETAS ZAMORA,HOME,1599354,A. Tainta Lizalde,SF,1516234,A. Moyano Medina,SF,2817152,F. Filor,SF,1942017,A. Martin Tejedor,SF,2110765,A. Perez Relancio,SF,2.9,176.0,0.0,7.0,-7.0,0.0,95.5,-95.5
2480278,22,979919,RECOLETAS ZAMORA,HOME,1599354,A. Tainta Lizalde,SF,1516234,A. Moyano Medina,SF,2817152,F. Filor,SF,2239381,D. Angel Villen,SF,1942017,A. Martin Tejedor,SF,1.2,68.0,3.0,0.0,3.0,105.9,0.0,105.9
2480278,22,979919,RECOLETAS ZAMORA,HOME,1599354,A. Tainta Lizalde,SF,1516234,A. Moyano Medina,SF,2817152,F. Filor,SF,2432306,F. Niski Castelao,SF,1942017,A. Martin Tejedor,SF,2.4,141.0,8.0,2.0,6.0,136.2,34.0,102.1
2480278,22,979919,RECOLETAS ZAMORA,HOME,1599354,A. Tainta Lizalde,SF,2817152,F. Filor,SF,1516234,A. Moyano Medina,SF,2432306,F. Niski Castelao,SF,2110765,A. Perez Relancio,SF,4.2,256.0,9.0,4.0,5.0,84.4,37.5,46.9
2480278,22,979919,RECOLETAS ZAMORA,HOME,1599354,A. Tainta Lizalde,SF,2817152,F. Filor,SF,1516234,A. Moyano Medina,SF,2432306,F. Niski Castelao,SF,2239381,D. Angel Villen,SF,1.3,77.0,4.0,0.0,4.0,124.7,0.0,124.7
2480278,22,981242,C.B. SANTFELIUENC,AWAY,2050086,M. Muñoz Moyano,SF,2155489,X. Salzmann Romeu,SF,2190844,S. Pares Vilaseca,SF,2864042,K. Trehub,SF,2082005,G. Senalle Borrell,SF,2.4,141.0,2.0,8.0,-6.0,34.0,136.2,-102.1
2480278,22,981242,C.B. SANTFELIUENC,AWAY,2050086,M. Muñoz Moyano,SF,2257209,A. Segura Freixenet,SF,2155489,X. Salzmann Romeu,SF,2190844,S. Pares Vilaseca,SF,2082005,G. Senalle Borrell,SF,2.1,125.0,4.0,2.0,2.0,76.8,38.4,38.4
2480278,22,981242,C.B. SANTFELIUENC,AWAY,2050086,M. Muñoz Moyano,SF,2257209,A. Segura Freixenet,SF,2155489,X. Salzmann Romeu,SF,2190844,S. Pares Vilaseca,SF,2316215,C. Catalan Pacheco,SF,1.5,92.0,0.0,3.0,-3.0,0.0,78.3,-78.3
2480278,22,981242,C.B. SANTFELIUENC,AWAY,2050086,M. Muñoz Moyano,SF,2257209,A. Segura Freixenet,SF,2155489,X. Salzmann Romeu,SF,2190844,S. Pares Vilaseca,SF,2864042,K. Trehub,SF,9.4,567.0,14.0,18.0,-4.0,59.3,76.2,-16.9
2480278,22,981242,C.B. SANTFELIUENC,AWAY,2050086,M. Muñoz Moyano,SF,2257209,A. Segura Freixenet,SF,2155489,X. Salzmann Romeu,SF,2316215,C. Catalan Pacheco,SF,2864042,K. Trehub,SF,3.0,182.0,6.0,4.0,2.0,79.1,52.7,26.4
2480278,22,981242,C.B. SANTFELIUENC,AWAY,2050086,M. Muñoz Moyano,SF,2257209,A. Segura Freixenet,SF,2864042,K. Trehub,SF,2155489,X. Salzmann Romeu,SF,2190844,S. Pares Vilaseca,SF,1.4,80.0,3.0,4.0,-1.0,90.0,120.0,-30.0
2480278,22,981242,C.B. SANTFELIUENC,AWAY,2050086,M. Muñoz Moyano,SF,2257209,A. Segura Freixenet,SF,2864042,K. Trehub,SF,2190844,S. Pares Vilaseca,SF,2082005,G. Senalle Borrell,SF,2.9,173.0,6.0,4.0,2.0,83.2,55.5,27.7
2480278,22,981242,C.B. SANTFELIUENC,AWAY,2050086,M. Muñoz Moyano,SF,2314846,F. Belloundja Chibane,SF,2155489,X. Salzmann Romeu,SF,2190844,S. Pares Vilaseca,SF,2316215,C. Catalan Pacheco,SF,2.4,144.0,2.0,9.0,-7.0,33.3,150.0,-116.7
2480278,22,981242,C.B. SANTFELIUENC,AWAY,2050086,M. Muñoz Moyano,SF,2314846,F. Belloundja Chibane,SF,2257209,A. Segura Freixenet,SF,2155489,X. Salzmann Romeu,SF,2316215,C. Catalan Pacheco,SF,1.6,94.0,3.0,5.0,-2.0,76.6,127.7,-51.1
2480278,22,981242,C.B. SANTFELIUENC,AWAY,2050086,M. Muñoz Moyano,SF,2314846,F. Belloundja Chibane,SF,2257209,A. Segura Freixenet,SF,2190844,S. Pares Vilaseca,SF,2316215,C. Catalan Pacheco,SF,0.9,57.0,4.0,0.0,4.0,168.4,0.0,168.4
2480278,22,981242,C.B. SANTFELIUENC,AWAY,2050086,M. Muñoz Moyano,SF,2314846,F. Belloundja Chibane,SF,2257209,A. Segura Freixenet,SF,2864042,K. Trehub,SF,2190844,S. Pares Vilaseca,SF,1.2,71.0,2.0,2.0,0.0,67.6,67.6,0.0
2480278,22,981242,C.B. SANTFELIUENC,AWAY,2050086,M. Muñoz Moyano,SF,2864042,K. Trehub,SF,2155489,X. Salzmann Romeu,SF,2190844,S. Pares Vilaseca,SF,2082005,G. Senalle Borrell,SF,1.6,95.0,2.0,6.0,-4.0,50.5,151.6,-101.1
2480278,22,981242,C.B. SANTFELIUENC,AWAY,2257209,A. Segura Freixenet,SF,2155489,X. Salzmann Romeu,SF,2190844,S. Pares Vilaseca,SF,2316215,C. Catalan Pacheco,SF,2864042,K. Trehub,SF,1.5,91.0,0.0,4.0,-4.0,0.0,105.5,-105.5
2480278,22,981242,C.B. SANTFELIUENC,AWAY,2257209,A. Segura Freixenet,SF,2864042,K. Trehub,SF,2155489,X. Salzmann Romeu,SF,2190844,S. Pares Vilaseca,SF,2316215,C. Catalan Pacheco,SF,2.1,127.0,4.0,4.0,0.0,75.6,75.6,0.0
2480278,22,981242,C.B. SANTFELIUENC,AWAY,2314846,F. Belloundja Chibane,SF,2155489,X. Salzmann Romeu,SF,2190844,S. Pares Vilaseca,SF,2316215,C. Catalan Pacheco,SF,2864042,K. Trehub,SF,0.8,46.0,0.0,3.0,-3.0,0.0,156.5,-156.5
2480278,22,981242,C.B. SANTFELIUENC,AWAY,2314846,F. Belloundja Chibane,SF,2155489,X. Salzmann Romeu,SF,2190844,S. Pares Vilaseca,SF,2864042,K. Trehub,SF,2082005,G. Senalle Borrell,SF,1.7,102.0,2.0,0.0,2.0,47.1,0.0,47.1
2480278,22,981242,C.B. SANTFELIUENC,AWAY,2314846,F. Belloundja Chibane,SF,2257209,A. Segura Freixenet,SF,2155489,X. Salzmann Romeu,SF,2190844,S. Pares Vilaseca,SF,2316215,C. Catalan Pacheco,SF,3.6,213.0,4.0,10.0,-6.0,45.1,112.7,-67.6
2480279,22,981213,AZULMARINO MALLORCA PALMA,HOME,2791252,A. Bulgak,SF,2793759,J. Asinde,SF,2815892,A. Siciliano,SF,975683,A. Torrens Salom,SF,1083354,M. España Almendro,SF,30.2,1800.0,71.0,43.0,28.0,94.7,57.3,37.3
2480279,22,981213,AZULMARINO MALLORCA PALMA,HOME,2791252,A. Bulgak,SF,2793759,J. Asinde,SF,2815892,A. Siciliano,SF,975683,A. Torrens Salom,SF,1865395,M. Garcia Mateo,SF,4.3,252.0,12.0,9.0,3.0,114.3,85.7,28.6
2480279,22,981213,AZULMARINO MALLORCA PALMA,HOME,2791252,A. Bulgak,SF,2793759,J. Asinde,SF,975683,A. Torrens Salom,SF,1865395,M. Garcia Mateo,SF,1434977,C. Grande Pardo,SF,0.5,27.0,0.0,0.0,0.0,0.0,0.0,0.0
2480279,22,981213,AZULMARINO MALLORCA PALMA,HOME,2791252,A. Bulgak,SF,975683,A. Torrens Salom,SF,1865395,M. Garcia Mateo,SF,1434977,C. Grande Pardo,SF,1527601,I. Junio Mbulito,SF,5.3,321.0,12.0,9.0,3.0,89.7,67.3,22.4
2480279,22,981356,BOSONIT UNIBASKET,AWAY,1626810,C. Aldecoa Rodriguez,SF,1834784,E. Florez Pascual,SF,2819119,T. Sedláková,SF,1678734,M. Llorente Ruiz,SF,1821692,M. Alonso Guadaño,SF,2.2,132.0,5.0,2.0,3.0,90.9,36.4,54.5
2480279,22,981356,BOSONIT UNIBASKET,AWAY,1626810,C. Aldecoa Rodriguez,SF,1834784,E. Florez Pascual,SF,2819119,T. Sedláková,SF,2561556,C. Sañudo Trillo,SF,1821692,M. Alonso Guadaño,SF,1.3,78.0,2.0,7.0,-5.0,61.5,215.4,-153.8
2480279,22,981356,BOSONIT UNIBASKET,AWAY,1626810,C. Aldecoa Rodriguez,SF,1834784,E. Florez Pascual,SF,2819121,H. Forster,SF,1678734,M. Llorente Ruiz,SF,2151019,N. Padrosa Mons,SF,0.9,54.0,0.0,3.0,-3.0,0.0,133.3,-133.3
2480279,22,981356,BOSONIT UNIBASKET,AWAY,1626810,C. Aldecoa Rodriguez,SF,2819121,H. Forster,SF,1678734,M. Llorente Ruiz,SF,2735759,L. Van Schaik,SF,2151019,N. Padrosa Mons,SF,1.1,63.0,4.0,3.0,1.0,152.4,114.3,38.1
2480279,22,981356,BOSONIT UNIBASKET,AWAY,1626810,C. Aldecoa Rodriguez,SF,2819121,H. Forster,SF,1778980,I. Losada Gonzalez-Babe,SF,2735759,L. Van Schaik,SF,1821692,M. Alonso Guadaño,SF,1.0,59.0,2.0,2.0,0.0,81.4,81.4,0.0
2480279,22,981356,BOSONIT UNIBASKET,AWAY,1626810,C. Aldecoa Rodriguez,SF,2819121,H. Forster,SF,1834784,E. Florez Pascual,SF,1778980,I. Losada Gonzalez-Babe,SF,2151019,N. Padrosa Mons,SF,0.3,16.0,0.0,0.0,0.0,0.0,0.0,0.0
2480279,22,981356,BOSONIT UNIBASKET,AWAY,1626810,C. Aldecoa Rodriguez,SF,2819121,H. Forster,SF,1834784,E. Florez Pascual,SF,2735759,L. Van Schaik,SF,2151019,N. Padrosa Mons,SF,2.5,147.0,4.0,3.0,1.0,65.3,49.0,16.3
2480279,22,981356,BOSONIT UNIBASKET,AWAY,1834784,E. Florez Pascual,SF,1626810,C. Aldecoa Rodriguez,SF,2819121,H. Forster,SF,1678734,M. Llorente Ruiz,SF,2735759,L. Van Schaik,SF,1.6,96.0,2.0,7.0,-5.0,50.0,175.0,-125.0
2480279,22,981356,BOSONIT UNIBASKET,AWAY,1834784,E. Florez Pascual,SF,2819119,T. Sedláková,SF,2561556,C. Sañudo Trillo,SF,2735759,L. Van Schaik,SF,1821692,M. Alonso Guadaño,SF,1.6,93.0,3.0,2.0,1.0,77.4,51.6,25.8
2480279,22,981356,BOSONIT UNIBASKET,AWAY,1834784,E. Florez Pascual,SF,2819121,H. Forster,SF,1678734,M. Llorente Ruiz,SF,2735759,L. Van Schaik,SF,1821692,M. Alonso Guadaño,SF,0.5,30.0,0.0,0.0,0.0,0.0,0.0,0.0
2480279,22,981356,BOSONIT UNIBASKET,AWAY,1834784,E. Florez Pascual,SF,2819121,H. Forster,SF,1678734,M. Llorente Ruiz,SF,2735759,L. Van Schaik,SF,2151019,N. Padrosa Mons,SF,1.3,76.0,2.0,3.0,-1.0,63.2,94.7,-31.6
2480279,22,981356,BOSONIT UNIBASKET,AWAY,1834784,E. Florez Pascual,SF,2819121,H. Forster,SF,2735759,L. Van Schaik,SF,2151019,N. Padrosa Mons,SF,1821692,M. Alonso Guadaño,SF,0.2,12.0,0.0,0.0,0.0,0.0,0.0,0.0
2480279,22,981356,BOSONIT UNIBASKET,AWAY,1834784,E. Florez Pascual,SF,2819121,H. Forster,SF,2735759,L. Van Schaik,SF,2561556,C. Sañudo Trillo,SF,1821692,M. Alonso Guadaño,SF,0.5,28.0,3.0,2.0,1.0,257.1,171.4,85.7
2480279,22,981356,BOSONIT UNIBASKET,AWAY,2819119,T. Sedláková,SF,1626810,C. Aldecoa Rodriguez,SF,1778980,I. Losada Gonzalez-Babe,SF,2735759,L. Van Schaik,SF,1821692,M. Alonso Guadaño,SF,3.2,193.0,7.0,8.0,-1.0,87.0,99.5,-12.4
2480279,22,981356,BOSONIT UNIBASKET,AWAY,2819119,T. Sedláková,SF,1626810,C. Aldecoa Rodriguez,SF,2735759,L. Van Schaik,SF,1821692,M. Alonso Guadaño,SF,1834784,E. Florez Pascual,SF,1.6,96.0,0.0,2.0,-2.0,0.0,50.0,-50.0
2480279,22,981356,BOSONIT UNIBASKET,AWAY,2819119,T. Sedláková,SF,1678734,M. Llorente Ruiz,SF,1778980,I. Losada Gonzalez-Babe,SF,2151019,N. Padrosa Mons,SF,1821692,M. Alonso Guadaño,SF,2.3,138.0,2.0,2.0,0.0,34.8,34.8,0.0
2480279,22,981356,BOSONIT UNIBASKET,AWAY,2819119,T. Sedláková,SF,1678734,M. Llorente Ruiz,SF,2561556,C. Sañudo Trillo,SF,1778980,I. Losada Gonzalez-Babe,SF,1821692,M. Alonso Guadaño,SF,1.9,112.0,2.0,0.0,2.0,42.9,0.0,42.9
2480279,22,981356,BOSONIT UNIBASKET,AWAY,2819119,T. Sedláková,SF,1834784,E. Florez Pascual,SF,1626810,C. Aldecoa Rodriguez,SF,1678734,M. Llorente Ruiz,SF,2735759,L. Van Schaik,SF,4.2,251.0,8.0,10.0,-2.0,76.5,95.6,-19.1
2480279,22,981356,BOSONIT UNIBASKET,AWAY,2819119,T. Sedláková,SF,1834784,E. Florez Pascual,SF,1626810,C. Aldecoa Rodriguez,SF,2151019,N. Padrosa Mons,SF,2735759,L. Van Schaik,SF,1.4,84.0,0.0,4.0,-4.0,0.0,114.3,-114.3
2480279,22,981356,BOSONIT UNIBASKET,AWAY,2819119,T. Sedláková,SF,1834784,E. Florez Pascual,SF,1626810,C. Aldecoa Rodriguez,SF,2735759,L. Van Schaik,SF,1821692,M. Alonso Guadaño,SF,1.8,109.0,3.0,8.0,-5.0,66.1,176.1,-110.1
2480279,22,981356,BOSONIT UNIBASKET,AWAY,2819119,T. Sedláková,SF,2561556,C. Sañudo Trillo,SF,1778980,I. Losada Gonzalez-Babe,SF,2151019,N. Padrosa Mons,SF,1821692,M. Alonso Guadaño,SF,1.1,66.0,0.0,2.0,-2.0,0.0,72.7,-72.7
2480279,22,981356,BOSONIT UNIBASKET,AWAY,2819121,H. Forster,SF,1678734,M. Llorente Ruiz,SF,1778980,I. Losada Gonzalez-Babe,SF,2151019,N. Padrosa Mons,SF,1821692,M. Alonso Guadaño,SF,0.8,47.0,3.0,3.0,0.0,153.2,153.2,0.0
2480279,22,981356,BOSONIT UNIBASKET,AWAY,2819121,H. Forster,SF,1678734,M. Llorente Ruiz,SF,1778980,I. Losada Gonzalez-Babe,SF,2735759,L. Van Schaik,SF,1821692,M. Alonso Guadaño,SF,0.0,1.0,0.0,1.0,-1.0,0.0,2400.0,-2400.0
2480279,22,981356,BOSONIT UNIBASKET,AWAY,2819121,H. Forster,SF,1778980,I. Losada Gonzalez-Babe,SF,2735759,L. Van Schaik,SF,2151019,N. Padrosa Mons,SF,1821692,M. Alonso Guadaño,SF,1.5,92.0,0.0,2.0,-2.0,0.0,52.2,-52.2
2480279,22,981356,BOSONIT UNIBASKET,AWAY,2819121,H. Forster,SF,1834784,E. Florez Pascual,SF,1678734,M. Llorente Ruiz,SF,2561556,C. Sañudo Trillo,SF,1821692,M. Alonso Guadaño,SF,1.1,64.0,3.0,5.0,-2.0,112.5,187.5,-75.0
2480279,22,981356,BOSONIT UNIBASKET,AWAY,2819121,H. Forster,SF,1834784,E. Florez Pascual,SF,1678734,M. Llorente Ruiz,SF,2735759,L. Van Schaik,SF,2151019,N. Padrosa Mons,SF,1.2,73.0,0.0,3.0,-3.0,0.0,98.6,-98.6
2480279,22,981356,BOSONIT UNIBASKET,AWAY,2819121,H. Forster,SF,2561556,C. Sañudo Trillo,SF,1778980,I. Losada Gonzalez-Babe,SF,2151019,N. Padrosa Mons,SF,1821692,M. Alonso Guadaño,SF,3.2,190.0,6.0,11.0,-5.0,75.8,138.9,-63.2
2480280,22,981306,CAJASOL BALONCESTO SEVILLA FEMENINO,HOME,2791616,L. Vorphal,SF,2867807,F. Pouye,SF,1993036,I. Rios Rus,SF,1999405,N. Anitua Garcia,SF,1836643,E. Fernandez Rubio,SF,22.5,1357.0,28.0,48.0,-20.0,49.5,84.9,-35.4
2480280,22,981306,CAJASOL BALONCESTO SEVILLA FEMENINO,HOME,2791616,L. Vorphal,SF,2867807,F. Pouye,SF,1999405,N. Anitua Garcia,SF,1836643,E. Fernandez Rubio,SF,2053354,F. Gassama Dansoko,SF,11.4,681.0,13.0,19.0,-6.0,45.8,67.0,-21.1
2480280,22,981306,CAJASOL BALONCESTO SEVILLA FEMENINO,HOME,2791616,L. Vorphal,SF,2867807,F. Pouye,SF,1999405,N. Anitua Garcia,SF,2053354,F. Gassama Dansoko,SF,1522827,M. Recio Gonzalez,SF,0.6,37.0,0.0,0.0,0.0,0.0,0.0,0.0
2480280,22,981306,CAJASOL BALONCESTO SEVILLA FEMENINO,HOME,2791616,L. Vorphal,SF,2867807,F. Pouye,SF,1999405,N. Anitua Garcia,SF,2053354,F. Gassama Dansoko,SF,1695079,A. Vendrell Girbes,SF,5.4,325.0,10.0,11.0,-1.0,73.8,81.2,-7.4
2480280,22,981334,UNICAJA MIJAS,AWAY,1884837,M. Roters Dubinina,SF,1723860,S. Galeron Alvarez,SF,2012623,S. Lo Sylla,SF,1949233,A. Orois Aznarez,SF,1994192,E. Moreno Fernandez,SF,4.2,249.0,6.0,8.0,-2.0,57.8,77.1,-19.3
2480280,22,981334,UNICAJA MIJAS,AWAY,1884837,M. Roters Dubinina,SF,1723860,S. Galeron Alvarez,SF,2012623,S. Lo Sylla,SF,2643500,C. Capellan Santana,SF,1954737,E. Puiggros Rovira,SF,2.1,126.0,2.0,0.0,2.0,38.1,0.0,38.1
2480280,22,981334,UNICAJA MIJAS,AWAY,2096249,T. Eke Benitez,SF,1884837,M. Roters Dubinina,SF,1723860,S. Galeron Alvarez,SF,1949233,A. Orois Aznarez,SF,1994192,E. Moreno Fernandez,SF,9.2,558.0,15.0,12.0,3.0,64.5,51.6,12.9
2480280,22,981334,UNICAJA MIJAS,AWAY,2096249,T. Eke Benitez,SF,1884837,M. Roters Dubinina,SF,1723860,S. Galeron Alvarez,SF,1949233,A. Orois Aznarez,SF,2643500,C. Capellan Santana,SF,1.2,72.0,2.0,4.0,-2.0,66.7,133.3,-66.7
2480280,22,981334,UNICAJA MIJAS,AWAY,2096249,T. Eke Benitez,SF,1884837,M. Roters Dubinina,SF,1723860,S. Galeron Alvarez,SF,2643500,C. Capellan Santana,SF,1954737,E. Puiggros Rovira,SF,0.3,20.0,2.0,0.0,2.0,240.0,0.0,240.0
2480280,22,981334,UNICAJA MIJAS,AWAY,2096249,T. Eke Benitez,SF,2643500,C. Capellan Santana,SF,1884837,M. Roters Dubinina,SF,2413042,C. Guillen Uriguen,SF,1954737,E. Puiggros Rovira,SF,3.4,206.0,5.0,8.0,-3.0,58.3,93.2,-35.0
2480280,22,981334,UNICAJA MIJAS,AWAY,2096249,T. Eke Benitez,SF,2646984,L. Rivers,SF,1884837,M. Roters Dubinina,SF,1949233,A. Orois Aznarez,SF,1994192,E. Moreno Fernandez,SF,0.8,49.0,0.0,2.0,-2.0,0.0,98.0,-98.0
2480280,22,981334,UNICAJA MIJAS,AWAY,2096249,T. Eke Benitez,SF,2646984,L. Rivers,SF,1884837,M. Roters Dubinina,SF,1954737,E. Puiggros Rovira,SF,1994192,E. Moreno Fernandez,SF,0.5,28.0,2.0,0.0,2.0,171.4,0.0,171.4
2480280,22,981334,UNICAJA MIJAS,AWAY,2643500,C. Capellan Santana,SF,1884837,M. Roters Dubinina,SF,1723860,S. Galeron Alvarez,SF,2012623,S. Lo Sylla,SF,1949233,A. Orois Aznarez,SF,2.2,135.0,3.0,0.0,3.0,53.3,0.0,53.3
2480280,22,981334,UNICAJA MIJAS,AWAY,2643500,C. Capellan Santana,SF,1884837,M. Roters Dubinina,SF,1723860,S. Galeron Alvarez,SF,2012623,S. Lo Sylla,SF,1954737,E. Puiggros Rovira,SF,1.0,60.0,7.0,0.0,7.0,280.0,0.0,280.0
2480280,22,981334,UNICAJA MIJAS,AWAY,2643500,C. Capellan Santana,SF,1884837,M. Roters Dubinina,SF,2413042,C. Guillen Uriguen,SF,1723860,S. Galeron Alvarez,SF,1954737,E. Puiggros Rovira,SF,1.6,94.0,5.0,5.0,0.0,127.7,127.7,0.0
2480280,22,981334,UNICAJA MIJAS,AWAY,2643500,C. Capellan Santana,SF,2096249,T. Eke Benitez,SF,1884837,M. Roters Dubinina,SF,1723860,S. Galeron Alvarez,SF,1954737,E. Puiggros Rovira,SF,1.2,72.0,0.0,0.0,0.0,0.0,0.0,0.0
2480280,22,981334,UNICAJA MIJAS,AWAY,2643500,C. Capellan Santana,SF,2096249,T. Eke Benitez,SF,2646984,L. Rivers,SF,1884837,M. Roters Dubinina,SF,1954737,E. Puiggros Rovira,SF,3.8,230.0,8.0,0.0,8.0,83.5,0.0,83.5
2480280,22,981334,UNICAJA MIJAS,AWAY,2643500,C. Capellan Santana,SF,2646984,L. Rivers,SF,1884837,M. Roters Dubinina,SF,2012623,S. Lo Sylla,SF,1954737,E. Puiggros Rovira,SF,3.3,197.0,5.0,6.0,-1.0,60.9,73.1,-12.2
2480280,22,981334,UNICAJA MIJAS,AWAY,2646984,L. Rivers,SF,1884837,M. Roters Dubinina,SF,2012623,S. Lo Sylla,SF,1954737,E. Puiggros Rovira,SF,1994192,E. Moreno Fernandez,SF,0.3,17.0,0.0,0.0,0.0,0.0,0.0,0.0
2480280,22,981334,UNICAJA MIJAS,AWAY,2646984,L. Rivers,SF,1884837,M. Roters Dubinina,SF,2012623,S. Lo Sylla,SF,1994192,E. Moreno Fernandez,SF,2272398,M. Segura Diaz Larrauri,SF,0.2,12.0,3.0,0.0,3.0,600.0,0.0,600.0
2480280,22,981334,UNICAJA MIJAS,AWAY,2646984,L. Rivers,SF,1884837,M. Roters Dubinina,SF,2012623,S. Lo Sylla,SF,2643500,C. Capellan Santana,SF,1954737,E. Puiggros Rovira,SF,4.6,275.0,13.0,6.0,7.0,113.5,52.4,61.1
2480281,23,981206,MCR LIMA-HORTA BARCELONA,HOME,1494221,L. Soler Madariaga,SF,1908281,M. Aguado Tortella,SF,1886093,E. Escuder Gonzalez,SF,1912814,N. Barrientos Pereira,SF,2042157,C. Ripoll Moya,SF,0.4,26.0,0.0,0.0,0.0,0.0,0.0,0.0
2480281,23,981206,MCR LIMA-HORTA BARCELONA,HOME,2049841,E. Trawally Porta,SF,1494221,L. Soler Madariaga,SF,1908281,M. Aguado Tortella,SF,1886093,E. Escuder Gonzalez,SF,1958425,L. Roig I Salrach,SF,2.4,142.0,8.0,2.0,6.0,135.2,33.8,101.4
2480281,23,981206,MCR LIMA-HORTA BARCELONA,HOME,2049841,E. Trawally Porta,SF,1494221,L. Soler Madariaga,SF,1908281,M. Aguado Tortella,SF,1959765,J. Rueda Choni,SF,1912814,N. Barrientos Pereira,SF,1.6,100.0,1.0,4.0,-3.0,24.0,96.0,-72.0
2480281,23,981206,MCR LIMA-HORTA BARCELONA,HOME,2049841,E. Trawally Porta,SF,1494221,L. Soler Madariaga,SF,1908281,M. Aguado Tortella,SF,1959765,J. Rueda Choni,SF,1958425,L. Roig I Salrach,SF,7.0,416.0,9.0,13.0,-4.0,51.9,75.0,-23.1
2480281,23,981206,MCR LIMA-HORTA BARCELONA,HOME,2049841,E. Trawally Porta,SF,1494221,L. Soler Madariaga,SF,1958425,L. Roig I Salrach,SF,1912814,N. Barrientos Pereira,SF,2042157,C. Ripoll Moya,SF,3.2,193.0,5.0,4.0,1.0,62.2,49.7,12.4
2480281,23,981206,MCR LIMA-HORTA BARCELONA,HOME,2049841,E. Trawally Porta,SF,1908281,M. Aguado Tortella,SF,1959765,J. Rueda Choni,SF,1958425,L. Roig I Salrach,SF,2042157,C. Ripoll Moya,SF,2.9,172.0,4.0,8.0,-4.0,55.8,111.6,-55.8
2480281,23,981206,MCR LIMA-HORTA BARCELONA,HOME,2235190,E. Morales López,SF,1494221,L. Soler Madariaga,SF,1908281,M. Aguado Tortella,SF,1886093,E. Escuder Gonzalez,SF,1958425,L. Roig I Salrach,SF,0.7,43.0,0.0,0.0,0.0,0.0,0.0,0.0
2480281,23,981206,MCR LIMA-HORTA BARCELONA,HOME,2235190,E. Morales López,SF,1494221,L. Soler Madariaga,SF,1908281,M. Aguado Tortella,SF,1959765,J. Rueda Choni,SF,1958425,L. Roig I Salrach,SF,1.2,70.0,0.0,3.0,-3.0,0.0,102.9,-102.9
2480281,23,981206,MCR LIMA-HORTA BARCELONA,HOME,2235190,E. Morales López,SF,1494221,L. Soler Madariaga,SF,1959765,J. Rueda Choni,SF,1958425,L. Roig I Salrach,SF,1912814,N. Barrientos Pereira,SF,1.6,93.0,2.0,4.0,-2.0,51.6,103.2,-51.6
2480281,23,981206,MCR LIMA-HORTA BARCELONA,HOME,2235190,E. Morales López,SF,2049841,E. Trawally Porta,SF,1908281,M. Aguado Tortella,SF,1958425,L. Roig I Salrach,SF,1912814,N. Barrientos Pereira,SF,2.4,145.0,4.0,3.0,1.0,66.2,49.7,16.6
2480281,23,981206,MCR LIMA-HORTA BARCELONA,HOME,2235190,E. Morales López,SF,2049841,E. Trawally Porta,SF,1908281,M. Aguado Tortella,SF,1959765,J. Rueda Choni,SF,1912814,N. Barrientos Pereira,SF,3.6,218.0,9.0,7.0,2.0,99.1,77.1,22.0
2480281,23,981206,MCR LIMA-HORTA BARCELONA,HOME,2235190,E. Morales López,SF,2049841,E. Trawally Porta,SF,1908281,M. Aguado Tortella,SF,1959765,J. Rueda Choni,SF,1958425,L. Roig I Salrach,SF,1.2,71.0,1.0,2.0,-1.0,33.8,67.6,-33.8
2480281,23,981206,MCR LIMA-HORTA BARCELONA,HOME,2235190,E. Morales López,SF,2049841,E. Trawally Porta,SF,1908281,M. Aguado Tortella,SF,1959765,J. Rueda Choni,SF,2042157,C. Ripoll Moya,SF,5.8,351.0,7.0,11.0,-4.0,47.9,75.2,-27.4
2480281,23,981206,MCR LIMA-HORTA BARCELONA,HOME,2235190,E. Morales López,SF,2049841,E. Trawally Porta,SF,1959765,J. Rueda Choni,SF,1958425,L. Roig I Salrach,SF,1912814,N. Barrientos Pereira,SF,0.9,54.0,0.0,0.0,0.0,0.0,0.0,0.0
2480281,23,981206,MCR LIMA-HORTA BARCELONA,HOME,2235190,E. Morales López,SF,2049841,E. Trawally Porta,SF,1959765,J. Rueda Choni,SF,1958425,L. Roig I Salrach,SF,2042157,C. Ripoll Moya,SF,5.2,306.0,8.0,8.0,0.0,62.7,62.7,0.0
2480281,23,981306,CAJASOL BALONCESTO SEVILLA FEMENINO,AWAY,2791616,L. Vorphal,SF,2004240,N. Sanchez Robayo,SF,2867807,F. Pouye,SF,1993036,I. Rios Rus,SF,1999405,N. Anitua Garcia,SF,21.9,1308.0,43.0,31.0,12.0,78.9,56.9,22.0
2480281,23,981306,CAJASOL BALONCESTO SEVILLA FEMENINO,AWAY,2791616,L. Vorphal,SF,2004240,N. Sanchez Robayo,SF,2867807,F. Pouye,SF,1999405,N. Anitua Garcia,SF,1836643,E. Fernandez Rubio,SF,3.9,233.0,0.0,4.0,-4.0,0.0,41.2,-41.2
2480281,23,981306,CAJASOL BALONCESTO SEVILLA FEMENINO,AWAY,2791616,L. Vorphal,SF,2867807,F. Pouye,SF,1999405,N. Anitua Garcia,SF,1836643,E. Fernandez Rubio,SF,2053354,F. Gassama Dansoko,SF,9.4,563.0,13.0,17.0,-4.0,55.4,72.5,-17.1
2480281,23,981306,CAJASOL BALONCESTO SEVILLA FEMENINO,AWAY,2791616,L. Vorphal,SF,2867807,F. Pouye,SF,1999405,N. Anitua Garcia,SF,2053354,F. Gassama Dansoko,SF,1723585,A. Morales Sancho,SF,4.9,296.0,13.0,6.0,7.0,105.4,48.6,56.8
2480282,23,981213,AZULMARINO MALLORCA PALMA,AWAY,2791252,A. Bulgak,SF,2793759,J. Asinde,SF,2815892,A. Siciliano,SF,975683,A. Torrens Salom,SF,1083354,M. España Almendro,SF,26.0,1569.0,59.0,41.0,18.0,90.2,62.7,27.5
2480282,23,981213,AZULMARINO MALLORCA PALMA,AWAY,2791252,A. Bulgak,SF,2793759,J. Asinde,SF,975683,A. Torrens Salom,SF,1083354,M. España Almendro,SF,1865395,M. Garcia Mateo,SF,5.6,340.0,11.0,7.0,4.0,77.6,49.4,28.2
2480282,23,981213,AZULMARINO MALLORCA PALMA,AWAY,2791252,A. Bulgak,SF,975683,A. Torrens Salom,SF,1083354,M. España Almendro,SF,1865395,M. Garcia Mateo,SF,1434977,C. Grande Pardo,SF,2.3,140.0,3.0,1.0,2.0,51.4,17.1,34.3
2480282,23,981213,AZULMARINO MALLORCA PALMA,AWAY,2791252,A. Bulgak,SF,975683,A. Torrens Salom,SF,1865395,M. Garcia Mateo,SF,1434977,C. Grande Pardo,SF,1527601,I. Junio Mbulito,SF,5.9,351.0,13.0,11.0,2.0,88.9,75.2,13.7
2480282,23,981334,UNICAJA MIJAS,HOME,1884837,M. Roters Dubinina,SF,1723860,S. Galeron Alvarez,SF,2012623,S. Lo Sylla,SF,1949233,A. Orois Aznarez,SF,2643500,C. Capellan Santana,SF,8.7,527.0,9.0,15.0,-6.0,41.0,68.3,-27.3
2480282,23,981334,UNICAJA MIJAS,HOME,1884837,M. Roters Dubinina,SF,1723860,S. Galeron Alvarez,SF,2012623,S. Lo Sylla,SF,2643500,C. Capellan Santana,SF,1954737,E. Puiggros Rovira,SF,3.2,190.0,3.0,11.0,-8.0,37.9,138.9,-101.1
2480282,23,981334,UNICAJA MIJAS,HOME,1884837,M. Roters Dubinina,SF,2012623,S. Lo Sylla,SF,1949233,A. Orois Aznarez,SF,2643500,C. Capellan Santana,SF,1994192,E. Moreno Fernandez,SF,0.6,36.0,0.0,2.0,-2.0,0.0,133.3,-133.3
2480282,23,981334,UNICAJA MIJAS,HOME,1884837,M. Roters Dubinina,SF,2012623,S. Lo Sylla,SF,2643500,C. Capellan Santana,SF,1954737,E. Puiggros Rovira,SF,1994192,E. Moreno Fernandez,SF,1.1,64.0,3.0,2.0,1.0,112.5,75.0,37.5
2480282,23,981334,UNICAJA MIJAS,HOME,2096249,T. Eke Benitez,SF,1884837,M. Roters Dubinina,SF,1723860,S. Galeron Alvarez,SF,1954737,E. Puiggros Rovira,SF,1994192,E. Moreno Fernandez,SF,9.9,599.0,19.0,17.0,2.0,76.1,68.1,8.0
2480282,23,981334,UNICAJA MIJAS,HOME,2096249,T. Eke Benitez,SF,1884837,M. Roters Dubinina,SF,1723860,S. Galeron Alvarez,SF,2643500,C. Capellan Santana,SF,1954737,E. Puiggros Rovira,SF,0.5,28.0,0.0,0.0,0.0,0.0,0.0,0.0
2480282,23,981334,UNICAJA MIJAS,HOME,2096249,T. Eke Benitez,SF,1884837,M. Roters Dubinina,SF,2643500,C. Capellan Santana,SF,1954737,E. Puiggros Rovira,SF,1994192,E. Moreno Fernandez,SF,0.8,50.0,0.0,5.0,-5.0,0.0,240.0,-240.0
2480282,23,981334,UNICAJA MIJAS,HOME,2096249,T. Eke Benitez,SF,2646984,L. Rivers,SF,1884837,M. Roters Dubinina,SF,1949233,A. Orois Aznarez,SF,2643500,C. Capellan Santana,SF,10.8,648.0,21.0,17.0,4.0,77.8,63.0,14.8
2480282,23,981334,UNICAJA MIJAS,HOME,2096249,T. Eke Benitez,SF,2646984,L. Rivers,SF,1884837,M. Roters Dubinina,SF,1954737,E. Puiggros Rovira,SF,1994192,E. Moreno Fernandez,SF,2.4,144.0,2.0,8.0,-6.0,33.3,133.3,-100.0
2480282,23,981334,UNICAJA MIJAS,HOME,2096249,T. Eke Benitez,SF,2646984,L. Rivers,SF,1884837,M. Roters Dubinina,SF,2643500,C. Capellan Santana,SF,1954737,E. Puiggros Rovira,SF,1.8,114.0,3.0,9.0,-6.0,63.2,189.5,-126.3
2480283,23,979919,RECOLETAS ZAMORA,AWAY,1599354,A. Tainta Lizalde,SF,1516234,A. Moyano Medina,SF,1259670,B. Sanchez Marrufo,SF,1942017,A. Martin Tejedor,SF,2239381,D. Angel Villen,SF,7.3,433.0,14.0,9.0,5.0,77.6,49.9,27.7
2480283,23,979919,RECOLETAS ZAMORA,AWAY,1599354,A. Tainta Lizalde,SF,1516234,A. Moyano Medina,SF,1942017,A. Martin Tejedor,SF,2110765,A. Perez Relancio,SF,2047146,M. Fernandez Muñoz,SF,5.3,322.0,9.0,9.0,0.0,67.1,67.1,0.0
2480283,23,979919,RECOLETAS ZAMORA,AWAY,1599354,A. Tainta Lizalde,SF,1516234,A. Moyano Medina,SF,1942017,A. Martin Tejedor,SF,2239381,D. Angel Villen,SF,1828742,I. Gimenez Monserrat,SF,0.9,53.0,0.0,5.0,-5.0,0.0,226.4,-226.4
2480283,23,979919,RECOLETAS ZAMORA,AWAY,1599354,A. Tainta Lizalde,SF,1516234,A. Moyano Medina,SF,1942017,A. Martin Tejedor,SF,2239381,D. Angel Villen,SF,2047146,M. Fernandez Muñoz,SF,0.8,50.0,0.0,0.0,0.0,0.0,0.0,0.0
2480283,23,979919,RECOLETAS ZAMORA,AWAY,1599354,A. Tainta Lizalde,SF,1516234,A. Moyano Medina,SF,1942017,A. Martin Tejedor,SF,2239381,D. Angel Villen,SF,2110765,A. Perez Relancio,SF,2.5,150.0,2.0,2.0,0.0,32.0,32.0,0.0
2480283,23,979919,RECOLETAS ZAMORA,AWAY,1599354,A. Tainta Lizalde,SF,1516234,A. Moyano Medina,SF,1942017,A. Martin Tejedor,SF,2239381,D. Angel Villen,SF,2734310,E. Resende Carregosa,SF,4.2,256.0,9.0,3.0,6.0,84.4,28.1,56.2
2480283,23,979919,RECOLETAS ZAMORA,AWAY,1599354,A. Tainta Lizalde,SF,1516234,A. Moyano Medina,SF,1942017,A. Martin Tejedor,SF,2734310,E. Resende Carregosa,SF,2110765,A. Perez Relancio,SF,1.0,60.0,5.0,0.0,5.0,200.0,0.0,200.0
2480283,23,979919,RECOLETAS ZAMORA,AWAY,1599354,A. Tainta Lizalde,SF,1516234,A. Moyano Medina,SF,2432306,F. Niski Castelao,SF,1259670,B. Sanchez Marrufo,SF,1942017,A. Martin Tejedor,SF,0.1,3.0,0.0,0.0,0.0,0.0,0.0,0.0
2480283,23,979919,RECOLETAS ZAMORA,AWAY,1599354,A. Tainta Lizalde,SF,1516234,A. Moyano Medina,SF,2432306,F. Niski Castelao,SF,1942017,A. Martin Tejedor,SF,2110765,A. Perez Relancio,SF,0.8,46.0,0.0,0.0,0.0,0.0,0.0,0.0
2480283,23,979919,RECOLETAS ZAMORA,AWAY,1599354,A. Tainta Lizalde,SF,1516234,A. Moyano Medina,SF,2432306,F. Niski Castelao,SF,1942017,A. Martin Tejedor,SF,2239381,D. Angel Villen,SF,4.0,238.0,4.0,5.0,-1.0,40.3,50.4,-10.1
2480283,23,979919,RECOLETAS ZAMORA,AWAY,1599354,A. Tainta Lizalde,SF,1516234,A. Moyano Medina,SF,2432306,F. Niski Castelao,SF,1942017,A. Martin Tejedor,SF,2734310,E. Resende Carregosa,SF,0.9,52.0,3.0,0.0,3.0,138.5,0.0,138.5
2480283,23,979919,RECOLETAS ZAMORA,AWAY,1599354,A. Tainta Lizalde,SF,1516234,A. Moyano Medina,SF,2817152,F. Filor,SF,1942017,A. Martin Tejedor,SF,2734310,E. Resende Carregosa,SF,0.9,56.0,0.0,2.0,-2.0,0.0,85.7,-85.7
2480283,23,979919,RECOLETAS ZAMORA,AWAY,1599354,A. Tainta Lizalde,SF,1516234,A. Moyano Medina,SF,2817152,F. Filor,SF,2432306,F. Niski Castelao,SF,1942017,A. Martin Tejedor,SF,1.1,67.0,2.0,6.0,-4.0,71.6,214.9,-143.3
2480283,23,979919,RECOLETAS ZAMORA,AWAY,1599354,A. Tainta Lizalde,SF,1942017,A. Martin Tejedor,SF,2239381,D. Angel Villen,SF,2734310,E. Resende Carregosa,SF,1828742,I. Gimenez Monserrat,SF,4.7,280.0,12.0,6.0,6.0,102.9,51.4,51.4
2480283,23,979919,RECOLETAS ZAMORA,AWAY,1599354,A. Tainta Lizalde,SF,1942017,A. Martin Tejedor,SF,2734310,E. Resende Carregosa,SF,2110765,A. Perez Relancio,SF,1259670,B. Sanchez Marrufo,SF,1.3,76.0,6.0,2.0,4.0,189.5,63.2,126.3
2480283,23,979919,RECOLETAS ZAMORA,AWAY,1599354,A. Tainta Lizalde,SF,1942017,A. Martin Tejedor,SF,2734310,E. Resende Carregosa,SF,2110765,A. Perez Relancio,SF,2047146,M. Fernandez Muñoz,SF,0.1,7.0,0.0,0.0,0.0,0.0,0.0,0.0
2480283,23,979919,RECOLETAS ZAMORA,AWAY,1599354,A. Tainta Lizalde,SF,2817152,F. Filor,SF,1516234,A. Moyano Medina,SF,2432306,F. Niski Castelao,SF,1942017,A. Martin Tejedor,SF,1.1,67.0,0.0,3.0,-3.0,0.0,107.5,-107.5
2480283,23,979919,RECOLETAS ZAMORA,AWAY,1599354,A. Tainta Lizalde,SF,2817152,F. Filor,SF,2432306,F. Niski Castelao,SF,2110765,A. Perez Relancio,SF,2047146,M. Fernandez Muñoz,SF,3.1,184.0,4.0,10.0,-6.0,52.2,130.4,-78.3
2480283,23,981356,BOSONIT UNIBASKET,HOME,1626810,C. Aldecoa Rodriguez,SF,2819119,T. Sedláková,SF,1678734,M. Llorente Ruiz,SF,1778980,I. Losada Gonzalez-Babe,SF,2151019,N. Padrosa Mons,SF,2.0,127.0,0.0,3.0,-3.0,0.0,56.7,-56.7
2480283,23,981356,BOSONIT UNIBASKET,HOME,1626810,C. Aldecoa Rodriguez,SF,2819119,T. Sedláková,SF,1678734,M. Llorente Ruiz,SF,2151019,N. Padrosa Mons,SF,1834784,E. Florez Pascual,SF,0.1,6.0,0.0,1.0,-1.0,0.0,400.0,-400.0
2480283,23,981356,BOSONIT UNIBASKET,HOME,1626810,C. Aldecoa Rodriguez,SF,2819119,T. Sedláková,SF,1778980,I. Losada Gonzalez-Babe,SF,2735759,L. Van Schaik,SF,2151019,N. Padrosa Mons,SF,0.4,26.0,0.0,2.0,-2.0,0.0,184.6,-184.6
2480283,23,981356,BOSONIT UNIBASKET,HOME,1626810,C. Aldecoa Rodriguez,SF,2819119,T. Sedláková,SF,2735759,L. Van Schaik,SF,1821692,M. Alonso Guadaño,SF,1834784,E. Florez Pascual,SF,4.3,261.0,7.0,11.0,-4.0,64.4,101.1,-36.8
2480283,23,981356,BOSONIT UNIBASKET,HOME,1626810,C. Aldecoa Rodriguez,SF,2819119,T. Sedláková,SF,2735759,L. Van Schaik,SF,2151019,N. Padrosa Mons,SF,1834784,E. Florez Pascual,SF,1.8,105.0,5.0,0.0,5.0,114.3,0.0,114.3
2480283,23,981356,BOSONIT UNIBASKET,HOME,1626810,C. Aldecoa Rodriguez,SF,2819121,H. Forster,SF,1678734,M. Llorente Ruiz,SF,1778980,I. Losada Gonzalez-Babe,SF,2151019,N. Padrosa Mons,SF,0.3,16.0,0.0,0.0,0.0,0.0,0.0,0.0
2480283,23,981356,BOSONIT UNIBASKET,HOME,1626810,C. Aldecoa Rodriguez,SF,2819121,H. Forster,SF,1678734,M. Llorente Ruiz,SF,1778980,I. Losada Gonzalez-Babe,SF,2561556,C. Sañudo Trillo,SF,0.9,52.0,1.0,0.0,1.0,46.2,0.0,46.2
2480283,23,981356,BOSONIT UNIBASKET,HOME,1626810,C. Aldecoa Rodriguez,SF,2819121,H. Forster,SF,1678734,M. Llorente Ruiz,SF,1778980,I. Losada Gonzalez-Babe,SF,2735759,L. Van Schaik,SF,1.7,102.0,0.0,4.0,-4.0,0.0,94.1,-94.1
2480283,23,981356,BOSONIT UNIBASKET,HOME,1626810,C. Aldecoa Rodriguez,SF,2819121,H. Forster,SF,1778980,I. Losada Gonzalez-Babe,SF,2151019,N. Padrosa Mons,SF,2561556,C. Sañudo Trillo,SF,0.5,31.0,0.0,0.0,0.0,0.0,0.0,0.0
2480283,23,981356,BOSONIT UNIBASKET,HOME,1626810,C. Aldecoa Rodriguez,SF,2819121,H. Forster,SF,1778980,I. Losada Gonzalez-Babe,SF,2735759,L. Van Schaik,SF,1821692,M. Alonso Guadaño,SF,1.6,98.0,0.0,7.0,-7.0,0.0,171.4,-171.4
2480283,23,981356,BOSONIT UNIBASKET,HOME,1626810,C. Aldecoa Rodriguez,SF,2819121,H. Forster,SF,2735759,L. Van Schaik,SF,1821692,M. Alonso Guadaño,SF,1834784,E. Florez Pascual,SF,1.6,99.0,3.0,0.0,3.0,72.7,0.0,72.7
2480283,23,981356,BOSONIT UNIBASKET,HOME,1626810,C. Aldecoa Rodriguez,SF,2819121,H. Forster,SF,2735759,L. Van Schaik,SF,2151019,N. Padrosa Mons,SF,1834784,E. Florez Pascual,SF,1.9,113.0,8.0,2.0,6.0,169.9,42.5,127.4
2480283,23,981356,BOSONIT UNIBASKET,HOME,1678734,M. Llorente Ruiz,SF,1778980,I. Losada Gonzalez-Babe,SF,2735759,L. Van Schaik,SF,1821692,M. Alonso Guadaño,SF,1834784,E. Florez Pascual,SF,0.7,43.0,2.0,0.0,2.0,111.6,0.0,111.6
2480283,23,981356,BOSONIT UNIBASKET,HOME,1834784,E. Florez Pascual,SF,1626810,C. Aldecoa Rodriguez,SF,1678734,M. Llorente Ruiz,SF,1778980,I. Losada Gonzalez-Babe,SF,2735759,L. Van Schaik,SF,0.1,3.0,0.0,0.0,0.0,0.0,0.0,0.0
2480283,23,981356,BOSONIT UNIBASKET,HOME,1834784,E. Florez Pascual,SF,2819121,H. Forster,SF,1678734,M. Llorente Ruiz,SF,2735759,L. Van Schaik,SF,1821692,M. Alonso Guadaño,SF,1.8,105.0,2.0,5.0,-3.0,45.7,114.3,-68.6
2480283,23,981356,BOSONIT UNIBASKET,HOME,1834784,E. Florez Pascual,SF,2819121,H. Forster,SF,2735759,L. Van Schaik,SF,2151019,N. Padrosa Mons,SF,1821692,M. Alonso Guadaño,SF,2.8,168.0,2.0,2.0,0.0,28.6,28.6,0.0
2480283,23,981356,BOSONIT UNIBASKET,HOME,2819119,T. Sedláková,SF,1626810,C. Aldecoa Rodriguez,SF,1678734,M. Llorente Ruiz,SF,2735759,L. Van Schaik,SF,1834784,E. Florez Pascual,SF,5.7,337.0,13.0,15.0,-2.0,92.6,106.8,-14.2
2480283,23,981356,BOSONIT UNIBASKET,HOME,2819119,T. Sedláková,SF,1834784,E. Florez Pascual,SF,1626810,C. Aldecoa Rodriguez,SF,1678734,M. Llorente Ruiz,SF,2735759,L. Van Schaik,SF,1.6,95.0,2.0,6.0,-4.0,50.5,151.6,-101.1
2480283,23,981356,BOSONIT UNIBASKET,HOME,2819119,T. Sedláková,SF,2735759,L. Van Schaik,SF,2151019,N. Padrosa Mons,SF,1821692,M. Alonso Guadaño,SF,1834784,E. Florez Pascual,SF,4.3,257.0,10.0,0.0,10.0,93.4,0.0,93.4
2480283,23,981356,BOSONIT UNIBASKET,HOME,2819119,T. Sedláková,SF,2819121,H. Forster,SF,1626810,C. Aldecoa Rodriguez,SF,2735759,L. Van Schaik,SF,1821692,M. Alonso Guadaño,SF,3.8,229.0,5.0,5.0,0.0,52.4,52.4,0.0
2480283,23,981356,BOSONIT UNIBASKET,HOME,2819121,H. Forster,SF,1678734,M. Llorente Ruiz,SF,1778980,I. Losada Gonzalez-Babe,SF,2735759,L. Van Schaik,SF,1821692,M. Alonso Guadaño,SF,0.5,30.0,0.0,2.0,-2.0,0.0,160.0,-160.0
2480283,23,981356,BOSONIT UNIBASKET,HOME,2819121,H. Forster,SF,1678734,M. Llorente Ruiz,SF,2735759,L. Van Schaik,SF,1821692,M. Alonso Guadaño,SF,1834784,E. Florez Pascual,SF,0.9,52.0,0.0,3.0,-3.0,0.0,138.5,-138.5
2480283,23,981356,BOSONIT UNIBASKET,HOME,2819121,H. Forster,SF,1778980,I. Losada Gonzalez-Babe,SF,2735759,L. Van Schaik,SF,2151019,N. Padrosa Mons,SF,2561556,C. Sañudo Trillo,SF,0.8,45.0,2.0,2.0,0.0,106.7,106.7,0.0
2480284,23,981208,ALTER ENERSUN AL-QÁZERES EXTREMADURA,AWAY,2056237,L. Salmeron Segu,SF,1860325,L. Fontela Cabaleiro,SF,1902336,N. Liste Alfonsin,SF,2044012,C. Suárez Fernández,SF,1889214,C. Prieto Pereda,SF,2.1,124.0,2.0,5.0,-3.0,38.7,96.8,-58.1
2480284,23,981208,ALTER ENERSUN AL-QÁZERES EXTREMADURA,AWAY,2056237,L. Salmeron Segu,SF,1860325,L. Fontela Cabaleiro,SF,2432389,J. De Barros Filipe,SF,1902336,N. Liste Alfonsin,SF,1889214,C. Prieto Pereda,SF,0.7,42.0,4.0,2.0,2.0,228.6,114.3,114.3
2480284,23,981208,ALTER ENERSUN AL-QÁZERES EXTREMADURA,AWAY,2056237,L. Salmeron Segu,SF,1860325,L. Fontela Cabaleiro,SF,2432389,J. De Barros Filipe,SF,1902336,N. Liste Alfonsin,SF,2815234,I. Tavares Ramos,SF,2.5,151.0,2.0,0.0,2.0,31.8,0.0,31.8
2480284,23,981208,ALTER ENERSUN AL-QÁZERES EXTREMADURA,AWAY,2056237,L. Salmeron Segu,SF,1860325,L. Fontela Cabaleiro,SF,2815153,V. Gauna,SF,2432389,J. De Barros Filipe,SF,1902336,N. Liste Alfonsin,SF,1.3,77.0,0.0,3.0,-3.0,0.0,93.5,-93.5
2480284,23,981208,ALTER ENERSUN AL-QÁZERES EXTREMADURA,AWAY,2056237,L. Salmeron Segu,SF,2432389,J. De Barros Filipe,SF,1902336,N. Liste Alfonsin,SF,2815234,I. Tavares Ramos,SF,1889214,C. Prieto Pereda,SF,2.1,128.0,4.0,4.0,0.0,75.0,75.0,0.0
2480284,23,981208,ALTER ENERSUN AL-QÁZERES EXTREMADURA,AWAY,2056237,L. Salmeron Segu,SF,2735904,R. De Lima Viegas Laneiro,SF,2815153,V. Gauna,SF,1902336,N. Liste Alfonsin,SF,2044012,C. Suárez Fernández,SF,1.6,97.0,2.0,2.0,0.0,49.5,49.5,0.0
2480284,23,981208,ALTER ENERSUN AL-QÁZERES EXTREMADURA,AWAY,2056237,L. Salmeron Segu,SF,2815153,V. Gauna,SF,1902336,N. Liste Alfonsin,SF,2815234,I. Tavares Ramos,SF,1889214,C. Prieto Pereda,SF,2.1,128.0,7.0,4.0,3.0,131.2,75.0,56.2
2480284,23,981208,ALTER ENERSUN AL-QÁZERES EXTREMADURA,AWAY,2056237,L. Salmeron Segu,SF,2815153,V. Gauna,SF,2432389,J. De Barros Filipe,SF,1902336,N. Liste Alfonsin,SF,2815234,I. Tavares Ramos,SF,4.9,289.0,9.0,3.0,6.0,74.7,24.9,49.8
2480284,23,981208,ALTER ENERSUN AL-QÁZERES EXTREMADURA,AWAY,2735904,R. De Lima Viegas Laneiro,SF,1860325,L. Fontela Cabaleiro,SF,2432389,J. De Barros Filipe,SF,1902336,N. Liste Alfonsin,SF,2815234,I. Tavares Ramos,SF,6.5,385.0,17.0,8.0,9.0,106.0,49.9,56.1
2480284,23,981208,ALTER ENERSUN AL-QÁZERES EXTREMADURA,AWAY,2735904,R. De Lima Viegas Laneiro,SF,1860325,L. Fontela Cabaleiro,SF,2815153,V. Gauna,SF,1902336,N. Liste Alfonsin,SF,1889214,C. Prieto Pereda,SF,1.3,82.0,1.0,0.0,1.0,29.3,0.0,29.3
2480284,23,981208,ALTER ENERSUN AL-QÁZERES EXTREMADURA,AWAY,2735904,R. De Lima Viegas Laneiro,SF,1860325,L. Fontela Cabaleiro,SF,2815153,V. Gauna,SF,1902336,N. Liste Alfonsin,SF,2815234,I. Tavares Ramos,SF,6.7,402.0,13.0,11.0,2.0,77.6,65.7,11.9
2480284,23,981208,ALTER ENERSUN AL-QÁZERES EXTREMADURA,AWAY,2735904,R. De Lima Viegas Laneiro,SF,2056237,L. Salmeron Segu,SF,1860325,L. Fontela Cabaleiro,SF,2432389,J. De Barros Filipe,SF,1902336,N. Liste Alfonsin,SF,2.2,131.0,0.0,4.0,-4.0,0.0,73.3,-73.3
2480284,23,981208,ALTER ENERSUN AL-QÁZERES EXTREMADURA,AWAY,2735904,R. De Lima Viegas Laneiro,SF,2056237,L. Salmeron Segu,SF,1860325,L. Fontela Cabaleiro,SF,2815153,V. Gauna,SF,2432389,J. De Barros Filipe,SF,6.0,364.0,14.0,6.0,8.0,92.3,39.6,52.7
2480284,23,981242,C.B. SANTFELIUENC,HOME,2050086,M. Muñoz Moyano,SF,2257209,A. Segura Freixenet,SF,2155489,X. Salzmann Romeu,SF,2190844,S. Pares Vilaseca,SF,2864042,K. Trehub,SF,13.7,828.0,19.0,28.0,-9.0,55.1,81.2,-26.1
2480284,23,981242,C.B. SANTFELIUENC,HOME,2050086,M. Muñoz Moyano,SF,2273698,M. Ballesteros Erena,SF,2257209,A. Segura Freixenet,SF,2454400,J. Fernandez Colomer,SF,2155489,X. Salzmann Romeu,SF,0.1,6.0,0.0,0.0,0.0,0.0,0.0,0.0
2480284,23,981242,C.B. SANTFELIUENC,HOME,2050086,M. Muñoz Moyano,SF,2452845,A. Garcia Vilà,SF,2082005,G. Senalle Borrell,SF,2257209,A. Segura Freixenet,SF,2454400,J. Fernandez Colomer,SF,3.0,180.0,0.0,4.0,-4.0,0.0,53.3,-53.3
2480284,23,981242,C.B. SANTFELIUENC,HOME,2050086,M. Muñoz Moyano,SF,2452845,A. Garcia Vilà,SF,2257209,A. Segura Freixenet,SF,2454400,J. Fernandez Colomer,SF,2155489,X. Salzmann Romeu,SF,3.0,180.0,4.0,9.0,-5.0,53.3,120.0,-66.7
2480284,23,981242,C.B. SANTFELIUENC,HOME,2050086,M. Muñoz Moyano,SF,2452845,A. Garcia Vilà,SF,2454400,J. Fernandez Colomer,SF,2155489,X. Salzmann Romeu,SF,2864042,K. Trehub,SF,1.9,111.0,3.0,1.0,2.0,64.9,21.6,43.2
2480284,23,981242,C.B. SANTFELIUENC,HOME,2050086,M. Muñoz Moyano,SF,2452845,A. Garcia Vilà,SF,2454400,J. Fernandez Colomer,SF,2190844,S. Pares Vilaseca,SF,2864042,K. Trehub,SF,1.7,103.0,4.0,7.0,-3.0,93.2,163.1,-69.9
2480284,23,981242,C.B. SANTFELIUENC,HOME,2050086,M. Muñoz Moyano,SF,2452845,A. Garcia Vilà,SF,2454400,J. Fernandez Colomer,SF,2864042,K. Trehub,SF,2082005,G. Senalle Borrell,SF,2.0,123.0,2.0,3.0,-1.0,39.0,58.5,-19.5
2480284,23,981242,C.B. SANTFELIUENC,HOME,2050086,M. Muñoz Moyano,SF,2454400,J. Fernandez Colomer,SF,2155489,X. Salzmann Romeu,SF,2190844,S. Pares Vilaseca,SF,2864042,K. Trehub,SF,4.2,254.0,5.0,6.0,-1.0,47.2,56.7,-9.4
2480284,23,981242,C.B. SANTFELIUENC,HOME,2273698,M. Ballesteros Erena,SF,2257209,A. Segura Freixenet,SF,2155489,X. Salzmann Romeu,SF,2190844,S. Pares Vilaseca,SF,2864042,K. Trehub,SF,2.8,166.0,7.0,6.0,1.0,101.2,86.7,14.5
2480284,23,981242,C.B. SANTFELIUENC,HOME,2273698,M. Ballesteros Erena,SF,2257209,A. Segura Freixenet,SF,2454400,J. Fernandez Colomer,SF,2155489,X. Salzmann Romeu,SF,2190844,S. Pares Vilaseca,SF,1.3,74.0,2.0,0.0,2.0,64.9,0.0,64.9
2480284,23,981242,C.B. SANTFELIUENC,HOME,2273698,M. Ballesteros Erena,SF,2257209,A. Segura Freixenet,SF,2454400,J. Fernandez Colomer,SF,2190844,S. Pares Vilaseca,SF,2082005,G. Senalle Borrell,SF,0.4,24.0,0.0,2.0,-2.0,0.0,200.0,-200.0
2480284,23,981242,C.B. SANTFELIUENC,HOME,2273698,M. Ballesteros Erena,SF,2454400,J. Fernandez Colomer,SF,2190844,S. Pares Vilaseca,SF,2864042,K. Trehub,SF,2082005,G. Senalle Borrell,SF,2.0,119.0,0.0,4.0,-4.0,0.0,80.7,-80.7
2480284,23,981242,C.B. SANTFELIUENC,HOME,2452845,A. Garcia Vilà,SF,2257209,A. Segura Freixenet,SF,2155489,X. Salzmann Romeu,SF,2190844,S. Pares Vilaseca,SF,2864042,K. Trehub,SF,1.5,88.0,2.0,5.0,-3.0,54.5,136.4,-81.8
2480284,23,981242,C.B. SANTFELIUENC,HOME,2452845,A. Garcia Vilà,SF,2454400,J. Fernandez Colomer,SF,2155489,X. Salzmann Romeu,SF,2190844,S. Pares Vilaseca,SF,2864042,K. Trehub,SF,2.4,144.0,4.0,0.0,4.0,66.7,0.0,66.7
2480285,23,979770,MELILLA CIUDAD DEL DEPORTE LA SALLE,AWAY,1454479,A. Senosiain Vergarachea,SF,1829640,A. Sanchez Davila,SF,1587316,C. Caceres Ayala,SF,1715165,M. Torreblanca Ginel,SF,2648563,M. D'Urso Vallina,SF,0.0,1.0,0.0,0.0,0.0,0.0,0.0,0.0
2480285,23,979770,MELILLA CIUDAD DEL DEPORTE LA SALLE,AWAY,1756623,A. Hernangomez Geuer,SF,2104399,C. Garcia Muñoz,SF,1454479,A. Senosiain Vergarachea,SF,1587316,C. Caceres Ayala,SF,1715165,M. Torreblanca Ginel,SF,10.3,618.0,22.0,16.0,6.0,85.4,62.1,23.3
2480285,23,979770,MELILLA CIUDAD DEL DEPORTE LA SALLE,AWAY,1756623,A. Hernangomez Geuer,SF,2104399,C. Garcia Muñoz,SF,1454479,A. Senosiain Vergarachea,SF,1715165,M. Torreblanca Ginel,SF,2648563,M. D'Urso Vallina,SF,0.7,38.0,0.0,2.0,-2.0,0.0,126.3,-126.3
2480285,23,979770,MELILLA CIUDAD DEL DEPORTE LA SALLE,AWAY,1756623,A. Hernangomez Geuer,SF,2104399,C. Garcia Muñoz,SF,1454479,A. Senosiain Vergarachea,SF,1829640,A. Sanchez Davila,SF,1587316,C. Caceres Ayala,SF,2.0,120.0,3.0,3.0,0.0,60.0,60.0,0.0
2480285,23,979770,MELILLA CIUDAD DEL DEPORTE LA SALLE,AWAY,2104399,C. Garcia Muñoz,SF,1454479,A. Senosiain Vergarachea,SF,1829640,A. Sanchez Davila,SF,1587316,C. Caceres Ayala,SF,1715165,M. Torreblanca Ginel,SF,0.2,14.0,2.0,0.0,2.0,342.9,0.0,342.9
2480285,23,979770,MELILLA CIUDAD DEL DEPORTE LA SALLE,AWAY,2104399,C. Garcia Muñoz,SF,1946976,L. Moya Blanch,SF,1454479,A. Senosiain Vergarachea,SF,1587316,C. Caceres Ayala,SF,1715165,M. Torreblanca Ginel,SF,0.5,31.0,0.0,3.0,-3.0,0.0,232.3,-232.3
2480285,23,979770,MELILLA CIUDAD DEL DEPORTE LA SALLE,AWAY,2104399,C. Garcia Muñoz,SF,1946976,L. Moya Blanch,SF,1454479,A. Senosiain Vergarachea,SF,1715165,M. Torreblanca Ginel,SF,2648563,M. D'Urso Vallina,SF,0.9,52.0,1.0,0.0,1.0,46.2,0.0,46.2
2480285,23,979770,MELILLA CIUDAD DEL DEPORTE LA SALLE,AWAY,2432929,M. Davydova,SF,1713801,C. Torrubia Cano,SF,1946976,L. Moya Blanch,SF,1454479,A. Senosiain Vergarachea,SF,1829640,A. Sanchez Davila,SF,3.0,180.0,0.0,5.0,-5.0,0.0,66.7,-66.7
2480285,23,979770,MELILLA CIUDAD DEL DEPORTE LA SALLE,AWAY,2432929,M. Davydova,SF,1756623,A. Hernangomez Geuer,SF,1454479,A. Senosiain Vergarachea,SF,1587316,C. Caceres Ayala,SF,1715165,M. Torreblanca Ginel,SF,1.8,109.0,6.0,4.0,2.0,132.1,88.1,44.0
2480285,23,979770,MELILLA CIUDAD DEL DEPORTE LA SALLE,AWAY,2432929,M. Davydova,SF,1756623,A. Hernangomez Geuer,SF,1454479,A. Senosiain Vergarachea,SF,1587316,C. Caceres Ayala,SF,1829640,A. Sanchez Davila,SF,0.1,9.0,0.0,0.0,0.0,0.0,0.0,0.0
2480285,23,979770,MELILLA CIUDAD DEL DEPORTE LA SALLE,AWAY,2432929,M. Davydova,SF,1756623,A. Hernangomez Geuer,SF,1454479,A. Senosiain Vergarachea,SF,1587316,C. Caceres Ayala,SF,2648563,M. D'Urso Vallina,SF,1.5,92.0,6.0,7.0,-1.0,156.5,182.6,-26.1
2480285,23,979770,MELILLA CIUDAD DEL DEPORTE LA SALLE,AWAY,2432929,M. Davydova,SF,1756623,A. Hernangomez Geuer,SF,1454479,A. Senosiain Vergarachea,SF,1715165,M. Torreblanca Ginel,SF,2648563,M. D'Urso Vallina,SF,1.8,109.0,5.0,5.0,0.0,110.1,110.1,0.0
2480285,23,979770,MELILLA CIUDAD DEL DEPORTE LA SALLE,AWAY,2432929,M. Davydova,SF,1756623,A. Hernangomez Geuer,SF,1454479,A. Senosiain Vergarachea,SF,1829640,A. Sanchez Davila,SF,1587316,C. Caceres Ayala,SF,12.6,752.0,28.0,16.0,12.0,89.4,51.1,38.3
2480285,23,979770,MELILLA CIUDAD DEL DEPORTE LA SALLE,AWAY,2432929,M. Davydova,SF,1756623,A. Hernangomez Geuer,SF,1454479,A. Senosiain Vergarachea,SF,1829640,A. Sanchez Davila,SF,1715165,M. Torreblanca Ginel,SF,0.6,37.0,0.0,3.0,-3.0,0.0,194.6,-194.6
2480285,23,979770,MELILLA CIUDAD DEL DEPORTE LA SALLE,AWAY,2432929,M. Davydova,SF,1946976,L. Moya Blanch,SF,1454479,A. Senosiain Vergarachea,SF,1587316,C. Caceres Ayala,SF,1829640,A. Sanchez Davila,SF,3.3,200.0,3.0,8.0,-5.0,36.0,96.0,-60.0
2480285,23,979770,MELILLA CIUDAD DEL DEPORTE LA SALLE,AWAY,2432929,M. Davydova,SF,1946976,L. Moya Blanch,SF,1454479,A. Senosiain Vergarachea,SF,1715165,M. Torreblanca Ginel,SF,2648563,M. D'Urso Vallina,SF,0.4,26.0,0.0,0.0,0.0,0.0,0.0,0.0
2480285,23,979770,MELILLA CIUDAD DEL DEPORTE LA SALLE,AWAY,2432929,M. Davydova,SF,1946976,L. Moya Blanch,SF,1454479,A. Senosiain Vergarachea,SF,1829640,A. Sanchez Davila,SF,1587316,C. Caceres Ayala,SF,0.5,27.0,0.0,0.0,0.0,0.0,0.0,0.0
2480285,23,979770,MELILLA CIUDAD DEL DEPORTE LA SALLE,AWAY,2432929,M. Davydova,SF,2104399,C. Garcia Muñoz,SF,1454479,A. Senosiain Vergarachea,SF,1587316,C. Caceres Ayala,SF,1715165,M. Torreblanca Ginel,SF,2.3,139.0,5.0,3.0,2.0,86.3,51.8,34.5
2480285,23,979770,MELILLA CIUDAD DEL DEPORTE LA SALLE,AWAY,2432929,M. Davydova,SF,2104399,C. Garcia Muñoz,SF,1454479,A. Senosiain Vergarachea,SF,1829640,A. Sanchez Davila,SF,1587316,C. Caceres Ayala,SF,2.4,146.0,4.0,4.0,0.0,65.8,65.8,0.0
2480285,23,979912,DOMUSA TEKNIK ISB,HOME,1894119,S. Iparraguirre Alustiza,SF,2021400,M. Gutierrez Ibañez,SF,1826917,J. Azcue Jauregui,SF,2818813,E. Lalotte,SF,2818816,I. Araújo Gouveia Vieira,SF,4.3,256.0,4.0,1.0,3.0,37.5,9.4,28.1
2480285,23,979912,DOMUSA TEKNIK ISB,HOME,1894119,S. Iparraguirre Alustiza,SF,2021400,M. Gutierrez Ibañez,SF,2145033,A. Lizundia Arozena,SF,2818813,E. Lalotte,SF,1721468,C. Villamor Aparicio,SF,2.3,138.0,5.0,6.0,-1.0,87.0,104.3,-17.4
2480285,23,979912,DOMUSA TEKNIK ISB,HOME,1894119,S. Iparraguirre Alustiza,SF,2021400,M. Gutierrez Ibañez,SF,2145033,A. Lizundia Arozena,SF,2818813,E. Lalotte,SF,2818816,I. Araújo Gouveia Vieira,SF,1.7,103.0,2.0,3.0,-1.0,46.6,69.9,-23.3
2480285,23,979912,DOMUSA TEKNIK ISB,HOME,1894119,S. Iparraguirre Alustiza,SF,2364470,G. Leaupepe,SF,2021400,M. Gutierrez Ibañez,SF,2818813,E. Lalotte,SF,1721468,C. Villamor Aparicio,SF,1.0,60.0,2.0,0.0,2.0,80.0,0.0,80.0
2480285,23,979912,DOMUSA TEKNIK ISB,HOME,1894119,S. Iparraguirre Alustiza,SF,2364470,G. Leaupepe,SF,2021400,M. Gutierrez Ibañez,SF,2818813,E. Lalotte,SF,2818816,I. Araújo Gouveia Vieira,SF,8.2,492.0,9.0,17.0,-8.0,43.9,82.9,-39.0
2480285,23,979912,DOMUSA TEKNIK ISB,HOME,2364470,G. Leaupepe,SF,2145033,A. Lizundia Arozena,SF,2021400,M. Gutierrez Ibañez,SF,2818813,E. Lalotte,SF,1721468,C. Villamor Aparicio,SF,6.0,353.0,9.0,11.0,-2.0,61.2,74.8,-13.6
2480285,23,979912,DOMUSA TEKNIK ISB,HOME,2478361,N. Arozena Illarramendi,SF,1826917,J. Azcue Jauregui,SF,2818813,E. Lalotte,SF,2137901,M. Otaegi Albizu,SF,2818816,I. Araújo Gouveia Vieira,SF,4.4,265.0,9.0,9.0,0.0,81.5,81.5,0.0
2480285,23,979912,DOMUSA TEKNIK ISB,HOME,2478361,N. Arozena Illarramendi,SF,1894119,S. Iparraguirre Alustiza,SF,1826917,J. Azcue Jauregui,SF,2818813,E. Lalotte,SF,2818816,I. Araújo Gouveia Vieira,SF,0.7,44.0,0.0,0.0,0.0,0.0,0.0,0.0
2480285,23,979912,DOMUSA TEKNIK ISB,HOME,2478361,N. Arozena Illarramendi,SF,2145033,A. Lizundia Arozena,SF,2818813,E. Lalotte,SF,1721468,C. Villamor Aparicio,SF,2137901,M. Otaegi Albizu,SF,3.8,232.0,5.0,9.0,-4.0,51.7,93.1,-41.4
2480285,23,979912,DOMUSA TEKNIK ISB,HOME,2818717,S. Van,SF,1826917,J. Azcue Jauregui,SF,2818813,E. Lalotte,SF,1721468,C. Villamor Aparicio,SF,2818816,I. Araújo Gouveia Vieira,SF,3.2,192.0,4.0,10.0,-6.0,50.0,125.0,-75.0
2480285,23,979912,DOMUSA TEKNIK ISB,HOME,2818717,S. Van,SF,1826917,J. Azcue Jauregui,SF,2818813,E. Lalotte,SF,2137901,M. Otaegi Albizu,SF,2818816,I. Araújo Gouveia Vieira,SF,0.7,43.0,5.0,0.0,5.0,279.1,0.0,279.1
2480285,23,979912,DOMUSA TEKNIK ISB,HOME,2818717,S. Van,SF,1894119,S. Iparraguirre Alustiza,SF,1826917,J. Azcue Jauregui,SF,2818813,E. Lalotte,SF,2818816,I. Araújo Gouveia Vieira,SF,6.7,410.0,20.0,14.0,6.0,117.1,82.0,35.1
2480285,23,979912,DOMUSA TEKNIK ISB,HOME,2818717,S. Van,SF,1894119,S. Iparraguirre Alustiza,SF,2818813,E. Lalotte,SF,1721468,C. Villamor Aparicio,SF,2818816,I. Araújo Gouveia Vieira,SF,0.5,30.0,3.0,2.0,1.0,240.0,160.0,80.0
2480285,23,979912,DOMUSA TEKNIK ISB,HOME,2818717,S. Van,SF,2364470,G. Leaupepe,SF,2145033,A. Lizundia Arozena,SF,2818813,E. Lalotte,SF,1721468,C. Villamor Aparicio,SF,0.3,16.0,0.0,2.0,-2.0,0.0,300.0,-300.0
2480285,23,979912,DOMUSA TEKNIK ISB,HOME,2818717,S. Van,SF,2478361,N. Arozena Illarramendi,SF,1826917,J. Azcue Jauregui,SF,1721468,C. Villamor Aparicio,SF,2137901,M. Otaegi Albizu,SF,1.1,66.0,2.0,1.0,1.0,72.7,36.4,36.4
2480286,23,981288,SERNOVA RENOVABLES REAL CANOE,AWAY,2034380,A. Lozano Davila,SF,2097038,P. De Mier Espina,SF,1787143,C. Mato De Prada,SF,1242234,C. Rodriguez Nuñez,SF,2866005,E. Zemoura,SF,0.0,2.0,0.0,0.0,0.0,0.0,0.0,0.0
2480286,23,981288,SERNOVA RENOVABLES REAL CANOE,AWAY,2034380,A. Lozano Davila,SF,2097038,P. De Mier Espina,SF,1927626,C. Flores Garcia,SF,2021397,A. Esnal Aguirre,SF,2866005,E. Zemoura,SF,0.3,17.0,0.0,1.0,-1.0,0.0,141.2,-141.2
2480286,23,981288,SERNOVA RENOVABLES REAL CANOE,AWAY,2034380,A. Lozano Davila,SF,2097038,P. De Mier Espina,SF,2021397,A. Esnal Aguirre,SF,1242234,C. Rodriguez Nuñez,SF,2866005,E. Zemoura,SF,2.3,140.0,4.0,6.0,-2.0,68.6,102.9,-34.3
2480286,23,981288,SERNOVA RENOVABLES REAL CANOE,AWAY,2097038,P. De Mier Espina,SF,1787143,C. Mato De Prada,SF,1242234,C. Rodriguez Nuñez,SF,2866005,E. Zemoura,SF,2818945,O. Santana Moldavsky,SF,1.2,75.0,2.0,0.0,2.0,64.0,0.0,64.0
2480286,23,981288,SERNOVA RENOVABLES REAL CANOE,AWAY,2097038,P. De Mier Espina,SF,1787143,C. Mato De Prada,SF,1927626,C. Flores Garcia,SF,1242234,C. Rodriguez Nuñez,SF,2818945,O. Santana Moldavsky,SF,6.5,388.0,8.0,12.0,-4.0,49.5,74.2,-24.7
2480286,23,981288,SERNOVA RENOVABLES REAL CANOE,AWAY,2097038,P. De Mier Espina,SF,1787143,C. Mato De Prada,SF,1927626,C. Flores Garcia,SF,1242234,C. Rodriguez Nuñez,SF,2866005,E. Zemoura,SF,1.4,85.0,0.0,0.0,0.0,0.0,0.0,0.0
2480286,23,981288,SERNOVA RENOVABLES REAL CANOE,AWAY,2097038,P. De Mier Espina,SF,1787143,C. Mato De Prada,SF,2021397,A. Esnal Aguirre,SF,1242234,C. Rodriguez Nuñez,SF,2866005,E. Zemoura,SF,2.3,137.0,0.0,4.0,-4.0,0.0,70.1,-70.1
2480286,23,981288,SERNOVA RENOVABLES REAL CANOE,AWAY,2097038,P. De Mier Espina,SF,1927626,C. Flores Garcia,SF,2021397,A. Esnal Aguirre,SF,1242234,C. Rodriguez Nuñez,SF,2866005,E. Zemoura,SF,1.9,109.0,5.0,6.0,-1.0,110.1,132.1,-22.0
2480286,23,981288,SERNOVA RENOVABLES REAL CANOE,AWAY,2097038,P. De Mier Espina,SF,1927626,C. Flores Garcia,SF,2021397,A. Esnal Aguirre,SF,2866005,E. Zemoura,SF,1859345,L. Fleta Robles,SF,0.2,12.0,0.0,0.0,0.0,0.0,0.0,0.0
2480286,23,981288,SERNOVA RENOVABLES REAL CANOE,AWAY,2097038,P. De Mier Espina,SF,2021397,A. Esnal Aguirre,SF,1242234,C. Rodriguez Nuñez,SF,2866005,E. Zemoura,SF,2818945,O. Santana Moldavsky,SF,10.0,598.0,19.0,12.0,7.0,76.3,48.2,28.1
2480286,23,981288,SERNOVA RENOVABLES REAL CANOE,AWAY,2097038,P. De Mier Espina,SF,2021397,A. Esnal Aguirre,SF,1787143,C. Mato De Prada,SF,1242234,C. Rodriguez Nuñez,SF,2866005,E. Zemoura,SF,10.3,615.0,17.0,18.0,-1.0,66.3,70.2,-3.9
2480286,23,981288,SERNOVA RENOVABLES REAL CANOE,AWAY,2097038,P. De Mier Espina,SF,2021397,A. Esnal Aguirre,SF,1787143,C. Mato De Prada,SF,1927626,C. Flores Garcia,SF,2866005,E. Zemoura,SF,0.4,25.0,0.0,0.0,0.0,0.0,0.0,0.0
2480286,23,981288,SERNOVA RENOVABLES REAL CANOE,AWAY,2097038,P. De Mier Espina,SF,2021397,A. Esnal Aguirre,SF,1787143,C. Mato De Prada,SF,2866005,E. Zemoura,SF,2818945,O. Santana Moldavsky,SF,1.1,67.0,2.0,2.0,0.0,71.6,71.6,0.0
2480286,23,981288,SERNOVA RENOVABLES REAL CANOE,AWAY,2097038,P. De Mier Espina,SF,2021397,A. Esnal Aguirre,SF,1927626,C. Flores Garcia,SF,1242234,C. Rodriguez Nuñez,SF,2818945,O. Santana Moldavsky,SF,2.2,130.0,4.0,9.0,-5.0,73.8,166.2,-92.3
2480286,23,981346,LA CORDÁ DE PATERNA NB,HOME,1632609,C. Che Tortola,SF,1687305,L. Segura Moreno,SF,2864802,N. Lagowski,SF,2024557,M. Bleda Ortega,SF,2071471,P. Saravia Logroño,SF,2.8,166.0,2.0,7.0,-5.0,28.9,101.2,-72.3
2480286,23,981346,LA CORDÁ DE PATERNA NB,HOME,2049442,I. Broncano Avellaneda,SF,1632609,C. Che Tortola,SF,1687305,L. Segura Moreno,SF,2864802,N. Lagowski,SF,2024557,M. Bleda Ortega,SF,5.5,330.0,11.0,9.0,2.0,80.0,65.5,14.5
2480286,23,981346,LA CORDÁ DE PATERNA NB,HOME,2049442,I. Broncano Avellaneda,SF,1632609,C. Che Tortola,SF,2173687,M. Llompart Perello,SF,1687305,L. Segura Moreno,SF,2071471,P. Saravia Logroño,SF,0.0,2.0,0.0,0.0,0.0,0.0,0.0,0.0
2480286,23,981346,LA CORDÁ DE PATERNA NB,HOME,2049442,I. Broncano Avellaneda,SF,2163606,C. Sancho Mauri,SF,2173687,M. Llompart Perello,SF,1687305,L. Segura Moreno,SF,2024557,M. Bleda Ortega,SF,0.1,7.0,0.0,2.0,-2.0,0.0,685.7,-685.7
2480286,23,981346,LA CORDÁ DE PATERNA NB,HOME,2049442,I. Broncano Avellaneda,SF,2173687,M. Llompart Perello,SF,1687305,L. Segura Moreno,SF,2864802,N. Lagowski,SF,2071471,P. Saravia Logroño,SF,2.3,138.0,0.0,0.0,0.0,0.0,0.0,0.0
2480286,23,981346,LA CORDÁ DE PATERNA NB,HOME,2049442,I. Broncano Avellaneda,SF,2653963,A. Traore,SF,1632609,C. Che Tortola,SF,1687305,L. Segura Moreno,SF,2024557,M. Bleda Ortega,SF,6.9,413.0,17.0,13.0,4.0,98.8,75.5,23.2
2480286,23,981346,LA CORDÁ DE PATERNA NB,HOME,2049442,I. Broncano Avellaneda,SF,2653963,A. Traore,SF,1632609,C. Che Tortola,SF,2173687,M. Llompart Perello,SF,1687305,L. Segura Moreno,SF,0.7,42.0,0.0,0.0,0.0,0.0,0.0,0.0
2480286,23,981346,LA CORDÁ DE PATERNA NB,HOME,2049442,I. Broncano Avellaneda,SF,2653963,A. Traore,SF,2163606,C. Sancho Mauri,SF,1687305,L. Segura Moreno,SF,2024557,M. Bleda Ortega,SF,0.3,17.0,1.0,0.0,1.0,141.2,0.0,141.2
2480286,23,981346,LA CORDÁ DE PATERNA NB,HOME,2049442,I. Broncano Avellaneda,SF,2653963,A. Traore,SF,2173687,M. Llompart Perello,SF,1687305,L. Segura Moreno,SF,2024557,M. Bleda Ortega,SF,0.7,39.0,0.0,0.0,0.0,0.0,0.0,0.0
2480286,23,981346,LA CORDÁ DE PATERNA NB,HOME,2049442,I. Broncano Avellaneda,SF,2796302,P. Gabriel,SF,1632609,C. Che Tortola,SF,1687305,L. Segura Moreno,SF,2024557,M. Bleda Ortega,SF,6.0,358.0,10.0,10.0,0.0,67.0,67.0,0.0
2480286,23,981346,LA CORDÁ DE PATERNA NB,HOME,2049442,I. Broncano Avellaneda,SF,2796302,P. Gabriel,SF,2173687,M. Llompart Perello,SF,1687305,L. Segura Moreno,SF,2024557,M. Bleda Ortega,SF,1.9,117.0,2.0,1.0,1.0,41.0,20.5,20.5
2480286,23,981346,LA CORDÁ DE PATERNA NB,HOME,2049442,I. Broncano Avellaneda,SF,2796302,P. Gabriel,SF,2173687,M. Llompart Perello,SF,1687305,L. Segura Moreno,SF,2071471,P. Saravia Logroño,SF,1.8,104.0,5.0,3.0,2.0,115.4,69.2,46.2
2480286,23,981346,LA CORDÁ DE PATERNA NB,HOME,2049442,I. Broncano Avellaneda,SF,2796302,P. Gabriel,SF,2173687,M. Llompart Perello,SF,1687305,L. Segura Moreno,SF,2561096,A. Prim Giro,SF,2.2,133.0,6.0,2.0,4.0,108.3,36.1,72.2
2480286,23,981346,LA CORDÁ DE PATERNA NB,HOME,2049442,I. Broncano Avellaneda,SF,2796302,P. Gabriel,SF,2173687,M. Llompart Perello,SF,2864802,N. Lagowski,SF,2071471,P. Saravia Logroño,SF,0.9,52.0,6.0,0.0,6.0,276.9,0.0,276.9
2480286,23,981346,LA CORDÁ DE PATERNA NB,HOME,2173687,M. Llompart Perello,SF,1687305,L. Segura Moreno,SF,2864802,N. Lagowski,SF,2561096,A. Prim Giro,SF,2071471,P. Saravia Logroño,SF,2.3,136.0,2.0,4.0,-2.0,35.3,70.6,-35.3
2480286,23,981346,LA CORDÁ DE PATERNA NB,HOME,2653963,A. Traore,SF,2173687,M. Llompart Perello,SF,1687305,L. Segura Moreno,SF,2561096,A. Prim Giro,SF,2071471,P. Saravia Logroño,SF,0.4,26.0,0.0,0.0,0.0,0.0,0.0,0.0
2480286,23,981346,LA CORDÁ DE PATERNA NB,HOME,2653963,A. Traore,SF,2173687,M. Llompart Perello,SF,2864802,N. Lagowski,SF,2561096,A. Prim Giro,SF,2071471,P. Saravia Logroño,SF,1.8,109.0,3.0,2.0,1.0,66.1,44.0,22.0
2480286,23,981346,LA CORDÁ DE PATERNA NB,HOME,2796302,P. Gabriel,SF,2173687,M. Llompart Perello,SF,2864802,N. Lagowski,SF,2561096,A. Prim Giro,SF,2071471,P. Saravia Logroño,SF,3.5,211.0,5.0,8.0,-3.0,56.9,91.0,-34.1
2480287,23,979952,LA LAGUNA TOYOTA  ADAREVA,HOME,2151715,J. Nogués Martí,SF,1878753,N. Ibañez Silvestre,SF,1613926,M. Gomez Fernandez,SF,2341227,A. Montaño Muñoz,SF,2735173,M. Forsyth,SF,0.6,38.0,2.0,2.0,0.0,126.3,126.3,0.0
2480287,23,979952,LA LAGUNA TOYOTA  ADAREVA,HOME,2151715,J. Nogués Martí,SF,1878753,N. Ibañez Silvestre,SF,2246211,L. Yohann Siverio,SF,2432295,B. Stevanovic,SF,2735173,M. Forsyth,SF,1.3,80.0,2.0,0.0,2.0,60.0,0.0,60.0
2480287,23,979952,LA LAGUNA TOYOTA  ADAREVA,HOME,2151715,J. Nogués Martí,SF,1878753,N. Ibañez Silvestre,SF,2432295,B. Stevanovic,SF,1613926,M. Gomez Fernandez,SF,2735173,M. Forsyth,SF,3.6,213.0,6.0,10.0,-4.0,67.6,112.7,-45.1
2480287,23,979952,LA LAGUNA TOYOTA  ADAREVA,HOME,2151715,J. Nogués Martí,SF,1884959,M. Luque Caballero,SF,1878753,N. Ibañez Silvestre,SF,2246211,L. Yohann Siverio,SF,2341227,A. Montaño Muñoz,SF,0.6,33.0,0.0,4.0,-4.0,0.0,290.9,-290.9
2480287,23,979952,LA LAGUNA TOYOTA  ADAREVA,HOME,2151715,J. Nogués Martí,SF,1884959,M. Luque Caballero,SF,1878753,N. Ibañez Silvestre,SF,2246211,L. Yohann Siverio,SF,2432295,B. Stevanovic,SF,0.6,33.0,0.0,3.0,-3.0,0.0,218.2,-218.2
2480287,23,979952,LA LAGUNA TOYOTA  ADAREVA,HOME,2151715,J. Nogués Martí,SF,1884959,M. Luque Caballero,SF,1878753,N. Ibañez Silvestre,SF,2432295,B. Stevanovic,SF,2735173,M. Forsyth,SF,3.1,187.0,4.0,6.0,-2.0,51.3,77.0,-25.7
2480287,23,979952,LA LAGUNA TOYOTA  ADAREVA,HOME,2151715,J. Nogués Martí,SF,1884959,M. Luque Caballero,SF,2246211,L. Yohann Siverio,SF,2432295,B. Stevanovic,SF,2341227,A. Montaño Muñoz,SF,1.1,65.0,0.0,2.0,-2.0,0.0,73.8,-73.8
2480287,23,979952,LA LAGUNA TOYOTA  ADAREVA,HOME,2151715,J. Nogués Martí,SF,2246211,L. Yohann Siverio,SF,2432295,B. Stevanovic,SF,2341227,A. Montaño Muñoz,SF,2735173,M. Forsyth,SF,2.5,149.0,8.0,4.0,4.0,128.9,64.4,64.4
2480287,23,979952,LA LAGUNA TOYOTA  ADAREVA,HOME,2151715,J. Nogués Martí,SF,2432295,B. Stevanovic,SF,1613926,M. Gomez Fernandez,SF,2341227,A. Montaño Muñoz,SF,2735173,M. Forsyth,SF,3.9,235.0,10.0,7.0,3.0,102.1,71.5,30.6
2480287,23,979952,LA LAGUNA TOYOTA  ADAREVA,HOME,2151715,J. Nogués Martí,SF,2816766,A. Coulibaly,SF,1613926,M. Gomez Fernandez,SF,2341227,A. Montaño Muñoz,SF,2735173,M. Forsyth,SF,0.8,47.0,0.0,3.0,-3.0,0.0,153.2,-153.2
2480287,23,979952,LA LAGUNA TOYOTA  ADAREVA,HOME,2151715,J. Nogués Martí,SF,2816766,A. Coulibaly,SF,1884959,M. Luque Caballero,SF,2246211,L. Yohann Siverio,SF,2341227,A. Montaño Muñoz,SF,0.4,24.0,0.0,0.0,0.0,0.0,0.0,0.0
2480287,23,979952,LA LAGUNA TOYOTA  ADAREVA,HOME,2151715,J. Nogués Martí,SF,2816766,A. Coulibaly,SF,1884959,M. Luque Caballero,SF,2246211,L. Yohann Siverio,SF,2432295,B. Stevanovic,SF,2.6,159.0,5.0,2.0,3.0,75.5,30.2,45.3
2480287,23,979952,LA LAGUNA TOYOTA  ADAREVA,HOME,2151715,J. Nogués Martí,SF,2816766,A. Coulibaly,SF,1884959,M. Luque Caballero,SF,2432295,B. Stevanovic,SF,2735173,M. Forsyth,SF,1.3,79.0,1.0,2.0,-1.0,30.4,60.8,-30.4
2480287,23,979952,LA LAGUNA TOYOTA  ADAREVA,HOME,2151715,J. Nogués Martí,SF,2816766,A. Coulibaly,SF,2246211,L. Yohann Siverio,SF,2432295,B. Stevanovic,SF,2735173,M. Forsyth,SF,0.6,34.0,0.0,3.0,-3.0,0.0,211.8,-211.8
2480287,23,979952,LA LAGUNA TOYOTA  ADAREVA,HOME,2151715,J. Nogués Martí,SF,2816766,A. Coulibaly,SF,2432295,B. Stevanovic,SF,1613926,M. Gomez Fernandez,SF,2735173,M. Forsyth,SF,12.4,744.0,31.0,17.0,14.0,100.0,54.8,45.2
2480287,23,979952,LA LAGUNA TOYOTA  ADAREVA,HOME,2816766,A. Coulibaly,SF,1884959,M. Luque Caballero,SF,2432295,B. Stevanovic,SF,1613926,M. Gomez Fernandez,SF,2735173,M. Forsyth,SF,4.6,280.0,2.0,13.0,-11.0,17.1,111.4,-94.3
2480287,23,979988,FUSTECMA NBF CASTELLÓ,AWAY,1680760,S. Carli Del Pino,SF,2131367,S. Basaez Narvaez,SF,1460562,C. Perez Relancio,SF,2144678,L. Jovena Meseguer,SF,1618451,L. Campos De Bengoa,SF,1.6,92.0,7.0,0.0,7.0,182.6,0.0,182.6
2480287,23,979988,FUSTECMA NBF CASTELLÓ,AWAY,1680760,S. Carli Del Pino,SF,2131367,S. Basaez Narvaez,SF,2274867,L. De Giacomo,SF,2087212,L. Ruiz De La Hermosa Arce,SF,1618451,L. Campos De Bengoa,SF,1.5,88.0,2.0,4.0,-2.0,54.5,109.1,-54.5
2480287,23,979988,FUSTECMA NBF CASTELLÓ,AWAY,1680760,S. Carli Del Pino,SF,2131367,S. Basaez Narvaez,SF,2274867,L. De Giacomo,SF,2144678,L. Jovena Meseguer,SF,1618451,L. Campos De Bengoa,SF,0.7,39.0,2.0,5.0,-3.0,123.1,307.7,-184.6
2480287,23,979988,FUSTECMA NBF CASTELLÓ,AWAY,1680760,S. Carli Del Pino,SF,2131367,S. Basaez Narvaez,SF,2274867,L. De Giacomo,SF,2829993,G. Aiello,SF,2087212,L. Ruiz De La Hermosa Arce,SF,2.5,148.0,6.0,4.0,2.0,97.3,64.9,32.4
2480287,23,979988,FUSTECMA NBF CASTELLÓ,AWAY,1680760,S. Carli Del Pino,SF,2829993,G. Aiello,SF,2131367,S. Basaez Narvaez,SF,1460562,C. Perez Relancio,SF,1618451,L. Campos De Bengoa,SF,1.0,62.0,0.0,2.0,-2.0,0.0,77.4,-77.4
2480287,23,979988,FUSTECMA NBF CASTELLÓ,AWAY,1680760,S. Carli Del Pino,SF,2829993,G. Aiello,SF,2131367,S. Basaez Narvaez,SF,1460562,C. Perez Relancio,SF,2087212,L. Ruiz De La Hermosa Arce,SF,2.0,121.0,2.0,3.0,-1.0,39.7,59.5,-19.8
2480287,23,979988,FUSTECMA NBF CASTELLÓ,AWAY,1680760,S. Carli Del Pino,SF,2829993,G. Aiello,SF,2131367,S. Basaez Narvaez,SF,2087212,L. Ruiz De La Hermosa Arce,SF,1618451,L. Campos De Bengoa,SF,2.9,176.0,6.0,5.0,1.0,81.8,68.2,13.6
2480287,23,979988,FUSTECMA NBF CASTELLÓ,AWAY,1680760,S. Carli Del Pino,SF,2829993,G. Aiello,SF,2131367,S. Basaez Narvaez,SF,2274867,L. De Giacomo,SF,1618451,L. Campos De Bengoa,SF,9.1,547.0,15.0,16.0,-1.0,65.8,70.2,-4.4
2480287,23,979988,FUSTECMA NBF CASTELLÓ,AWAY,1680760,S. Carli Del Pino,SF,2829993,G. Aiello,SF,2131367,S. Basaez Narvaez,SF,2274867,L. De Giacomo,SF,2087212,L. Ruiz De La Hermosa Arce,SF,2.4,147.0,7.0,0.0,7.0,114.3,0.0,114.3
2480287,23,979988,FUSTECMA NBF CASTELLÓ,AWAY,1932094,J. Gomez Guimera,SF,1680760,S. Carli Del Pino,SF,2087212,L. Ruiz De La Hermosa Arce,SF,2144678,L. Jovena Meseguer,SF,1618451,L. Campos De Bengoa,SF,1.4,85.0,2.0,2.0,0.0,56.5,56.5,0.0
2480287,23,979988,FUSTECMA NBF CASTELLÓ,AWAY,1932094,J. Gomez Guimera,SF,1680760,S. Carli Del Pino,SF,2131367,S. Basaez Narvaez,SF,1460562,C. Perez Relancio,SF,2087212,L. Ruiz De La Hermosa Arce,SF,1.7,100.0,3.0,5.0,-2.0,72.0,120.0,-48.0
2480287,23,979988,FUSTECMA NBF CASTELLÓ,AWAY,1932094,J. Gomez Guimera,SF,1680760,S. Carli Del Pino,SF,2131367,S. Basaez Narvaez,SF,2274867,L. De Giacomo,SF,2087212,L. Ruiz De La Hermosa Arce,SF,3.6,214.0,6.0,8.0,-2.0,67.3,89.7,-22.4
2480287,23,979988,FUSTECMA NBF CASTELLÓ,AWAY,1932094,J. Gomez Guimera,SF,1680760,S. Carli Del Pino,SF,2274867,L. De Giacomo,SF,1460562,C. Perez Relancio,SF,2144678,L. Jovena Meseguer,SF,1.3,80.0,4.0,0.0,4.0,120.0,0.0,120.0
2480287,23,979988,FUSTECMA NBF CASTELLÓ,AWAY,1932094,J. Gomez Guimera,SF,1680760,S. Carli Del Pino,SF,2274867,L. De Giacomo,SF,2087212,L. Ruiz De La Hermosa Arce,SF,1460562,C. Perez Relancio,SF,1.3,79.0,2.0,1.0,1.0,60.8,30.4,30.4
2480287,23,979988,FUSTECMA NBF CASTELLÓ,AWAY,1932094,J. Gomez Guimera,SF,1680760,S. Carli Del Pino,SF,2274867,L. De Giacomo,SF,2087212,L. Ruiz De La Hermosa Arce,SF,1618451,L. Campos De Bengoa,SF,0.5,32.0,3.0,1.0,2.0,225.0,75.0,150.0
2480287,23,979988,FUSTECMA NBF CASTELLÓ,AWAY,1932094,J. Gomez Guimera,SF,1680760,S. Carli Del Pino,SF,2274867,L. De Giacomo,SF,2144678,L. Jovena Meseguer,SF,1618451,L. Campos De Bengoa,SF,1.3,76.0,0.0,4.0,-4.0,0.0,126.3,-126.3
2480287,23,979988,FUSTECMA NBF CASTELLÓ,AWAY,1932094,J. Gomez Guimera,SF,1680760,S. Carli Del Pino,SF,2829993,G. Aiello,SF,1460562,C. Perez Relancio,SF,2087212,L. Ruiz De La Hermosa Arce,SF,1.3,79.0,4.0,2.0,2.0,121.5,60.8,60.8
2480287,23,979988,FUSTECMA NBF CASTELLÓ,AWAY,1932094,J. Gomez Guimera,SF,1680760,S. Carli Del Pino,SF,2829993,G. Aiello,SF,2131367,S. Basaez Narvaez,SF,1460562,C. Perez Relancio,SF,3.9,235.0,7.0,9.0,-2.0,71.5,91.9,-20.4
2480288,23,979971,OSES CONSTRUCCION,AWAY,1044456,M. Asurmendi Villaverde,SF,1824910,S. Castro Marrero,SF,2432513,V. Llorente,SF,2561102,M. Blanco Morcillo,SF,1820835,A. Wone Aranaz,SF,2.0,122.0,2.0,5.0,-3.0,39.3,98.4,-59.0
2480288,23,979971,OSES CONSTRUCCION,AWAY,1044456,M. Asurmendi Villaverde,SF,2561097,A. Diez Pastor,SF,1824910,S. Castro Marrero,SF,2432513,V. Llorente,SF,2561102,M. Blanco Morcillo,SF,0.9,53.0,0.0,5.0,-5.0,0.0,226.4,-226.4
2480288,23,979971,OSES CONSTRUCCION,AWAY,1044456,M. Asurmendi Villaverde,SF,2561097,A. Diez Pastor,SF,2432778,J. Mungo Lanzetti,SF,2432513,V. Llorente,SF,1824910,S. Castro Marrero,SF,0.1,4.0,0.0,0.0,0.0,0.0,0.0,0.0
2480288,23,979971,OSES CONSTRUCCION,AWAY,1588922,L. Gutierrez Lancho,SF,1044456,M. Asurmendi Villaverde,SF,1824910,S. Castro Marrero,SF,2432513,V. Llorente,SF,1820835,A. Wone Aranaz,SF,2.6,157.0,2.0,6.0,-4.0,30.6,91.7,-61.1
2480288,23,979971,OSES CONSTRUCCION,AWAY,1588922,L. Gutierrez Lancho,SF,1824910,S. Castro Marrero,SF,2432513,V. Llorente,SF,2561102,M. Blanco Morcillo,SF,1820835,A. Wone Aranaz,SF,0.3,18.0,0.0,0.0,0.0,0.0,0.0,0.0
2480288,23,979971,OSES CONSTRUCCION,AWAY,1588922,L. Gutierrez Lancho,SF,1824910,S. Castro Marrero,SF,2561102,M. Blanco Morcillo,SF,2432513,V. Llorente,SF,1820835,A. Wone Aranaz,SF,0.9,53.0,2.0,0.0,2.0,90.6,0.0,90.6
2480288,23,979971,OSES CONSTRUCCION,AWAY,1588922,L. Gutierrez Lancho,SF,2364706,F. Parra,SF,1044456,M. Asurmendi Villaverde,SF,2432513,V. Llorente,SF,1820835,A. Wone Aranaz,SF,0.4,26.0,2.0,1.0,1.0,184.6,92.3,92.3
2480288,23,979971,OSES CONSTRUCCION,AWAY,1588922,L. Gutierrez Lancho,SF,2364706,F. Parra,SF,1044456,M. Asurmendi Villaverde,SF,2432778,J. Mungo Lanzetti,SF,1820835,A. Wone Aranaz,SF,1.1,63.0,2.0,4.0,-2.0,76.2,152.4,-76.2
2480288,23,979971,OSES CONSTRUCCION,AWAY,1588922,L. Gutierrez Lancho,SF,2364706,F. Parra,SF,1044456,M. Asurmendi Villaverde,SF,2432778,J. Mungo Lanzetti,SF,2432513,V. Llorente,SF,0.5,27.0,0.0,0.0,0.0,0.0,0.0,0.0
2480288,23,979971,OSES CONSTRUCCION,AWAY,1588922,L. Gutierrez Lancho,SF,2364706,F. Parra,SF,1824910,S. Castro Marrero,SF,2432513,V. Llorente,SF,1820835,A. Wone Aranaz,SF,2.2,130.0,6.0,4.0,2.0,110.8,73.8,36.9
2480288,23,979971,OSES CONSTRUCCION,AWAY,1588922,L. Gutierrez Lancho,SF,2364706,F. Parra,SF,2432778,J. Mungo Lanzetti,SF,1824910,S. Castro Marrero,SF,1820835,A. Wone Aranaz,SF,2.3,138.0,3.0,2.0,1.0,52.2,34.8,17.4
2480288,23,979971,OSES CONSTRUCCION,AWAY,1588922,L. Gutierrez Lancho,SF,2364706,F. Parra,SF,2432778,J. Mungo Lanzetti,SF,2432513,V. Llorente,SF,1824910,S. Castro Marrero,SF,3.8,228.0,4.0,10.0,-6.0,42.1,105.3,-63.2
2480288,23,979971,OSES CONSTRUCCION,AWAY,1588922,L. Gutierrez Lancho,SF,2432778,J. Mungo Lanzetti,SF,1824910,S. Castro Marrero,SF,2561102,M. Blanco Morcillo,SF,1820835,A. Wone Aranaz,SF,1.0,59.0,4.0,3.0,1.0,162.7,122.0,40.7
2480288,23,979971,OSES CONSTRUCCION,AWAY,1588922,L. Gutierrez Lancho,SF,2432778,J. Mungo Lanzetti,SF,1824910,S. Castro Marrero,SF,2561102,M. Blanco Morcillo,SF,2432513,V. Llorente,SF,5.7,341.0,11.0,11.0,0.0,77.4,77.4,0.0
2480288,23,979971,OSES CONSTRUCCION,AWAY,1588922,L. Gutierrez Lancho,SF,2561097,A. Diez Pastor,SF,2432778,J. Mungo Lanzetti,SF,2561102,M. Blanco Morcillo,SF,1820835,A. Wone Aranaz,SF,2.8,171.0,3.0,7.0,-4.0,42.1,98.2,-56.1
2480288,23,979971,OSES CONSTRUCCION,AWAY,2364706,F. Parra,SF,1044456,M. Asurmendi Villaverde,SF,1824910,S. Castro Marrero,SF,2432513,V. Llorente,SF,1820835,A. Wone Aranaz,SF,2.7,164.0,6.0,6.0,0.0,87.8,87.8,0.0
2480288,23,979971,OSES CONSTRUCCION,AWAY,2364706,F. Parra,SF,1044456,M. Asurmendi Villaverde,SF,2432778,J. Mungo Lanzetti,SF,1824910,S. Castro Marrero,SF,2432513,V. Llorente,SF,1.1,64.0,2.0,2.0,0.0,75.0,75.0,0.0
2480288,23,979971,OSES CONSTRUCCION,AWAY,2364706,F. Parra,SF,1044456,M. Asurmendi Villaverde,SF,2561097,A. Diez Pastor,SF,2432513,V. Llorente,SF,1820835,A. Wone Aranaz,SF,1.0,58.0,0.0,2.0,-2.0,0.0,82.8,-82.8
2480288,23,979971,OSES CONSTRUCCION,AWAY,2364706,F. Parra,SF,1044456,M. Asurmendi Villaverde,SF,2561097,A. Diez Pastor,SF,2432778,J. Mungo Lanzetti,SF,1820835,A. Wone Aranaz,SF,1.7,103.0,4.0,2.0,2.0,93.2,46.6,46.6
2480288,23,979971,OSES CONSTRUCCION,AWAY,2364706,F. Parra,SF,1824910,S. Castro Marrero,SF,2561102,M. Blanco Morcillo,SF,2432513,V. Llorente,SF,1820835,A. Wone Aranaz,SF,0.7,42.0,4.0,0.0,4.0,228.6,0.0,228.6
2480288,23,979971,OSES CONSTRUCCION,AWAY,2364706,F. Parra,SF,2432778,J. Mungo Lanzetti,SF,1824910,S. Castro Marrero,SF,2432513,V. Llorente,SF,2561102,M. Blanco Morcillo,SF,1.4,83.0,5.0,0.0,5.0,144.6,0.0,144.6
2480288,23,979971,OSES CONSTRUCCION,AWAY,2364706,F. Parra,SF,2561097,A. Diez Pastor,SF,2432778,J. Mungo Lanzetti,SF,2432513,V. Llorente,SF,2561102,M. Blanco Morcillo,SF,4.9,296.0,12.0,6.0,6.0,97.3,48.6,48.6
2480288,23,981492,CELTA  FEMXA ZORKA,HOME,1898932,M. Gea Becerra,SF,2276545,M. Vizmanos Iglesis,SF,2121212,P. Salinas Mascuñana,SF,2814638,J. Kelliher,SF,2651124,A. Boquete Manna,SF,1.1,64.0,2.0,2.0,0.0,75.0,75.0,0.0
2480288,23,981492,CELTA  FEMXA ZORKA,HOME,2049773,D. Bermejo Escribano,SF,1898932,M. Gea Becerra,SF,2276545,M. Vizmanos Iglesis,SF,2121212,P. Salinas Mascuñana,SF,2814638,J. Kelliher,SF,2.3,136.0,0.0,7.0,-7.0,0.0,123.5,-123.5
2480288,23,981492,CELTA  FEMXA ZORKA,HOME,2644595,I. Vennema,SF,1898932,M. Gea Becerra,SF,2179984,U. Rodríguez Silva,SF,2276545,M. Vizmanos Iglesis,SF,2121212,P. Salinas Mascuñana,SF,3.4,206.0,6.0,10.0,-4.0,69.9,116.5,-46.6
2480288,23,981492,CELTA  FEMXA ZORKA,HOME,2644595,I. Vennema,SF,1898932,M. Gea Becerra,SF,2276545,M. Vizmanos Iglesis,SF,2121212,P. Salinas Mascuñana,SF,2814638,J. Kelliher,SF,4.9,295.0,8.0,5.0,3.0,65.1,40.7,24.4
2480288,23,981492,CELTA  FEMXA ZORKA,HOME,2644595,I. Vennema,SF,2049773,D. Bermejo Escribano,SF,2179984,U. Rodríguez Silva,SF,2121212,P. Salinas Mascuñana,SF,2814638,J. Kelliher,SF,1.6,96.0,2.0,0.0,2.0,50.0,0.0,50.0
2480288,23,981492,CELTA  FEMXA ZORKA,HOME,2644595,I. Vennema,SF,2179984,U. Rodríguez Silva,SF,1898932,M. Gea Becerra,SF,2121212,P. Salinas Mascuñana,SF,2814638,J. Kelliher,SF,0.2,13.0,0.0,3.0,-3.0,0.0,553.8,-553.8
2480288,23,981492,CELTA  FEMXA ZORKA,HOME,2644595,I. Vennema,SF,2179984,U. Rodríguez Silva,SF,1898932,M. Gea Becerra,SF,2276545,M. Vizmanos Iglesis,SF,2121212,P. Salinas Mascuñana,SF,1.0,59.0,3.0,4.0,-1.0,122.0,162.7,-40.7
2480288,23,981492,CELTA  FEMXA ZORKA,HOME,2743289,D. Cabrera Baccon,SF,2049773,D. Bermejo Escribano,SF,1898932,M. Gea Becerra,SF,2121212,P. Salinas Mascuñana,SF,2651124,A. Boquete Manna,SF,2.4,146.0,8.0,2.0,6.0,131.5,32.9,98.6
2480288,23,981492,CELTA  FEMXA ZORKA,HOME,2743289,D. Cabrera Baccon,SF,2049773,D. Bermejo Escribano,SF,1898932,M. Gea Becerra,SF,2121212,P. Salinas Mascuñana,SF,2814638,J. Kelliher,SF,4.9,296.0,6.0,12.0,-6.0,48.6,97.3,-48.6
2480288,23,981492,CELTA  FEMXA ZORKA,HOME,2743289,D. Cabrera Baccon,SF,2049773,D. Bermejo Escribano,SF,2121212,P. Salinas Mascuñana,SF,2814638,J. Kelliher,SF,2651124,A. Boquete Manna,SF,8.9,534.0,21.0,13.0,8.0,94.4,58.4,36.0
2480288,23,981492,CELTA  FEMXA ZORKA,HOME,2743289,D. Cabrera Baccon,SF,2049773,D. Bermejo Escribano,SF,2179984,U. Rodríguez Silva,SF,2121212,P. Salinas Mascuñana,SF,2651124,A. Boquete Manna,SF,1.4,82.0,2.0,2.0,0.0,58.5,58.5,0.0
2480288,23,981492,CELTA  FEMXA ZORKA,HOME,2743289,D. Cabrera Baccon,SF,2049773,D. Bermejo Escribano,SF,2179984,U. Rodríguez Silva,SF,2121212,P. Salinas Mascuñana,SF,2814638,J. Kelliher,SF,1.0,62.0,5.0,0.0,5.0,193.5,0.0,193.5
2480288,23,981492,CELTA  FEMXA ZORKA,HOME,2743289,D. Cabrera Baccon,SF,2644595,I. Vennema,SF,1898932,M. Gea Becerra,SF,2179984,U. Rodríguez Silva,SF,2276545,M. Vizmanos Iglesis,SF,3.8,224.0,8.0,6.0,2.0,85.7,64.3,21.4
2480288,23,981492,CELTA  FEMXA ZORKA,HOME,2743289,D. Cabrera Baccon,SF,2644595,I. Vennema,SF,1898932,M. Gea Becerra,SF,2276545,M. Vizmanos Iglesis,SF,2121212,P. Salinas Mascuñana,SF,0.9,53.0,1.0,2.0,-1.0,45.3,90.6,-45.3
2480288,23,981492,CELTA  FEMXA ZORKA,HOME,2743289,D. Cabrera Baccon,SF,2644595,I. Vennema,SF,2049773,D. Bermejo Escribano,SF,1898932,M. Gea Becerra,SF,2121212,P. Salinas Mascuñana,SF,0.1,4.0,0.0,0.0,0.0,0.0,0.0,0.0
2480288,23,981492,CELTA  FEMXA ZORKA,HOME,2743289,D. Cabrera Baccon,SF,2644595,I. Vennema,SF,2049773,D. Bermejo Escribano,SF,2121212,P. Salinas Mascuñana,SF,2651124,A. Boquete Manna,SF,2.2,130.0,4.0,6.0,-2.0,73.8,110.8,-36.9
2480289,24,981206,MCR LIMA-HORTA BARCELONA,HOME,1494221,L. Soler Madariaga,SF,1959765,J. Rueda Choni,SF,1886093,E. Escuder Gonzalez,SF,1912814,N. Barrientos Pereira,SF,2042157,C. Ripoll Moya,SF,2.4,146.0,4.0,2.0,2.0,65.8,32.9,32.9
2480289,24,981206,MCR LIMA-HORTA BARCELONA,HOME,1494221,L. Soler Madariaga,SF,1959765,J. Rueda Choni,SF,1958425,L. Roig I Salrach,SF,1912814,N. Barrientos Pereira,SF,2042157,C. Ripoll Moya,SF,0.6,37.0,0.0,0.0,0.0,0.0,0.0,0.0
2480289,24,981206,MCR LIMA-HORTA BARCELONA,HOME,2049841,E. Trawally Porta,SF,1494221,L. Soler Madariaga,SF,1908281,M. Aguado Tortella,SF,1959765,J. Rueda Choni,SF,2042157,C. Ripoll Moya,SF,3.0,177.0,1.0,10.0,-9.0,13.6,135.6,-122.0
2480289,24,981206,MCR LIMA-HORTA BARCELONA,HOME,2049841,E. Trawally Porta,SF,1494221,L. Soler Madariaga,SF,1959765,J. Rueda Choni,SF,1958425,L. Roig I Salrach,SF,1912814,N. Barrientos Pereira,SF,2.6,153.0,0.0,4.0,-4.0,0.0,62.7,-62.7
2480289,24,981206,MCR LIMA-HORTA BARCELONA,HOME,2049841,E. Trawally Porta,SF,1908281,M. Aguado Tortella,SF,1958425,L. Roig I Salrach,SF,1886093,E. Escuder Gonzalez,SF,2042157,C. Ripoll Moya,SF,1.1,69.0,0.0,4.0,-4.0,0.0,139.1,-139.1
2480289,24,981206,MCR LIMA-HORTA BARCELONA,HOME,2049841,E. Trawally Porta,SF,1908281,M. Aguado Tortella,SF,1959765,J. Rueda Choni,SF,1886093,E. Escuder Gonzalez,SF,2042157,C. Ripoll Moya,SF,3.1,187.0,4.0,7.0,-3.0,51.3,89.8,-38.5
2480289,24,981206,MCR LIMA-HORTA BARCELONA,HOME,2235190,E. Morales López,SF,1494221,L. Soler Madariaga,SF,1886093,E. Escuder Gonzalez,SF,1958425,L. Roig I Salrach,SF,1912814,N. Barrientos Pereira,SF,1.9,115.0,3.0,5.0,-2.0,62.6,104.3,-41.7
2480289,24,981206,MCR LIMA-HORTA BARCELONA,HOME,2235190,E. Morales López,SF,1494221,L. Soler Madariaga,SF,1908281,M. Aguado Tortella,SF,1959765,J. Rueda Choni,SF,1912814,N. Barrientos Pereira,SF,0.9,57.0,2.0,0.0,2.0,84.2,0.0,84.2
2480289,24,981206,MCR LIMA-HORTA BARCELONA,HOME,2235190,E. Morales López,SF,1494221,L. Soler Madariaga,SF,1959765,J. Rueda Choni,SF,1958425,L. Roig I Salrach,SF,1912814,N. Barrientos Pereira,SF,5.5,330.0,9.0,3.0,6.0,65.5,21.8,43.6
2480289,24,981206,MCR LIMA-HORTA BARCELONA,HOME,2235190,E. Morales López,SF,1908281,M. Aguado Tortella,SF,1886093,E. Escuder Gonzalez,SF,1958425,L. Roig I Salrach,SF,1912814,N. Barrientos Pereira,SF,2.1,124.0,0.0,6.0,-6.0,0.0,116.1,-116.1
2480289,24,981206,MCR LIMA-HORTA BARCELONA,HOME,2235190,E. Morales López,SF,1908281,M. Aguado Tortella,SF,1959765,J. Rueda Choni,SF,1912814,N. Barrientos Pereira,SF,2042157,C. Ripoll Moya,SF,1.8,112.0,0.0,4.0,-4.0,0.0,85.7,-85.7
2480289,24,981206,MCR LIMA-HORTA BARCELONA,HOME,2235190,E. Morales López,SF,2049841,E. Trawally Porta,SF,1908281,M. Aguado Tortella,SF,1958425,L. Roig I Salrach,SF,1886093,E. Escuder Gonzalez,SF,1.9,115.0,0.0,7.0,-7.0,0.0,146.1,-146.1
2480289,24,981206,MCR LIMA-HORTA BARCELONA,HOME,2235190,E. Morales López,SF,2049841,E. Trawally Porta,SF,1908281,M. Aguado Tortella,SF,1958425,L. Roig I Salrach,SF,1912814,N. Barrientos Pereira,SF,1.1,65.0,2.0,2.0,0.0,73.8,73.8,0.0
2480289,24,981206,MCR LIMA-HORTA BARCELONA,HOME,2235190,E. Morales López,SF,2049841,E. Trawally Porta,SF,1908281,M. Aguado Tortella,SF,1959765,J. Rueda Choni,SF,1912814,N. Barrientos Pereira,SF,2.3,136.0,0.0,4.0,-4.0,0.0,70.6,-70.6
2480289,24,981206,MCR LIMA-HORTA BARCELONA,HOME,2235190,E. Morales López,SF,2049841,E. Trawally Porta,SF,1908281,M. Aguado Tortella,SF,1959765,J. Rueda Choni,SF,2042157,C. Ripoll Moya,SF,9.1,552.0,16.0,22.0,-6.0,69.6,95.7,-26.1
2480289,24,981206,MCR LIMA-HORTA BARCELONA,HOME,2235190,E. Morales López,SF,2049841,E. Trawally Porta,SF,1959765,J. Rueda Choni,SF,1958425,L. Roig I Salrach,SF,1912814,N. Barrientos Pereira,SF,0.4,25.0,0.0,2.0,-2.0,0.0,192.0,-192.0
2480289,24,981492,CELTA  FEMXA ZORKA,AWAY,1898932,M. Gea Becerra,SF,2276545,M. Vizmanos Iglesis,SF,2121212,P. Salinas Mascuñana,SF,2814638,J. Kelliher,SF,2651124,A. Boquete Manna,SF,2.2,133.0,6.0,3.0,3.0,108.3,54.1,54.1
2480289,24,981492,CELTA  FEMXA ZORKA,AWAY,2644595,I. Vennema,SF,1898932,M. Gea Becerra,SF,2121212,P. Salinas Mascuñana,SF,2814638,J. Kelliher,SF,2651124,A. Boquete Manna,SF,3.9,239.0,11.0,4.0,7.0,110.5,40.2,70.3
2480289,24,981492,CELTA  FEMXA ZORKA,AWAY,2644595,I. Vennema,SF,1898932,M. Gea Becerra,SF,2276545,M. Vizmanos Iglesis,SF,2121212,P. Salinas Mascuñana,SF,2814638,J. Kelliher,SF,2.0,119.0,4.0,0.0,4.0,80.7,0.0,80.7
2480289,24,981492,CELTA  FEMXA ZORKA,AWAY,2644595,I. Vennema,SF,2049773,D. Bermejo Escribano,SF,1898932,M. Gea Becerra,SF,2121212,P. Salinas Mascuñana,SF,2814638,J. Kelliher,SF,1.5,92.0,4.0,0.0,4.0,104.3,0.0,104.3
2480289,24,981492,CELTA  FEMXA ZORKA,AWAY,2644595,I. Vennema,SF,2049773,D. Bermejo Escribano,SF,2179984,U. Rodríguez Silva,SF,2121212,P. Salinas Mascuñana,SF,2814638,J. Kelliher,SF,2.2,135.0,7.0,0.0,7.0,124.4,0.0,124.4
2480289,24,981492,CELTA  FEMXA ZORKA,AWAY,2644595,I. Vennema,SF,2049773,D. Bermejo Escribano,SF,2179984,U. Rodríguez Silva,SF,2276545,M. Vizmanos Iglesis,SF,2121212,P. Salinas Mascuñana,SF,3.8,227.0,7.0,5.0,2.0,74.0,52.9,21.1
2480289,24,981492,CELTA  FEMXA ZORKA,AWAY,2644595,I. Vennema,SF,2049773,D. Bermejo Escribano,SF,2276545,M. Vizmanos Iglesis,SF,2121212,P. Salinas Mascuñana,SF,2814638,J. Kelliher,SF,0.7,41.0,2.0,0.0,2.0,117.1,0.0,117.1
2480289,24,981492,CELTA  FEMXA ZORKA,AWAY,2743289,D. Cabrera Baccon,SF,1898932,M. Gea Becerra,SF,2121212,P. Salinas Mascuñana,SF,2814638,J. Kelliher,SF,2651124,A. Boquete Manna,SF,3.1,184.0,12.0,0.0,12.0,156.5,0.0,156.5
2480289,24,981492,CELTA  FEMXA ZORKA,AWAY,2743289,D. Cabrera Baccon,SF,1898932,M. Gea Becerra,SF,2179984,U. Rodríguez Silva,SF,2276545,M. Vizmanos Iglesis,SF,2121212,P. Salinas Mascuñana,SF,1.5,89.0,2.0,4.0,-2.0,53.9,107.9,-53.9
2480289,24,981492,CELTA  FEMXA ZORKA,AWAY,2743289,D. Cabrera Baccon,SF,1898932,M. Gea Becerra,SF,2276545,M. Vizmanos Iglesis,SF,2121212,P. Salinas Mascuñana,SF,2651124,A. Boquete Manna,SF,2.1,125.0,5.0,1.0,4.0,96.0,19.2,76.8
2480289,24,981492,CELTA  FEMXA ZORKA,AWAY,2743289,D. Cabrera Baccon,SF,2049773,D. Bermejo Escribano,SF,1898932,M. Gea Becerra,SF,2121212,P. Salinas Mascuñana,SF,2814638,J. Kelliher,SF,1.0,61.0,0.0,2.0,-2.0,0.0,78.7,-78.7
2480289,24,981492,CELTA  FEMXA ZORKA,AWAY,2743289,D. Cabrera Baccon,SF,2049773,D. Bermejo Escribano,SF,1898932,M. Gea Becerra,SF,2276545,M. Vizmanos Iglesis,SF,2121212,P. Salinas Mascuñana,SF,2.4,147.0,0.0,2.0,-2.0,0.0,32.7,-32.7
2480289,24,981492,CELTA  FEMXA ZORKA,AWAY,2743289,D. Cabrera Baccon,SF,2049773,D. Bermejo Escribano,SF,2179984,U. Rodríguez Silva,SF,2814638,J. Kelliher,SF,2651124,A. Boquete Manna,SF,5.5,331.0,13.0,11.0,2.0,94.3,79.8,14.5
2480289,24,981492,CELTA  FEMXA ZORKA,AWAY,2743289,D. Cabrera Baccon,SF,2644595,I. Vennema,SF,1898932,M. Gea Becerra,SF,2276545,M. Vizmanos Iglesis,SF,2121212,P. Salinas Mascuñana,SF,3.5,210.0,9.0,3.0,6.0,102.9,34.3,68.6
2480289,24,981492,CELTA  FEMXA ZORKA,AWAY,2743289,D. Cabrera Baccon,SF,2644595,I. Vennema,SF,2049773,D. Bermejo Escribano,SF,2179984,U. Rodríguez Silva,SF,2276545,M. Vizmanos Iglesis,SF,4.4,267.0,0.0,6.0,-6.0,0.0,53.9,-53.9
2480290,24,979952,LA LAGUNA TOYOTA  ADAREVA,AWAY,1128614,I. Arregui Mariezcurrena,PG,2735173,M. Forsyth,SF,1613926,M. Gomez Fernandez,SF,1878753,N. Ibañez Silvestre,C,2341227,A. Montaño Muñoz,C,0.9,53.0,2.0,3.0,-1.0,90.6,135.8,-45.3
2480290,24,979952,LA LAGUNA TOYOTA  ADAREVA,AWAY,1128614,I. Arregui Mariezcurrena,PG,2735173,M. Forsyth,SF,1613926,M. Gomez Fernandez,SF,1878753,N. Ibañez Silvestre,C,2816766,A. Coulibaly,C,2.6,158.0,6.0,7.0,-1.0,91.1,106.3,-15.2
2480290,24,979952,LA LAGUNA TOYOTA  ADAREVA,AWAY,1128614,I. Arregui Mariezcurrena,PG,2735173,M. Forsyth,SF,1613926,M. Gomez Fernandez,SF,2341227,A. Montaño Muñoz,C,2816766,A. Coulibaly,C,0.7,39.0,1.0,2.0,-1.0,61.5,123.1,-61.5
2480290,24,979952,LA LAGUNA TOYOTA  ADAREVA,AWAY,2151715,J. Nogués Martí,PG,1128614,I. Arregui Mariezcurrena,PG,1613926,M. Gomez Fernandez,SF,1878753,N. Ibañez Silvestre,C,2341227,A. Montaño Muñoz,C,2.8,169.0,2.0,5.0,-3.0,28.4,71.0,-42.6
2480290,24,979952,LA LAGUNA TOYOTA  ADAREVA,AWAY,2151715,J. Nogués Martí,PG,1128614,I. Arregui Mariezcurrena,PG,1613926,M. Gomez Fernandez,SF,2341227,A. Montaño Muñoz,C,2816766,A. Coulibaly,C,0.1,7.0,0.0,0.0,0.0,0.0,0.0,0.0
2480290,24,979952,LA LAGUNA TOYOTA  ADAREVA,AWAY,2151715,J. Nogués Martí,PG,1128614,I. Arregui Mariezcurrena,PG,2735173,M. Forsyth,SF,1613926,M. Gomez Fernandez,SF,2816766,A. Coulibaly,C,16.1,963.0,16.0,24.0,-8.0,39.9,59.8,-19.9
2480290,24,979952,LA LAGUNA TOYOTA  ADAREVA,AWAY,2151715,J. Nogués Martí,PG,1128614,I. Arregui Mariezcurrena,PG,2735173,M. Forsyth,SF,1878753,N. Ibañez Silvestre,C,2341227,A. Montaño Muñoz,C,1.6,98.0,2.0,7.0,-5.0,49.0,171.4,-122.4
2480290,24,979952,LA LAGUNA TOYOTA  ADAREVA,AWAY,2151715,J. Nogués Martí,PG,2246211,L. Yohann Siverio,PG,1128614,I. Arregui Mariezcurrena,PG,2341227,A. Montaño Muñoz,C,2816766,A. Coulibaly,C,2.2,133.0,4.0,4.0,0.0,72.2,72.2,0.0
2480290,24,979952,LA LAGUNA TOYOTA  ADAREVA,AWAY,2151715,J. Nogués Martí,PG,2246211,L. Yohann Siverio,PG,2735173,M. Forsyth,SF,1613926,M. Gomez Fernandez,SF,1878753,N. Ibañez Silvestre,C,2.1,123.0,0.0,0.0,0.0,0.0,0.0,0.0
2480290,24,979952,LA LAGUNA TOYOTA  ADAREVA,AWAY,2151715,J. Nogués Martí,PG,2246211,L. Yohann Siverio,PG,2735173,M. Forsyth,SF,1613926,M. Gomez Fernandez,SF,2816766,A. Coulibaly,C,5.0,300.0,14.0,6.0,8.0,112.0,48.0,64.0
2480290,24,979952,LA LAGUNA TOYOTA  ADAREVA,AWAY,2151715,J. Nogués Martí,PG,2246211,L. Yohann Siverio,PG,2735173,M. Forsyth,SF,1878753,N. Ibañez Silvestre,C,2341227,A. Montaño Muñoz,C,2.0,118.0,2.0,4.0,-2.0,40.7,81.4,-40.7
2480290,24,979952,LA LAGUNA TOYOTA  ADAREVA,AWAY,2151715,J. Nogués Martí,PG,2735173,M. Forsyth,SF,1613926,M. Gomez Fernandez,SF,1878753,N. Ibañez Silvestre,C,2816766,A. Coulibaly,C,0.4,25.0,2.0,0.0,2.0,192.0,0.0,192.0
2480290,24,979952,LA LAGUNA TOYOTA  ADAREVA,AWAY,2151715,J. Nogués Martí,PG,2735173,M. Forsyth,SF,1613926,M. Gomez Fernandez,SF,2341227,A. Montaño Muñoz,C,2816766,A. Coulibaly,C,1.8,106.0,2.0,6.0,-4.0,45.3,135.8,-90.6
2480290,24,979952,LA LAGUNA TOYOTA  ADAREVA,AWAY,2246211,L. Yohann Siverio,PG,1128614,I. Arregui Mariezcurrena,PG,2735173,M. Forsyth,SF,1878753,N. Ibañez Silvestre,C,2341227,A. Montaño Muñoz,C,1.8,108.0,1.0,5.0,-4.0,22.2,111.1,-88.9
2480290,24,979971,OSES CONSTRUCCION,HOME,1044456,M. Asurmendi Villaverde,PG,2364706,F. Parra,SG,1824910,S. Castro Marrero,SF,1820835,A. Wone Aranaz,PF,2432778,J. Mungo Lanzetti,PF,1.5,93.0,3.0,4.0,-1.0,77.4,103.2,-25.8
2480290,24,979971,OSES CONSTRUCCION,HOME,1044456,M. Asurmendi Villaverde,PG,2364706,F. Parra,SG,2561097,A. Diez Pastor,SF,1820835,A. Wone Aranaz,PF,2432778,J. Mungo Lanzetti,PF,0.7999999999999999,45.0,0.0,1.0,-1.0,0.0,53.3,-53.3
2480290,24,979971,OSES CONSTRUCCION,HOME,1044456,M. Asurmendi Villaverde,PG,2561102,M. Blanco Morcillo,PG,1824910,S. Castro Marrero,SF,1820835,A. Wone Aranaz,PF,2432778,J. Mungo Lanzetti,PF,1.6,95.0,3.0,0.0,3.0,75.8,0.0,75.8
2480290,24,979971,OSES CONSTRUCCION,HOME,1044456,M. Asurmendi Villaverde,PG,2561102,M. Blanco Morcillo,PG,2364706,F. Parra,SG,1824910,S. Castro Marrero,SF,2432778,J. Mungo Lanzetti,PF,3.1,185.0,4.0,6.0,-2.0,51.9,77.8,-25.9
2480290,24,979971,OSES CONSTRUCCION,HOME,1044456,M. Asurmendi Villaverde,PG,2561102,M. Blanco Morcillo,PG,2364706,F. Parra,SG,2561097,A. Diez Pastor,SF,1820835,A. Wone Aranaz,PF,2.1,127.0,2.0,8.0,-6.0,37.8,151.2,-113.4
2480290,24,979971,OSES CONSTRUCCION,HOME,1044456,M. Asurmendi Villaverde,PG,2561102,M. Blanco Morcillo,PG,2561097,A. Diez Pastor,SF,1820835,A. Wone Aranaz,PF,2432778,J. Mungo Lanzetti,PF,2.4,141.0,4.0,1.0,3.0,68.1,17.0,51.1
2480290,24,979971,OSES CONSTRUCCION,HOME,1044456,M. Asurmendi Villaverde,PG,2561102,M. Blanco Morcillo,PG,2561097,A. Diez Pastor,SF,1824910,S. Castro Marrero,SF,2432778,J. Mungo Lanzetti,PF,1.6,98.0,7.0,2.0,5.0,171.4,49.0,122.4
2480290,24,979971,OSES CONSTRUCCION,HOME,1588922,L. Gutierrez Lancho,PG,1824910,S. Castro Marrero,SF,1820835,A. Wone Aranaz,PF,2432778,J. Mungo Lanzetti,PF,1593987,M. Recarte Mendive,C,4.0,242.0,9.0,4.0,5.0,89.3,39.7,49.6
2480290,24,979971,OSES CONSTRUCCION,HOME,1588922,L. Gutierrez Lancho,PG,1882395,A. Elso Aramendia,SG,2364706,F. Parra,SG,2561097,A. Diez Pastor,SF,1820835,A. Wone Aranaz,PF,2.2,133.0,4.0,4.0,0.0,72.2,72.2,0.0
2480290,24,979971,OSES CONSTRUCCION,HOME,1588922,L. Gutierrez Lancho,PG,2364706,F. Parra,SG,1824910,S. Castro Marrero,SF,1820835,A. Wone Aranaz,PF,2432778,J. Mungo Lanzetti,PF,10.700000000000001,634.0,20.0,11.0,9.0,75.7,41.6,34.1
2480290,24,979971,OSES CONSTRUCCION,HOME,1588922,L. Gutierrez Lancho,PG,2364706,F. Parra,SG,2561097,A. Diez Pastor,SF,1820835,A. Wone Aranaz,PF,2432778,J. Mungo Lanzetti,PF,1.2,74.0,0.0,4.0,-4.0,0.0,129.7,-129.7
2480290,24,979971,OSES CONSTRUCCION,HOME,1588922,L. Gutierrez Lancho,PG,2561097,A. Diez Pastor,SF,1824910,S. Castro Marrero,SF,1820835,A. Wone Aranaz,PF,2432778,J. Mungo Lanzetti,PF,4.2,254.0,8.0,4.0,4.0,75.6,37.8,37.8
2480290,24,979971,OSES CONSTRUCCION,HOME,1588922,L. Gutierrez Lancho,PG,2561102,M. Blanco Morcillo,PG,2364706,F. Parra,SG,1820835,A. Wone Aranaz,PF,2432778,J. Mungo Lanzetti,PF,2.2,129.0,5.0,3.0,2.0,93.0,55.8,37.2
2480290,24,979971,OSES CONSTRUCCION,HOME,2561102,M. Blanco Morcillo,PG,2364706,F. Parra,SG,1824910,S. Castro Marrero,SF,1820835,A. Wone Aranaz,PF,2432778,J. Mungo Lanzetti,PF,0.5,32.0,0.0,0.0,0.0,0.0,0.0,0.0
2480290,24,979971,OSES CONSTRUCCION,HOME,2561102,M. Blanco Morcillo,PG,2364706,F. Parra,SG,2561097,A. Diez Pastor,SF,1824910,S. Castro Marrero,SF,2432778,J. Mungo Lanzetti,PF,2.0,118.0,4.0,2.0,2.0,81.4,40.7,40.7
2480291,24,979988,FUSTECMA NBF CASTELLÓ,HOME,1680760,S. Carli Del Pino,SF,2131367,S. Basaez Narvaez,SF,2383616,F. Asemota Augustine,SF,2274867,L. De Giacomo,SF,2144678,L. Jovena Meseguer,SF,3.3,200.0,8.0,7.0,1.0,96.0,84.0,12.0
2480291,24,979988,FUSTECMA NBF CASTELLÓ,HOME,1680760,S. Carli Del Pino,SF,2829993,G. Aiello,SF,1460562,C. Perez Relancio,SF,2087212,L. Ruiz De La Hermosa Arce,SF,1618451,L. Campos De Bengoa,SF,4.6,273.0,2.0,8.0,-6.0,17.6,70.3,-52.7
2480291,24,979988,FUSTECMA NBF CASTELLÓ,HOME,1680760,S. Carli Del Pino,SF,2829993,G. Aiello,SF,2131367,S. Basaez Narvaez,SF,2274867,L. De Giacomo,SF,2087212,L. Ruiz De La Hermosa Arce,SF,1.9,110.0,4.0,3.0,1.0,87.3,65.5,21.8
2480291,24,979988,FUSTECMA NBF CASTELLÓ,HOME,1680760,S. Carli Del Pino,SF,2829993,G. Aiello,SF,2131367,S. Basaez Narvaez,SF,2383616,F. Asemota Augustine,SF,1460562,C. Perez Relancio,SF,1.8,107.0,6.0,8.0,-2.0,134.6,179.4,-44.9
2480291,24,979988,FUSTECMA NBF CASTELLÓ,HOME,1680760,S. Carli Del Pino,SF,2829993,G. Aiello,SF,2131367,S. Basaez Narvaez,SF,2383616,F. Asemota Augustine,SF,2087212,L. Ruiz De La Hermosa Arce,SF,1.2,72.0,3.0,6.0,-3.0,100.0,200.0,-100.0
2480291,24,979988,FUSTECMA NBF CASTELLÓ,HOME,1932094,J. Gomez Guimera,SF,1680760,S. Carli Del Pino,SF,2131367,S. Basaez Narvaez,SF,2274867,L. De Giacomo,SF,2144678,L. Jovena Meseguer,SF,0.6,38.0,2.0,0.0,2.0,126.3,0.0,126.3
2480291,24,979988,FUSTECMA NBF CASTELLÓ,HOME,1932094,J. Gomez Guimera,SF,1680760,S. Carli Del Pino,SF,2131367,S. Basaez Narvaez,SF,2274867,L. De Giacomo,SF,2383616,F. Asemota Augustine,SF,4.2,255.0,10.0,1.0,9.0,94.1,9.4,84.7
2480291,24,979988,FUSTECMA NBF CASTELLÓ,HOME,1932094,J. Gomez Guimera,SF,1680760,S. Carli Del Pino,SF,2131367,S. Basaez Narvaez,SF,2383616,F. Asemota Augustine,SF,2274867,L. De Giacomo,SF,0.3,21.0,0.0,0.0,0.0,0.0,0.0,0.0
2480291,24,979988,FUSTECMA NBF CASTELLÓ,HOME,1932094,J. Gomez Guimera,SF,1680760,S. Carli Del Pino,SF,2829993,G. Aiello,SF,2131367,S. Basaez Narvaez,SF,2274867,L. De Giacomo,SF,1.1,65.0,2.0,2.0,0.0,73.8,73.8,0.0
2480291,24,979988,FUSTECMA NBF CASTELLÓ,HOME,1932094,J. Gomez Guimera,SF,1680760,S. Carli Del Pino,SF,2829993,G. Aiello,SF,2131367,S. Basaez Narvaez,SF,2383616,F. Asemota Augustine,SF,16.9,996.0,29.0,21.0,8.0,69.9,50.6,19.3
2480291,24,979988,FUSTECMA NBF CASTELLÓ,HOME,1932094,J. Gomez Guimera,SF,1680760,S. Carli Del Pino,SF,2829993,G. Aiello,SF,2383616,F. Asemota Augustine,SF,2087212,L. Ruiz De La Hermosa Arce,SF,1.7,97.0,1.0,4.0,-3.0,24.7,99.0,-74.2
2480291,24,979988,FUSTECMA NBF CASTELLÓ,HOME,1932094,J. Gomez Guimera,SF,1680760,S. Carli Del Pino,SF,2829993,G. Aiello,SF,2383616,F. Asemota Augustine,SF,2274867,L. De Giacomo,SF,2.7,166.0,2.0,0.0,2.0,28.9,0.0,28.9
2480291,24,981346,LA CORDÁ DE PATERNA NB,AWAY,2049442,I. Broncano Avellaneda,SF,1632609,C. Che Tortola,SF,2864802,N. Lagowski,SF,2561096,A. Prim Giro,SF,2071471,P. Saravia Logroño,SF,1.1,65.0,2.0,2.0,0.0,73.8,73.8,0.0
2480291,24,981346,LA CORDÁ DE PATERNA NB,AWAY,2049442,I. Broncano Avellaneda,SF,1687305,L. Segura Moreno,SF,2864802,N. Lagowski,SF,2561096,A. Prim Giro,SF,2071471,P. Saravia Logroño,SF,0.6,37.0,0.0,2.0,-2.0,0.0,129.7,-129.7
2480291,24,981346,LA CORDÁ DE PATERNA NB,AWAY,2049442,I. Broncano Avellaneda,SF,2163606,C. Sancho Mauri,SF,2173687,M. Llompart Perello,SF,2024557,M. Bleda Ortega,SF,2071471,P. Saravia Logroño,SF,0.6,40.0,0.0,0.0,0.0,0.0,0.0,0.0
2480291,24,981346,LA CORDÁ DE PATERNA NB,AWAY,2049442,I. Broncano Avellaneda,SF,2173687,M. Llompart Perello,SF,1687305,L. Segura Moreno,SF,2864802,N. Lagowski,SF,2024557,M. Bleda Ortega,SF,4.5,265.0,11.0,0.0,11.0,99.6,0.0,99.6
2480291,24,981346,LA CORDÁ DE PATERNA NB,AWAY,2049442,I. Broncano Avellaneda,SF,2173687,M. Llompart Perello,SF,1687305,L. Segura Moreno,SF,2864802,N. Lagowski,SF,2071471,P. Saravia Logroño,SF,0.6,34.0,0.0,2.0,-2.0,0.0,141.2,-141.2
2480291,24,981346,LA CORDÁ DE PATERNA NB,AWAY,2049442,I. Broncano Avellaneda,SF,2173687,M. Llompart Perello,SF,2864802,N. Lagowski,SF,1687305,L. Segura Moreno,SF,2024557,M. Bleda Ortega,SF,4.7,284.0,8.0,8.0,0.0,67.6,67.6,0.0
2480291,24,981346,LA CORDÁ DE PATERNA NB,AWAY,2049442,I. Broncano Avellaneda,SF,2173687,M. Llompart Perello,SF,2864802,N. Lagowski,SF,2024557,M. Bleda Ortega,SF,2071471,P. Saravia Logroño,SF,1.2,68.0,2.0,3.0,-1.0,70.6,105.9,-35.3
2480291,24,981346,LA CORDÁ DE PATERNA NB,AWAY,2049442,I. Broncano Avellaneda,SF,2653963,A. Traore,SF,1687305,L. Segura Moreno,SF,2561096,A. Prim Giro,SF,2071471,P. Saravia Logroño,SF,4.6,271.0,12.0,8.0,4.0,106.3,70.8,35.4
2480291,24,981346,LA CORDÁ DE PATERNA NB,AWAY,2049442,I. Broncano Avellaneda,SF,2653963,A. Traore,SF,2173687,M. Llompart Perello,SF,1687305,L. Segura Moreno,SF,2024557,M. Bleda Ortega,SF,2.0,119.0,3.0,2.0,1.0,60.5,40.3,20.2
2480291,24,981346,LA CORDÁ DE PATERNA NB,AWAY,2049442,I. Broncano Avellaneda,SF,2796302,P. Gabriel,SF,1632609,C. Che Tortola,SF,2024557,M. Bleda Ortega,SF,2561096,A. Prim Giro,SF,1.3,82.0,0.0,5.0,-5.0,0.0,146.3,-146.3
2480291,24,981346,LA CORDÁ DE PATERNA NB,AWAY,2049442,I. Broncano Avellaneda,SF,2796302,P. Gabriel,SF,1687305,L. Segura Moreno,SF,2561096,A. Prim Giro,SF,2071471,P. Saravia Logroño,SF,1.0,62.0,3.0,3.0,0.0,116.1,116.1,0.0
2480291,24,981346,LA CORDÁ DE PATERNA NB,AWAY,2049442,I. Broncano Avellaneda,SF,2864802,N. Lagowski,SF,1687305,L. Segura Moreno,SF,2024557,M. Bleda Ortega,SF,2561096,A. Prim Giro,SF,0.8,47.0,0.0,0.0,0.0,0.0,0.0,0.0
2480291,24,981346,LA CORDÁ DE PATERNA NB,AWAY,2049442,I. Broncano Avellaneda,SF,2864802,N. Lagowski,SF,1687305,L. Segura Moreno,SF,2561096,A. Prim Giro,SF,2071471,P. Saravia Logroño,SF,3.7,225.0,8.0,13.0,-5.0,85.3,138.7,-53.3
2480291,24,981346,LA CORDÁ DE PATERNA NB,AWAY,2163606,C. Sancho Mauri,SF,2173687,M. Llompart Perello,SF,2864802,N. Lagowski,SF,2024557,M. Bleda Ortega,SF,2071471,P. Saravia Logroño,SF,3.2,182.0,5.0,3.0,2.0,65.9,39.6,26.4
2480291,24,981346,LA CORDÁ DE PATERNA NB,AWAY,2163606,C. Sancho Mauri,SF,2864802,N. Lagowski,SF,2024557,M. Bleda Ortega,SF,2561096,A. Prim Giro,SF,2071471,P. Saravia Logroño,SF,0.5,28.0,0.0,0.0,0.0,0.0,0.0,0.0
2480291,24,981346,LA CORDÁ DE PATERNA NB,AWAY,2653963,A. Traore,SF,2049442,I. Broncano Avellaneda,SF,1687305,L. Segura Moreno,SF,2561096,A. Prim Giro,SF,2071471,P. Saravia Logroño,SF,1.9,112.0,3.0,4.0,-1.0,64.3,85.7,-21.4
2480291,24,981346,LA CORDÁ DE PATERNA NB,AWAY,2653963,A. Traore,SF,2049442,I. Broncano Avellaneda,SF,2173687,M. Llompart Perello,SF,1687305,L. Segura Moreno,SF,2024557,M. Bleda Ortega,SF,2.8,166.0,0.0,4.0,-4.0,0.0,57.8,-57.8
2480291,24,981346,LA CORDÁ DE PATERNA NB,AWAY,2653963,A. Traore,SF,2049442,I. Broncano Avellaneda,SF,2173687,M. Llompart Perello,SF,1687305,L. Segura Moreno,SF,2071471,P. Saravia Logroño,SF,1.7,102.0,2.0,3.0,-1.0,47.1,70.6,-23.5
2480291,24,981346,LA CORDÁ DE PATERNA NB,AWAY,2796302,P. Gabriel,SF,1632609,C. Che Tortola,SF,1687305,L. Segura Moreno,SF,2024557,M. Bleda Ortega,SF,2561096,A. Prim Giro,SF,1.0,61.0,0.0,2.0,-2.0,0.0,78.7,-78.7
2480291,24,981346,LA CORDÁ DE PATERNA NB,AWAY,2796302,P. Gabriel,SF,2173687,M. Llompart Perello,SF,1687305,L. Segura Moreno,SF,2024557,M. Bleda Ortega,SF,2561096,A. Prim Giro,SF,2.5,150.0,1.0,5.0,-4.0,16.0,80.0,-64.0
2480292,24,979912,DOMUSA TEKNIK ISB,AWAY,1894119,S. Iparraguirre Alustiza,SF,2364470,G. Leaupepe,SF,2021400,M. Gutierrez Ibañez,SF,1721468,C. Villamor Aparicio,SF,2818816,I. Araújo Gouveia Vieira,SF,0.1,9.0,0.0,0.0,0.0,0.0,0.0,0.0
2480292,24,979912,DOMUSA TEKNIK ISB,AWAY,1894119,S. Iparraguirre Alustiza,SF,2364470,G. Leaupepe,SF,2021400,M. Gutierrez Ibañez,SF,2818813,E. Lalotte,SF,2818816,I. Araújo Gouveia Vieira,SF,0.2,10.0,0.0,2.0,-2.0,0.0,480.0,-480.0
2480292,24,979912,DOMUSA TEKNIK ISB,AWAY,1894119,S. Iparraguirre Alustiza,SF,2364470,G. Leaupepe,SF,2818813,E. Lalotte,SF,2021400,M. Gutierrez Ibañez,SF,1721468,C. Villamor Aparicio,SF,0.1,9.0,0.0,0.0,0.0,0.0,0.0,0.0
2480292,24,979912,DOMUSA TEKNIK ISB,AWAY,2145033,A. Lizundia Arozena,SF,2021400,M. Gutierrez Ibañez,SF,2818813,E. Lalotte,SF,1826917,J. Azcue Jauregui,SF,2818816,I. Araújo Gouveia Vieira,SF,1.9,115.0,2.0,5.0,-3.0,41.7,104.3,-62.6
2480292,24,979912,DOMUSA TEKNIK ISB,AWAY,2364470,G. Leaupepe,SF,1826917,J. Azcue Jauregui,SF,2818813,E. Lalotte,SF,2021400,M. Gutierrez Ibañez,SF,2818816,I. Araújo Gouveia Vieira,SF,5.1,304.0,14.0,7.0,7.0,110.5,55.3,55.3
2480292,24,979912,DOMUSA TEKNIK ISB,AWAY,2364470,G. Leaupepe,SF,2145033,A. Lizundia Arozena,SF,2021400,M. Gutierrez Ibañez,SF,2818813,E. Lalotte,SF,2818816,I. Araújo Gouveia Vieira,SF,3.9,233.0,3.0,8.0,-5.0,30.9,82.4,-51.5
2480292,24,979912,DOMUSA TEKNIK ISB,AWAY,2364470,G. Leaupepe,SF,2145033,A. Lizundia Arozena,SF,2818813,E. Lalotte,SF,2021400,M. Gutierrez Ibañez,SF,1721468,C. Villamor Aparicio,SF,1.8,105.0,0.0,7.0,-7.0,0.0,160.0,-160.0
2480292,24,979912,DOMUSA TEKNIK ISB,AWAY,2364470,G. Leaupepe,SF,2145033,A. Lizundia Arozena,SF,2818813,E. Lalotte,SF,2021400,M. Gutierrez Ibañez,SF,2818816,I. Araújo Gouveia Vieira,SF,1.2,74.0,2.0,2.0,0.0,64.9,64.9,0.0
2480292,24,979912,DOMUSA TEKNIK ISB,AWAY,2818717,S. Van,SF,1894119,S. Iparraguirre Alustiza,SF,1826917,J. Azcue Jauregui,SF,1721468,C. Villamor Aparicio,SF,2818816,I. Araújo Gouveia Vieira,SF,4.1,248.0,3.0,5.0,-2.0,29.0,48.4,-19.4
2480292,24,979912,DOMUSA TEKNIK ISB,AWAY,2818717,S. Van,SF,1894119,S. Iparraguirre Alustiza,SF,1826917,J. Azcue Jauregui,SF,2021400,M. Gutierrez Ibañez,SF,1721468,C. Villamor Aparicio,SF,0.7,43.0,0.0,0.0,0.0,0.0,0.0,0.0
2480292,24,979912,DOMUSA TEKNIK ISB,AWAY,2818717,S. Van,SF,1894119,S. Iparraguirre Alustiza,SF,2145033,A. Lizundia Arozena,SF,2818813,E. Lalotte,SF,1721468,C. Villamor Aparicio,SF,3.3,195.0,2.0,5.0,-3.0,24.6,61.5,-36.9
2480292,24,979912,DOMUSA TEKNIK ISB,AWAY,2818717,S. Van,SF,1894119,S. Iparraguirre Alustiza,SF,2145033,A. Lizundia Arozena,SF,2818813,E. Lalotte,SF,2818816,I. Araújo Gouveia Vieira,SF,2.0,118.0,4.0,4.0,0.0,81.4,81.4,0.0
2480292,24,979912,DOMUSA TEKNIK ISB,AWAY,2818717,S. Van,SF,1894119,S. Iparraguirre Alustiza,SF,2364470,G. Leaupepe,SF,2021400,M. Gutierrez Ibañez,SF,2818816,I. Araújo Gouveia Vieira,SF,2.2,134.0,7.0,5.0,2.0,125.4,89.6,35.8
2480292,24,979912,DOMUSA TEKNIK ISB,AWAY,2818717,S. Van,SF,1894119,S. Iparraguirre Alustiza,SF,2364470,G. Leaupepe,SF,2818813,E. Lalotte,SF,1721468,C. Villamor Aparicio,SF,1.0,58.0,0.0,0.0,0.0,0.0,0.0,0.0
2480292,24,979912,DOMUSA TEKNIK ISB,AWAY,2818717,S. Van,SF,1894119,S. Iparraguirre Alustiza,SF,2818813,E. Lalotte,SF,1721468,C. Villamor Aparicio,SF,2818816,I. Araújo Gouveia Vieira,SF,1.4,81.0,2.0,0.0,2.0,59.3,0.0,59.3
2480292,24,979912,DOMUSA TEKNIK ISB,AWAY,2818717,S. Van,SF,1894119,S. Iparraguirre Alustiza,SF,2818813,E. Lalotte,SF,1826917,J. Azcue Jauregui,SF,2818816,I. Araújo Gouveia Vieira,SF,2.8,171.0,2.0,0.0,2.0,28.1,0.0,28.1
2480292,24,979912,DOMUSA TEKNIK ISB,AWAY,2818717,S. Van,SF,2145033,A. Lizundia Arozena,SF,2818813,E. Lalotte,SF,1721468,C. Villamor Aparicio,SF,2818816,I. Araújo Gouveia Vieira,SF,0.6,38.0,4.0,4.0,0.0,252.6,252.6,0.0
2480292,24,979912,DOMUSA TEKNIK ISB,AWAY,2818717,S. Van,SF,2364470,G. Leaupepe,SF,1826917,J. Azcue Jauregui,SF,2021400,M. Gutierrez Ibañez,SF,1721468,C. Villamor Aparicio,SF,1.5,88.0,4.0,5.0,-1.0,109.1,136.4,-27.3
2480292,24,979912,DOMUSA TEKNIK ISB,AWAY,2818717,S. Van,SF,2364470,G. Leaupepe,SF,2021400,M. Gutierrez Ibañez,SF,2145033,A. Lizundia Arozena,SF,1721468,C. Villamor Aparicio,SF,1.2,72.0,0.0,1.0,-1.0,0.0,33.3,-33.3
2480292,24,979912,DOMUSA TEKNIK ISB,AWAY,2818717,S. Van,SF,2364470,G. Leaupepe,SF,2021400,M. Gutierrez Ibañez,SF,2145033,A. Lizundia Arozena,SF,2818816,I. Araújo Gouveia Vieira,SF,2.6,153.0,8.0,4.0,4.0,125.5,62.7,62.7
2480292,24,979912,DOMUSA TEKNIK ISB,AWAY,2818717,S. Van,SF,2364470,G. Leaupepe,SF,2145033,A. Lizundia Arozena,SF,1721468,C. Villamor Aparicio,SF,2818816,I. Araújo Gouveia Vieira,SF,0.9,57.0,0.0,2.0,-2.0,0.0,84.2,-84.2
2480292,24,979912,DOMUSA TEKNIK ISB,AWAY,2818717,S. Van,SF,2364470,G. Leaupepe,SF,2145033,A. Lizundia Arozena,SF,2818813,E. Lalotte,SF,1721468,C. Villamor Aparicio,SF,1.4,85.0,0.0,3.0,-3.0,0.0,84.7,-84.7
2480292,24,981288,SERNOVA RENOVABLES REAL CANOE,HOME,2034380,A. Lozano Davila,SF,2097038,P. De Mier Espina,SF,1787143,C. Mato De Prada,SF,1242234,C. Rodriguez Nuñez,SF,1859345,L. Fleta Robles,SF,0.1,9.0,0.0,0.0,0.0,0.0,0.0,0.0
2480292,24,981288,SERNOVA RENOVABLES REAL CANOE,HOME,2097038,P. De Mier Espina,SF,1787143,C. Mato De Prada,SF,1927626,C. Flores Garcia,SF,1242234,C. Rodriguez Nuñez,SF,1859345,L. Fleta Robles,SF,3.9,235.0,5.0,3.0,2.0,51.1,30.6,20.4
2480292,24,981288,SERNOVA RENOVABLES REAL CANOE,HOME,2097038,P. De Mier Espina,SF,1787143,C. Mato De Prada,SF,1927626,C. Flores Garcia,SF,1242234,C. Rodriguez Nuñez,SF,2818945,O. Santana Moldavsky,SF,3.4,203.0,6.0,4.0,2.0,70.9,47.3,23.6
2480292,24,981288,SERNOVA RENOVABLES REAL CANOE,HOME,2097038,P. De Mier Espina,SF,1787143,C. Mato De Prada,SF,1927626,C. Flores Garcia,SF,2021397,A. Esnal Aguirre,SF,2866005,E. Zemoura,SF,1.9,114.0,7.0,0.0,7.0,147.4,0.0,147.4
2480292,24,981288,SERNOVA RENOVABLES REAL CANOE,HOME,2097038,P. De Mier Espina,SF,1787143,C. Mato De Prada,SF,1927626,C. Flores Garcia,SF,2866005,E. Zemoura,SF,2818945,O. Santana Moldavsky,SF,2.0,119.0,5.0,2.0,3.0,100.8,40.3,60.5
2480292,24,981288,SERNOVA RENOVABLES REAL CANOE,HOME,2097038,P. De Mier Espina,SF,1787143,C. Mato De Prada,SF,2021397,A. Esnal Aguirre,SF,1242234,C. Rodriguez Nuñez,SF,2818945,O. Santana Moldavsky,SF,2.6,159.0,5.0,2.0,3.0,75.5,30.2,45.3
2480292,24,981288,SERNOVA RENOVABLES REAL CANOE,HOME,2097038,P. De Mier Espina,SF,1787143,C. Mato De Prada,SF,2021397,A. Esnal Aguirre,SF,1242234,C. Rodriguez Nuñez,SF,2866005,E. Zemoura,SF,7.5,452.0,19.0,9.0,10.0,100.9,47.8,53.1
2480292,24,981288,SERNOVA RENOVABLES REAL CANOE,HOME,2097038,P. De Mier Espina,SF,1787143,C. Mato De Prada,SF,2021397,A. Esnal Aguirre,SF,1927626,C. Flores Garcia,SF,1242234,C. Rodriguez Nuñez,SF,2.3,140.0,0.0,2.0,-2.0,0.0,34.3,-34.3
2480292,24,981288,SERNOVA RENOVABLES REAL CANOE,HOME,2097038,P. De Mier Espina,SF,1927626,C. Flores Garcia,SF,1242234,C. Rodriguez Nuñez,SF,2866005,E. Zemoura,SF,1859345,L. Fleta Robles,SF,1.4,81.0,0.0,2.0,-2.0,0.0,59.3,-59.3
2480292,24,981288,SERNOVA RENOVABLES REAL CANOE,HOME,2097038,P. De Mier Espina,SF,1927626,C. Flores Garcia,SF,2021397,A. Esnal Aguirre,SF,2866005,E. Zemoura,SF,2818945,O. Santana Moldavsky,SF,1.0,58.0,0.0,0.0,0.0,0.0,0.0,0.0
2480292,24,981288,SERNOVA RENOVABLES REAL CANOE,HOME,2097038,P. De Mier Espina,SF,2021397,A. Esnal Aguirre,SF,1787143,C. Mato De Prada,SF,1242234,C. Rodriguez Nuñez,SF,2866005,E. Zemoura,SF,5.1,304.0,7.0,14.0,-7.0,55.3,110.5,-55.3
2480292,24,981288,SERNOVA RENOVABLES REAL CANOE,HOME,2097038,P. De Mier Espina,SF,2021397,A. Esnal Aguirre,SF,1927626,C. Flores Garcia,SF,1242234,C. Rodriguez Nuñez,SF,2866005,E. Zemoura,SF,3.2,192.0,6.0,6.0,0.0,75.0,75.0,0.0
2480292,24,981288,SERNOVA RENOVABLES REAL CANOE,HOME,2097038,P. De Mier Espina,SF,2021397,A. Esnal Aguirre,SF,1927626,C. Flores Garcia,SF,2866005,E. Zemoura,SF,2818945,O. Santana Moldavsky,SF,1.3,76.0,0.0,0.0,0.0,0.0,0.0,0.0
2480292,24,981288,SERNOVA RENOVABLES REAL CANOE,HOME,2215525,T. Mbomio Ada,SF,2097038,P. De Mier Espina,SF,1787143,C. Mato De Prada,SF,2021397,A. Esnal Aguirre,SF,1242234,C. Rodriguez Nuñez,SF,4.3,258.0,9.0,13.0,-4.0,83.7,120.9,-37.2
2480293,24,979770,MELILLA CIUDAD DEL DEPORTE LA SALLE,HOME,1454479,A. Senosiain Vergarachea,PG,1715165,M. Torreblanca Ginel,SG,1587316,C. Caceres Ayala,SG,1713801,C. Torrubia Cano,PF,1756623,A. Hernangomez Geuer,PF,3.3,203.0,10.0,5.0,5.0,118.2,59.1,59.1
2480293,24,979770,MELILLA CIUDAD DEL DEPORTE LA SALLE,HOME,1454479,A. Senosiain Vergarachea,PG,1715165,M. Torreblanca Ginel,SG,1587316,C. Caceres Ayala,SG,1829640,A. Sanchez Davila,SF,1713801,C. Torrubia Cano,PF,11.0,648.0,30.0,15.0,15.0,111.1,55.6,55.6
2480293,24,979770,MELILLA CIUDAD DEL DEPORTE LA SALLE,HOME,1454479,A. Senosiain Vergarachea,PG,1715165,M. Torreblanca Ginel,SG,1587316,C. Caceres Ayala,SG,1946976,L. Moya Blanch,PF,2432929,M. Davydova,C,10.0,599.0,30.0,17.0,13.0,120.2,68.1,52.1
2480293,24,979770,MELILLA CIUDAD DEL DEPORTE LA SALLE,HOME,1454479,A. Senosiain Vergarachea,PG,1715165,M. Torreblanca Ginel,SG,1587316,C. Caceres Ayala,SG,2432929,M. Davydova,C,2104399,C. Garcia Muñoz,C,0.2,10.0,0.0,0.0,0.0,0.0,0.0,0.0
2480293,24,979770,MELILLA CIUDAD DEL DEPORTE LA SALLE,HOME,1454479,A. Senosiain Vergarachea,PG,1715165,M. Torreblanca Ginel,SG,1829640,A. Sanchez Davila,SF,1713801,C. Torrubia Cano,PF,1756623,A. Hernangomez Geuer,PF,2.2,132.0,6.0,0.0,6.0,109.1,0.0,109.1
2480293,24,979770,MELILLA CIUDAD DEL DEPORTE LA SALLE,HOME,1454479,A. Senosiain Vergarachea,PG,1715165,M. Torreblanca Ginel,SG,1829640,A. Sanchez Davila,SF,1756623,A. Hernangomez Geuer,PF,2104399,C. Garcia Muñoz,C,1.1,68.0,0.0,5.0,-5.0,0.0,176.5,-176.5
2480293,24,979770,MELILLA CIUDAD DEL DEPORTE LA SALLE,HOME,1454479,A. Senosiain Vergarachea,PG,1715165,M. Torreblanca Ginel,SG,1829640,A. Sanchez Davila,SF,1756623,A. Hernangomez Geuer,PF,2432929,M. Davydova,C,2.5,150.0,7.0,4.0,3.0,112.0,64.0,48.0
2480293,24,979770,MELILLA CIUDAD DEL DEPORTE LA SALLE,HOME,1454479,A. Senosiain Vergarachea,PG,1715165,M. Torreblanca Ginel,SG,1829640,A. Sanchez Davila,SF,1946976,L. Moya Blanch,PF,1756623,A. Hernangomez Geuer,PF,3.3000000000000003,204.0,5.0,5.0,0.0,58.8,58.8,0.0
2480293,24,979770,MELILLA CIUDAD DEL DEPORTE LA SALLE,HOME,1454479,A. Senosiain Vergarachea,PG,1715165,M. Torreblanca Ginel,SG,1829640,A. Sanchez Davila,SF,1946976,L. Moya Blanch,PF,2104399,C. Garcia Muñoz,C,1.8,108.0,2.0,0.0,2.0,44.4,0.0,44.4
2480293,24,979770,MELILLA CIUDAD DEL DEPORTE LA SALLE,HOME,1454479,A. Senosiain Vergarachea,PG,1715165,M. Torreblanca Ginel,SG,1946976,L. Moya Blanch,PF,1756623,A. Hernangomez Geuer,PF,2432929,M. Davydova,C,2.4,144.0,5.0,5.0,0.0,83.3,83.3,0.0
2480293,24,979770,MELILLA CIUDAD DEL DEPORTE LA SALLE,HOME,1454479,A. Senosiain Vergarachea,PG,1715165,M. Torreblanca Ginel,SG,1946976,L. Moya Blanch,PF,2432929,M. Davydova,C,2204396,L. Gonzalez Moreno,,2.3,134.0,3.0,4.0,-1.0,53.7,71.6,-17.9
2480293,24,981242,C.B. SANTFELIUENC,AWAY,2050086,M. Muñoz Moyano,PG,2073654,C. Gil Abad,PG,2190844,S. Pares Vilaseca,PG,2321377,C. Romeo Coll,SF,2458281,B. Martinez Valcarce,SF,0.6,36.0,0.0,0.0,0.0,0.0,0.0,0.0
2480293,24,981242,C.B. SANTFELIUENC,AWAY,2050086,M. Muñoz Moyano,PG,2073654,C. Gil Abad,PG,2190844,S. Pares Vilaseca,PG,2458281,B. Martinez Valcarce,SF,2155489,X. Salzmann Romeu,PF,1.7,101.0,4.0,3.0,1.0,95.0,71.3,23.8
2480293,24,981242,C.B. SANTFELIUENC,AWAY,2050086,M. Muñoz Moyano,PG,2073654,C. Gil Abad,PG,2321377,C. Romeo Coll,SF,2458281,B. Martinez Valcarce,SF,2257209,A. Segura Freixenet,C,2.2,126.0,5.0,6.0,-1.0,95.2,114.3,-19.0
2480293,24,981242,C.B. SANTFELIUENC,AWAY,2050086,M. Muñoz Moyano,PG,2073654,C. Gil Abad,PG,2321377,C. Romeo Coll,SF,2458281,B. Martinez Valcarce,SF,2334120,L. Loran Sureda,SF,1.6,99.0,5.0,3.0,2.0,121.2,72.7,48.5
2480293,24,981242,C.B. SANTFELIUENC,AWAY,2050086,M. Muñoz Moyano,PG,2073654,C. Gil Abad,PG,2458281,B. Martinez Valcarce,SF,2334120,L. Loran Sureda,SF,2155489,X. Salzmann Romeu,PF,2.4,146.0,3.0,8.0,-5.0,49.3,131.5,-82.2
2480293,24,981242,C.B. SANTFELIUENC,AWAY,2050086,M. Muñoz Moyano,PG,2073654,C. Gil Abad,PG,2458281,B. Martinez Valcarce,SF,2334120,L. Loran Sureda,SF,2864042,K. Trehub,C,1.8,109.0,3.0,4.0,-1.0,66.1,88.1,-22.0
2480293,24,981242,C.B. SANTFELIUENC,AWAY,2050086,M. Muñoz Moyano,PG,2190844,S. Pares Vilaseca,PG,2073654,C. Gil Abad,PG,2458281,B. Martinez Valcarce,SF,2155489,X. Salzmann Romeu,PF,5.4,322.0,13.0,13.0,0.0,96.9,96.9,0.0
2480293,24,981242,C.B. SANTFELIUENC,AWAY,2050086,M. Muñoz Moyano,PG,2190844,S. Pares Vilaseca,PG,2321377,C. Romeo Coll,SF,2458281,B. Martinez Valcarce,SF,2257209,A. Segura Freixenet,C,0.7,44.0,2.0,0.0,2.0,109.1,0.0,109.1
2480293,24,981242,C.B. SANTFELIUENC,AWAY,2050086,M. Muñoz Moyano,PG,2190844,S. Pares Vilaseca,PG,2458281,B. Martinez Valcarce,SF,2155489,X. Salzmann Romeu,PF,2864042,K. Trehub,C,2.6999999999999997,154.0,0.0,7.0,-7.0,0.0,109.1,-109.1
2480293,24,981242,C.B. SANTFELIUENC,AWAY,2050086,M. Muñoz Moyano,PG,2190844,S. Pares Vilaseca,PG,2458281,B. Martinez Valcarce,SF,2334120,L. Loran Sureda,SF,2155489,X. Salzmann Romeu,PF,2.4,141.0,5.0,8.0,-3.0,85.1,136.2,-51.1
2480293,24,981242,C.B. SANTFELIUENC,AWAY,2050086,M. Muñoz Moyano,PG,2321377,C. Romeo Coll,SF,2458281,B. Martinez Valcarce,SF,2334120,L. Loran Sureda,SF,2257209,A. Segura Freixenet,C,1.8,107.0,2.0,6.0,-4.0,44.9,134.6,-89.7
2480293,24,981242,C.B. SANTFELIUENC,AWAY,2073654,C. Gil Abad,PG,2321377,C. Romeo Coll,SF,2458281,B. Martinez Valcarce,SF,2334120,L. Loran Sureda,SF,2257209,A. Segura Freixenet,C,1.1,69.0,0.0,2.0,-2.0,0.0,69.6,-69.6
2480293,24,981242,C.B. SANTFELIUENC,AWAY,2190844,S. Pares Vilaseca,PG,2050086,M. Muñoz Moyano,PG,2155489,X. Salzmann Romeu,PF,2864042,K. Trehub,C,2257209,A. Segura Freixenet,C,1.3,77.0,0.0,3.0,-3.0,0.0,93.5,-93.5
2480293,24,981242,C.B. SANTFELIUENC,AWAY,2190844,S. Pares Vilaseca,PG,2050086,M. Muñoz Moyano,PG,2458281,B. Martinez Valcarce,SF,2155489,X. Salzmann Romeu,PF,2257209,A. Segura Freixenet,C,1.4,82.0,0.0,3.0,-3.0,0.0,87.8,-87.8
2480293,24,981242,C.B. SANTFELIUENC,AWAY,2190844,S. Pares Vilaseca,PG,2073654,C. Gil Abad,PG,2050086,M. Muñoz Moyano,PG,2155489,X. Salzmann Romeu,PF,2864042,K. Trehub,C,5.199999999999999,316.0,8.0,17.0,-9.0,60.8,129.1,-68.4
2480293,24,981242,C.B. SANTFELIUENC,AWAY,2190844,S. Pares Vilaseca,PG,2073654,C. Gil Abad,PG,2321377,C. Romeo Coll,SF,2458281,B. Martinez Valcarce,SF,2257209,A. Segura Freixenet,C,2.3,139.0,0.0,8.0,-8.0,0.0,138.1,-138.1
2480293,24,981242,C.B. SANTFELIUENC,AWAY,2190844,S. Pares Vilaseca,PG,2073654,C. Gil Abad,PG,2458281,B. Martinez Valcarce,SF,2155489,X. Salzmann Romeu,PF,2257209,A. Segura Freixenet,C,1.3,80.0,5.0,0.0,5.0,150.0,0.0,150.0
2480293,24,981242,C.B. SANTFELIUENC,AWAY,2190844,S. Pares Vilaseca,PG,2073654,C. Gil Abad,PG,2458281,B. Martinez Valcarce,SF,2334120,L. Loran Sureda,SF,2155489,X. Salzmann Romeu,PF,2.4,144.0,5.0,5.0,0.0,83.3,83.3,0.0
2480293,24,981242,C.B. SANTFELIUENC,AWAY,2190844,S. Pares Vilaseca,PG,2458281,B. Martinez Valcarce,SF,2334120,L. Loran Sureda,SF,2155489,X. Salzmann Romeu,PF,2257209,A. Segura Freixenet,C,1.7,101.0,0.0,2.0,-2.0,0.0,47.5,-47.5
2480293,24,981242,C.B. SANTFELIUENC,AWAY,2190844,S. Pares Vilaseca,PG,2458281,B. Martinez Valcarce,SF,2334120,L. Loran Sureda,SF,2155489,X. Salzmann Romeu,PF,2864042,K. Trehub,C,0.1,7.0,0.0,0.0,0.0,0.0,0.0,0.0
2480294,24,981208,ALTER ENERSUN AL-QÁZERES EXTREMADURA,HOME,1889214,C. Prieto Pereda,PG,2815234,I. Tavares Ramos,SG,2432389,J. De Barros Filipe,SF,1112483,L. Mendez Lamas,PF,1902336,N. Liste Alfonsin,C,11.2,668.0,11.0,15.0,-4.0,39.5,53.9,-14.4
2480294,24,981208,ALTER ENERSUN AL-QÁZERES EXTREMADURA,HOME,1889214,C. Prieto Pereda,PG,2815234,I. Tavares Ramos,SG,2432389,J. De Barros Filipe,SF,1902336,N. Liste Alfonsin,C,2815153,V. Gauna,C,4.1,249.0,6.0,4.0,2.0,57.8,38.6,19.3
2480294,24,981208,ALTER ENERSUN AL-QÁZERES EXTREMADURA,HOME,2735904,R. De Lima Viegas Laneiro,PG,1889214,C. Prieto Pereda,PG,2432389,J. De Barros Filipe,SF,1112483,L. Mendez Lamas,PF,1902336,N. Liste Alfonsin,C,1.5,88.0,4.0,6.0,-2.0,109.1,163.6,-54.5
2480294,24,981208,ALTER ENERSUN AL-QÁZERES EXTREMADURA,HOME,2735904,R. De Lima Viegas Laneiro,PG,1889214,C. Prieto Pereda,PG,2815234,I. Tavares Ramos,SG,2230071,L. Martín Rodriguez,SF,1902336,N. Liste Alfonsin,C,0.3,20.0,2.0,2.0,0.0,240.0,240.0,0.0
2480294,24,981208,ALTER ENERSUN AL-QÁZERES EXTREMADURA,HOME,2735904,R. De Lima Viegas Laneiro,PG,1889214,C. Prieto Pereda,PG,2815234,I. Tavares Ramos,SG,2432389,J. De Barros Filipe,SF,1902336,N. Liste Alfonsin,C,2.0,119.0,4.0,2.0,2.0,80.7,40.3,40.3
2480294,24,981208,ALTER ENERSUN AL-QÁZERES EXTREMADURA,HOME,2735904,R. De Lima Viegas Laneiro,PG,2056237,L. Salmeron Segu,PG,1889214,C. Prieto Pereda,PG,2432389,J. De Barros Filipe,SF,1902336,N. Liste Alfonsin,C,4.0,231.0,10.0,9.0,1.0,103.9,93.5,10.4
2480294,24,981208,ALTER ENERSUN AL-QÁZERES EXTREMADURA,HOME,2735904,R. De Lima Viegas Laneiro,PG,2056237,L. Salmeron Segu,PG,2432389,J. De Barros Filipe,SF,1112483,L. Mendez Lamas,PF,1902336,N. Liste Alfonsin,C,2.8,168.0,2.0,2.0,0.0,28.6,28.6,0.0
2480294,24,981208,ALTER ENERSUN AL-QÁZERES EXTREMADURA,HOME,2735904,R. De Lima Viegas Laneiro,PG,2056237,L. Salmeron Segu,PG,2815234,I. Tavares Ramos,SG,1112483,L. Mendez Lamas,PF,1902336,N. Liste Alfonsin,C,7.2,424.0,11.0,6.0,5.0,62.3,34.0,28.3
2480294,24,981208,ALTER ENERSUN AL-QÁZERES EXTREMADURA,HOME,2735904,R. De Lima Viegas Laneiro,PG,2056237,L. Salmeron Segu,PG,2815234,I. Tavares Ramos,SG,1902336,N. Liste Alfonsin,C,2815153,V. Gauna,C,2.0,120.0,3.0,0.0,3.0,60.0,0.0,60.0
2480294,24,981208,ALTER ENERSUN AL-QÁZERES EXTREMADURA,HOME,2735904,R. De Lima Viegas Laneiro,PG,2056237,L. Salmeron Segu,PG,2815234,I. Tavares Ramos,SG,2432389,J. De Barros Filipe,SF,1112483,L. Mendez Lamas,PF,1.7,104.0,6.0,4.0,2.0,138.5,92.3,46.2
2480294,24,981208,ALTER ENERSUN AL-QÁZERES EXTREMADURA,HOME,2735904,R. De Lima Viegas Laneiro,PG,2815234,I. Tavares Ramos,SG,2230071,L. Martín Rodriguez,SF,1112483,L. Mendez Lamas,PF,1902336,N. Liste Alfonsin,C,0.3,17.0,0.0,1.0,-1.0,0.0,141.2,-141.2
2480294,24,981208,ALTER ENERSUN AL-QÁZERES EXTREMADURA,HOME,2735904,R. De Lima Viegas Laneiro,PG,2815234,I. Tavares Ramos,SG,2432389,J. De Barros Filipe,SF,1112483,L. Mendez Lamas,PF,1902336,N. Liste Alfonsin,C,3.2,192.0,6.0,5.0,1.0,75.0,62.5,12.5
2480294,24,981356,BOSONIT UNIBASKET,AWAY,1626810,C. Aldecoa Rodriguez,SG,1678734,M. Llorente Ruiz,SG,1834784,E. Florez Pascual,SF,2735759,L. Van Schaik,SF,1778980,I. Losada Gonzalez-Babe,PF,0.7,42.0,4.0,2.0,2.0,228.6,114.3,114.3
2480294,24,981356,BOSONIT UNIBASKET,AWAY,1626810,C. Aldecoa Rodriguez,SG,1678734,M. Llorente Ruiz,SG,2735759,L. Van Schaik,SF,1778980,I. Losada Gonzalez-Babe,PF,2819121,H. Forster,C,1.4,87.0,2.0,0.0,2.0,55.2,0.0,55.2
2480294,24,981356,BOSONIT UNIBASKET,AWAY,1626810,C. Aldecoa Rodriguez,SG,2561556,C. Sañudo Trillo,SG,1678734,M. Llorente Ruiz,SG,1834784,E. Florez Pascual,SF,2819119,T. Sedláková,C,0.4,24.0,3.0,0.0,3.0,300.0,0.0,300.0
2480294,24,981356,BOSONIT UNIBASKET,AWAY,1626810,C. Aldecoa Rodriguez,SG,2561556,C. Sañudo Trillo,SG,1834784,E. Florez Pascual,SF,2735759,L. Van Schaik,SF,2819119,T. Sedláková,C,1.5,90.0,0.0,3.0,-3.0,0.0,80.0,-80.0
2480294,24,981356,BOSONIT UNIBASKET,AWAY,1626810,C. Aldecoa Rodriguez,SG,2561556,C. Sañudo Trillo,SG,2735759,L. Van Schaik,SF,2819121,H. Forster,C,2819119,T. Sedláková,C,1.4,81.0,0.0,2.0,-2.0,0.0,59.3,-59.3
2480294,24,981356,BOSONIT UNIBASKET,AWAY,1821692,M. Alonso Guadaño,PG,1626810,C. Aldecoa Rodriguez,SG,1678734,M. Llorente Ruiz,SG,1778980,I. Losada Gonzalez-Babe,PF,2819119,T. Sedláková,C,2.3,134.0,7.0,3.0,4.0,125.4,53.7,71.6
2480294,24,981356,BOSONIT UNIBASKET,AWAY,1821692,M. Alonso Guadaño,PG,1626810,C. Aldecoa Rodriguez,SG,1678734,M. Llorente Ruiz,SG,1834784,E. Florez Pascual,SF,2819119,T. Sedláková,C,1.0,62.0,2.0,0.0,2.0,77.4,0.0,77.4
2480294,24,981356,BOSONIT UNIBASKET,AWAY,1821692,M. Alonso Guadaño,PG,1626810,C. Aldecoa Rodriguez,SG,1678734,M. Llorente Ruiz,SG,1834784,E. Florez Pascual,SF,2819121,H. Forster,C,5.0,296.0,11.0,7.0,4.0,89.2,56.8,32.4
2480294,24,981356,BOSONIT UNIBASKET,AWAY,1821692,M. Alonso Guadaño,PG,1626810,C. Aldecoa Rodriguez,SG,1678734,M. Llorente Ruiz,SG,2735759,L. Van Schaik,SF,2819121,H. Forster,C,1.0,64.0,2.0,3.0,-1.0,75.0,112.5,-37.5
2480294,24,981356,BOSONIT UNIBASKET,AWAY,1821692,M. Alonso Guadaño,PG,1626810,C. Aldecoa Rodriguez,SG,1834784,E. Florez Pascual,SF,2735759,L. Van Schaik,SF,2819119,T. Sedláková,C,3.1,186.0,2.0,6.0,-4.0,25.8,77.4,-51.6
2480294,24,981356,BOSONIT UNIBASKET,AWAY,1821692,M. Alonso Guadaño,PG,1626810,C. Aldecoa Rodriguez,SG,1834784,E. Florez Pascual,SF,2735759,L. Van Schaik,SF,2819121,H. Forster,C,2.1,124.0,0.0,5.0,-5.0,0.0,96.8,-96.8
2480294,24,981356,BOSONIT UNIBASKET,AWAY,1821692,M. Alonso Guadaño,PG,1626810,C. Aldecoa Rodriguez,SG,2735759,L. Van Schaik,SF,1778980,I. Losada Gonzalez-Babe,PF,2819119,T. Sedláková,C,2.1,129.0,4.0,6.0,-2.0,74.4,111.6,-37.2
2480294,24,981356,BOSONIT UNIBASKET,AWAY,1821692,M. Alonso Guadaño,PG,1678734,M. Llorente Ruiz,SG,1834784,E. Florez Pascual,SF,2735759,L. Van Schaik,SF,2819121,H. Forster,C,1.1,64.0,2.0,0.0,2.0,75.0,0.0,75.0
2480294,24,981356,BOSONIT UNIBASKET,AWAY,1821692,M. Alonso Guadaño,PG,2151019,N. Padrosa Mons,PG,1678734,M. Llorente Ruiz,SG,1834784,E. Florez Pascual,SF,2819121,H. Forster,C,1.2,73.0,0.0,0.0,0.0,0.0,0.0,0.0
2480294,24,981356,BOSONIT UNIBASKET,AWAY,1821692,M. Alonso Guadaño,PG,2561556,C. Sañudo Trillo,SG,1626810,C. Aldecoa Rodriguez,SG,1834784,E. Florez Pascual,SF,2819119,T. Sedláková,C,1.6,94.0,0.0,0.0,0.0,0.0,0.0,0.0
2480294,24,981356,BOSONIT UNIBASKET,AWAY,1821692,M. Alonso Guadaño,PG,2561556,C. Sañudo Trillo,SG,1626810,C. Aldecoa Rodriguez,SG,1834784,E. Florez Pascual,SF,2819121,H. Forster,C,0.3,21.0,0.0,2.0,-2.0,0.0,228.6,-228.6
2480294,24,981356,BOSONIT UNIBASKET,AWAY,1821692,M. Alonso Guadaño,PG,2561556,C. Sañudo Trillo,SG,1834784,E. Florez Pascual,SF,2735759,L. Van Schaik,SF,2819119,T. Sedláková,C,2.5,147.0,3.0,3.0,0.0,49.0,49.0,0.0
2480294,24,981356,BOSONIT UNIBASKET,AWAY,1821692,M. Alonso Guadaño,PG,2561556,C. Sañudo Trillo,SG,1834784,E. Florez Pascual,SF,2735759,L. Van Schaik,SF,2819121,H. Forster,C,4.7,279.0,9.0,6.0,3.0,77.4,51.6,25.8
2480294,24,981356,BOSONIT UNIBASKET,AWAY,2151019,N. Padrosa Mons,PG,1626810,C. Aldecoa Rodriguez,SG,1678734,M. Llorente Ruiz,SG,1778980,I. Losada Gonzalez-Babe,PF,2819119,T. Sedláková,C,0.7,40.0,1.0,5.0,-4.0,60.0,300.0,-240.0
2480294,24,981356,BOSONIT UNIBASKET,AWAY,2151019,N. Padrosa Mons,PG,1626810,C. Aldecoa Rodriguez,SG,1678734,M. Llorente Ruiz,SG,1778980,I. Losada Gonzalez-Babe,PF,2819121,H. Forster,C,0.6,36.0,2.0,2.0,0.0,133.3,133.3,0.0
2480294,24,981356,BOSONIT UNIBASKET,AWAY,2151019,N. Padrosa Mons,PG,1678734,M. Llorente Ruiz,SG,2735759,L. Van Schaik,SF,1778980,I. Losada Gonzalez-Babe,PF,2819121,H. Forster,C,1.1,63.0,0.0,4.0,-4.0,0.0,152.4,-152.4
2480294,24,981356,BOSONIT UNIBASKET,AWAY,2151019,N. Padrosa Mons,PG,2561556,C. Sañudo Trillo,SG,1834784,E. Florez Pascual,SF,2735759,L. Van Schaik,SF,2819119,T. Sedláková,C,2.8,166.0,1.0,4.0,-3.0,14.5,57.8,-43.4
2480294,24,981356,BOSONIT UNIBASKET,AWAY,2561556,C. Sañudo Trillo,SG,1678734,M. Llorente Ruiz,SG,1834784,E. Florez Pascual,SF,2735759,L. Van Schaik,SF,2819121,H. Forster,C,1.7,98.0,1.0,2.0,-1.0,24.5,49.0,-24.5
2480295,24,979919,RECOLETAS ZAMORA,HOME,1516234,A. Moyano Medina,SF,1942017,A. Martin Tejedor,SF,2110765,A. Perez Relancio,SF,2047146,M. Fernandez Muñoz,SF,1259670,B. Sanchez Marrufo,SF,2.0,122.0,0.0,3.0,-3.0,0.0,59.0,-59.0
2480295,24,979919,RECOLETAS ZAMORA,HOME,1516234,A. Moyano Medina,SF,1942017,A. Martin Tejedor,SF,2239381,D. Angel Villen,SF,1828742,I. Gimenez Monserrat,SF,2047146,M. Fernandez Muñoz,SF,4.2,244.0,4.0,7.0,-3.0,39.3,68.9,-29.5
2480295,24,979919,RECOLETAS ZAMORA,HOME,1516234,A. Moyano Medina,SF,1942017,A. Martin Tejedor,SF,2239381,D. Angel Villen,SF,2047146,M. Fernandez Muñoz,SF,1259670,B. Sanchez Marrufo,SF,2.9,174.0,4.0,2.0,2.0,55.2,27.6,27.6
2480295,24,979919,RECOLETAS ZAMORA,HOME,1516234,A. Moyano Medina,SF,1942017,A. Martin Tejedor,SF,2239381,D. Angel Villen,SF,2734310,E. Resende Carregosa,SF,1259670,B. Sanchez Marrufo,SF,0.7,44.0,0.0,2.0,-2.0,0.0,109.1,-109.1
2480295,24,979919,RECOLETAS ZAMORA,HOME,1516234,A. Moyano Medina,SF,1942017,A. Martin Tejedor,SF,2239381,D. Angel Villen,SF,2734310,E. Resende Carregosa,SF,1828742,I. Gimenez Monserrat,SF,4.0,237.0,3.0,9.0,-6.0,30.4,91.1,-60.8
2480295,24,979919,RECOLETAS ZAMORA,HOME,1516234,A. Moyano Medina,SF,1942017,A. Martin Tejedor,SF,2734310,E. Resende Carregosa,SF,2110765,A. Perez Relancio,SF,1259670,B. Sanchez Marrufo,SF,1.1,69.0,3.0,0.0,3.0,104.3,0.0,104.3
2480295,24,979919,RECOLETAS ZAMORA,HOME,1516234,A. Moyano Medina,SF,2432306,F. Niski Castelao,SF,1942017,A. Martin Tejedor,SF,2110765,A. Perez Relancio,SF,2047146,M. Fernandez Muñoz,SF,1.9,114.0,2.0,3.0,-1.0,42.1,63.2,-21.1
2480295,24,979919,RECOLETAS ZAMORA,HOME,1516234,A. Moyano Medina,SF,2432306,F. Niski Castelao,SF,1942017,A. Martin Tejedor,SF,2239381,D. Angel Villen,SF,1828742,I. Gimenez Monserrat,SF,0.7,41.0,0.0,0.0,0.0,0.0,0.0,0.0
2480295,24,979919,RECOLETAS ZAMORA,HOME,1516234,A. Moyano Medina,SF,2432306,F. Niski Castelao,SF,1942017,A. Martin Tejedor,SF,2239381,D. Angel Villen,SF,2734310,E. Resende Carregosa,SF,1.6,97.0,0.0,2.0,-2.0,0.0,49.5,-49.5
2480295,24,979919,RECOLETAS ZAMORA,HOME,1516234,A. Moyano Medina,SF,2817152,F. Filor,SF,1942017,A. Martin Tejedor,SF,2239381,D. Angel Villen,SF,2734310,E. Resende Carregosa,SF,1.0,61.0,2.0,5.0,-3.0,78.7,196.7,-118.0
2480295,24,979919,RECOLETAS ZAMORA,HOME,1516234,A. Moyano Medina,SF,2817152,F. Filor,SF,1942017,A. Martin Tejedor,SF,2734310,E. Resende Carregosa,SF,2110765,A. Perez Relancio,SF,0.9,55.0,2.0,2.0,0.0,87.3,87.3,0.0
2480295,24,979919,RECOLETAS ZAMORA,HOME,2380038,L. Miguel Mendez,SF,1516234,A. Moyano Medina,SF,2817152,F. Filor,SF,1942017,A. Martin Tejedor,SF,2239381,D. Angel Villen,SF,1.8,105.0,2.0,0.0,2.0,45.7,0.0,45.7
2480295,24,979919,RECOLETAS ZAMORA,HOME,2432306,F. Niski Castelao,SF,1942017,A. Martin Tejedor,SF,2110765,A. Perez Relancio,SF,1828742,I. Gimenez Monserrat,SF,2047146,M. Fernandez Muñoz,SF,2.0,119.0,0.0,4.0,-4.0,0.0,80.7,-80.7
2480295,24,979919,RECOLETAS ZAMORA,HOME,2817152,F. Filor,SF,1516234,A. Moyano Medina,SF,1942017,A. Martin Tejedor,SF,1828742,I. Gimenez Monserrat,SF,2047146,M. Fernandez Muñoz,SF,2.2,133.0,5.0,0.0,5.0,90.2,0.0,90.2
2480295,24,979919,RECOLETAS ZAMORA,HOME,2817152,F. Filor,SF,1516234,A. Moyano Medina,SF,2432306,F. Niski Castelao,SF,1942017,A. Martin Tejedor,SF,2239381,D. Angel Villen,SF,2.4,142.0,3.0,9.0,-6.0,50.7,152.1,-101.4
2480295,24,979919,RECOLETAS ZAMORA,HOME,2817152,F. Filor,SF,1516234,A. Moyano Medina,SF,2432306,F. Niski Castelao,SF,1942017,A. Martin Tejedor,SF,2734310,E. Resende Carregosa,SF,6.8,409.0,6.0,15.0,-9.0,35.2,88.0,-52.8
2480295,24,979919,RECOLETAS ZAMORA,HOME,2817152,F. Filor,SF,2432306,F. Niski Castelao,SF,1942017,A. Martin Tejedor,SF,2734310,E. Resende Carregosa,SF,2110765,A. Perez Relancio,SF,3.9,234.0,2.0,8.0,-6.0,20.5,82.1,-61.5
2480295,24,981334,UNICAJA MIJAS,AWAY,1317227,C. Garcia Paunero,SF,1884837,M. Roters Dubinina,SF,1723860,S. Galeron Alvarez,SF,2012623,S. Lo Sylla,SF,1949233,A. Orois Aznarez,SF,1.1,63.0,0.0,0.0,0.0,0.0,0.0,0.0
2480295,24,981334,UNICAJA MIJAS,AWAY,1884837,M. Roters Dubinina,SF,2413042,C. Guillen Uriguen,SF,1723860,S. Galeron Alvarez,SF,2012623,S. Lo Sylla,SF,1949233,A. Orois Aznarez,SF,0.2,10.0,0.0,0.0,0.0,0.0,0.0,0.0
2480295,24,981334,UNICAJA MIJAS,AWAY,2096249,T. Eke Benitez,SF,1884837,M. Roters Dubinina,SF,1317227,C. Garcia Paunero,SF,1723860,S. Galeron Alvarez,SF,1949233,A. Orois Aznarez,SF,4.8,291.0,12.0,6.0,6.0,99.0,49.5,49.5
2480295,24,981334,UNICAJA MIJAS,AWAY,2096249,T. Eke Benitez,SF,1884837,M. Roters Dubinina,SF,2413042,C. Guillen Uriguen,SF,1723860,S. Galeron Alvarez,SF,1949233,A. Orois Aznarez,SF,2.9,174.0,2.0,4.0,-2.0,27.6,55.2,-27.6
2480295,24,981334,UNICAJA MIJAS,AWAY,2096249,T. Eke Benitez,SF,2643500,C. Capellan Santana,SF,1884837,M. Roters Dubinina,SF,1317227,C. Garcia Paunero,SF,1723860,S. Galeron Alvarez,SF,2.0,122.0,3.0,0.0,3.0,59.0,0.0,59.0
2480295,24,981334,UNICAJA MIJAS,AWAY,2096249,T. Eke Benitez,SF,2643500,C. Capellan Santana,SF,2646984,L. Rivers,SF,1884837,M. Roters Dubinina,SF,1317227,C. Garcia Paunero,SF,1.9,115.0,2.0,5.0,-3.0,41.7,104.3,-62.6
2480295,24,981334,UNICAJA MIJAS,AWAY,2096249,T. Eke Benitez,SF,2646984,L. Rivers,SF,1317227,C. Garcia Paunero,SF,1884837,M. Roters Dubinina,SF,1949233,A. Orois Aznarez,SF,5.9,353.0,12.0,2.0,10.0,81.6,13.6,68.0
2480295,24,981334,UNICAJA MIJAS,AWAY,2096249,T. Eke Benitez,SF,2646984,L. Rivers,SF,1884837,M. Roters Dubinina,SF,1317227,C. Garcia Paunero,SF,1723860,S. Galeron Alvarez,SF,2.1,125.0,5.0,0.0,5.0,96.0,0.0,96.0
2480295,24,981334,UNICAJA MIJAS,AWAY,2643500,C. Capellan Santana,SF,1884837,M. Roters Dubinina,SF,1317227,C. Garcia Paunero,SF,2413042,C. Guillen Uriguen,SF,1723860,S. Galeron Alvarez,SF,2.4,142.0,9.0,3.0,6.0,152.1,50.7,101.4
2480295,24,981334,UNICAJA MIJAS,AWAY,2643500,C. Capellan Santana,SF,2096249,T. Eke Benitez,SF,1884837,M. Roters Dubinina,SF,1317227,C. Garcia Paunero,SF,1723860,S. Galeron Alvarez,SF,1.8,106.0,5.0,2.0,3.0,113.2,45.3,67.9
2480295,24,981334,UNICAJA MIJAS,AWAY,2643500,C. Capellan Santana,SF,2096249,T. Eke Benitez,SF,1884837,M. Roters Dubinina,SF,1723860,S. Galeron Alvarez,SF,1949233,A. Orois Aznarez,SF,1.9,114.0,3.0,2.0,1.0,63.2,42.1,21.1
2480295,24,981334,UNICAJA MIJAS,AWAY,2643500,C. Capellan Santana,SF,2096249,T. Eke Benitez,SF,2646984,L. Rivers,SF,1884837,M. Roters Dubinina,SF,1949233,A. Orois Aznarez,SF,1.3,76.0,0.0,2.0,-2.0,0.0,63.2,-63.2
2480295,24,981334,UNICAJA MIJAS,AWAY,2643500,C. Capellan Santana,SF,2415743,L. Calleja Barberan,SF,1884837,M. Roters Dubinina,SF,1723860,S. Galeron Alvarez,SF,2012623,S. Lo Sylla,SF,2.4,144.0,9.0,0.0,9.0,150.0,0.0,150.0
2480295,24,981334,UNICAJA MIJAS,AWAY,2643500,C. Capellan Santana,SF,2646984,L. Rivers,SF,1884837,M. Roters Dubinina,SF,1317227,C. Garcia Paunero,SF,2012623,S. Lo Sylla,SF,1.7,104.0,0.0,5.0,-5.0,0.0,115.4,-115.4
2480295,24,981334,UNICAJA MIJAS,AWAY,2643500,C. Capellan Santana,SF,2646984,L. Rivers,SF,1884837,M. Roters Dubinina,SF,2012623,S. Lo Sylla,SF,1949233,A. Orois Aznarez,SF,2.6,153.0,3.0,3.0,0.0,47.1,47.1,0.0
2480295,24,981334,UNICAJA MIJAS,AWAY,2643500,C. Capellan Santana,SF,2646984,L. Rivers,SF,2415743,L. Calleja Barberan,SF,1884837,M. Roters Dubinina,SF,2012623,S. Lo Sylla,SF,1.6,96.0,1.0,0.0,1.0,25.0,0.0,25.0
2480295,24,981334,UNICAJA MIJAS,AWAY,2643500,C. Capellan Santana,SF,2646984,L. Rivers,SF,2415743,L. Calleja Barberan,SF,1884837,M. Roters Dubinina,SF,2413042,C. Guillen Uriguen,SF,2.9,175.0,5.0,4.0,1.0,68.6,54.9,13.7
2480295,24,981334,UNICAJA MIJAS,AWAY,2646984,L. Rivers,SF,1884837,M. Roters Dubinina,SF,1317227,C. Garcia Paunero,SF,2413042,C. Guillen Uriguen,SF,1723860,S. Galeron Alvarez,SF,0.6,37.0,0.0,0.0,0.0,0.0,0.0,0.0
2480296,24,981213,AZULMARINO MALLORCA PALMA,HOME,2791252,A. Bulgak,SF,2793759,J. Asinde,SF,2815892,A. Siciliano,SF,975683,A. Torrens Salom,SF,1083354,M. España Almendro,SF,30.0,1800.0,52.0,37.0,15.0,69.3,49.3,20.0
2480296,24,981213,AZULMARINO MALLORCA PALMA,HOME,2791252,A. Bulgak,SF,2793759,J. Asinde,SF,975683,A. Torrens Salom,SF,1083354,M. España Almendro,SF,1865395,M. Garcia Mateo,SF,3.5,211.0,10.0,5.0,5.0,113.7,56.9,56.9
2480296,24,981213,AZULMARINO MALLORCA PALMA,HOME,2791252,A. Bulgak,SF,975683,A. Torrens Salom,SF,1865395,M. Garcia Mateo,SF,1434977,C. Grande Pardo,SF,1527601,I. Junio Mbulito,SF,6.5,389.0,18.0,2.0,16.0,111.1,12.3,98.7
2480296,24,981306,CAJASOL BALONCESTO SEVILLA FEMENINO,AWAY,2791616,L. Vorphal,SF,2004240,N. Sanchez Robayo,SF,2867807,F. Pouye,SF,1993036,I. Rios Rus,SF,1999405,N. Anitua Garcia,SF,35.8,2150.0,44.0,66.0,-22.0,49.1,73.7,-24.6
2480296,24,981306,CAJASOL BALONCESTO SEVILLA FEMENINO,AWAY,2791616,L. Vorphal,SF,2004240,N. Sanchez Robayo,SF,2867807,F. Pouye,SF,1999405,N. Anitua Garcia,SF,2848574,E. Elliott,SF,4.2,250.0,0.0,14.0,-14.0,0.0,134.4,-134.4
2480297,25,981206,MCR LIMA-HORTA BARCELONA,HOME,2049841,E. Trawally Porta,SF,1494221,L. Soler Madariaga,SF,1886093,E. Escuder Gonzalez,SF,1958425,L. Roig I Salrach,SF,1912814,N. Barrientos Pereira,SF,1.1,63.0,0.0,5.0,-5.0,0.0,190.5,-190.5
2480297,25,981206,MCR LIMA-HORTA BARCELONA,HOME,2049841,E. Trawally Porta,SF,1494221,L. Soler Madariaga,SF,1908281,M. Aguado Tortella,SF,1886093,E. Escuder Gonzalez,SF,1912814,N. Barrientos Pereira,SF,0.4,25.0,2.0,2.0,0.0,192.0,192.0,0.0
2480297,25,981206,MCR LIMA-HORTA BARCELONA,HOME,2049841,E. Trawally Porta,SF,1494221,L. Soler Madariaga,SF,1908281,M. Aguado Tortella,SF,1886093,E. Escuder Gonzalez,SF,1958425,L. Roig I Salrach,SF,0.3,20.0,4.0,0.0,4.0,480.0,0.0,480.0
2480297,25,981206,MCR LIMA-HORTA BARCELONA,HOME,2049841,E. Trawally Porta,SF,1494221,L. Soler Madariaga,SF,1908281,M. Aguado Tortella,SF,1958425,L. Roig I Salrach,SF,1886093,E. Escuder Gonzalez,SF,0.2,10.0,0.0,1.0,-1.0,0.0,240.0,-240.0
2480297,25,981206,MCR LIMA-HORTA BARCELONA,HOME,2049841,E. Trawally Porta,SF,1494221,L. Soler Madariaga,SF,1908281,M. Aguado Tortella,SF,1959765,J. Rueda Choni,SF,1886093,E. Escuder Gonzalez,SF,5.3,319.0,11.0,7.0,4.0,82.8,52.7,30.1
2480297,25,981206,MCR LIMA-HORTA BARCELONA,HOME,2049841,E. Trawally Porta,SF,1494221,L. Soler Madariaga,SF,1908281,M. Aguado Tortella,SF,1959765,J. Rueda Choni,SF,1912814,N. Barrientos Pereira,SF,0.9,56.0,0.0,4.0,-4.0,0.0,171.4,-171.4
2480297,25,981206,MCR LIMA-HORTA BARCELONA,HOME,2049841,E. Trawally Porta,SF,1494221,L. Soler Madariaga,SF,1908281,M. Aguado Tortella,SF,1959765,J. Rueda Choni,SF,1958425,L. Roig I Salrach,SF,2.6,158.0,4.0,4.0,0.0,60.8,60.8,0.0
2480297,25,981206,MCR LIMA-HORTA BARCELONA,HOME,2049841,E. Trawally Porta,SF,1494221,L. Soler Madariaga,SF,1959765,J. Rueda Choni,SF,1958425,L. Roig I Salrach,SF,1886093,E. Escuder Gonzalez,SF,1.9,112.0,0.0,2.0,-2.0,0.0,42.9,-42.9
2480297,25,981206,MCR LIMA-HORTA BARCELONA,HOME,2049841,E. Trawally Porta,SF,1494221,L. Soler Madariaga,SF,1959765,J. Rueda Choni,SF,1958425,L. Roig I Salrach,SF,1912814,N. Barrientos Pereira,SF,1.5,89.0,8.0,0.0,8.0,215.7,0.0,215.7
2480297,25,981206,MCR LIMA-HORTA BARCELONA,HOME,2235190,E. Morales López,SF,1494221,L. Soler Madariaga,SF,1886093,E. Escuder Gonzalez,SF,1958425,L. Roig I Salrach,SF,1912814,N. Barrientos Pereira,SF,1.9,113.0,0.0,2.0,-2.0,0.0,42.5,-42.5
2480297,25,981206,MCR LIMA-HORTA BARCELONA,HOME,2235190,E. Morales López,SF,1494221,L. Soler Madariaga,SF,1908281,M. Aguado Tortella,SF,1958425,L. Roig I Salrach,SF,1886093,E. Escuder Gonzalez,SF,1.9,114.0,1.0,2.0,-1.0,21.1,42.1,-21.1
2480297,25,981206,MCR LIMA-HORTA BARCELONA,HOME,2235190,E. Morales López,SF,1494221,L. Soler Madariaga,SF,1908281,M. Aguado Tortella,SF,1959765,J. Rueda Choni,SF,1886093,E. Escuder Gonzalez,SF,0.6,33.0,0.0,0.0,0.0,0.0,0.0,0.0
2480297,25,981206,MCR LIMA-HORTA BARCELONA,HOME,2235190,E. Morales López,SF,1494221,L. Soler Madariaga,SF,1908281,M. Aguado Tortella,SF,1959765,J. Rueda Choni,SF,1912814,N. Barrientos Pereira,SF,3.3,198.0,2.0,10.0,-8.0,24.2,121.2,-97.0
2480297,25,981206,MCR LIMA-HORTA BARCELONA,HOME,2235190,E. Morales López,SF,1494221,L. Soler Madariaga,SF,1908281,M. Aguado Tortella,SF,1959765,J. Rueda Choni,SF,1958425,L. Roig I Salrach,SF,3.2,195.0,8.0,5.0,3.0,98.5,61.5,36.9
2480297,25,981206,MCR LIMA-HORTA BARCELONA,HOME,2235190,E. Morales López,SF,2049841,E. Trawally Porta,SF,1908281,M. Aguado Tortella,SF,1958425,L. Roig I Salrach,SF,1886093,E. Escuder Gonzalez,SF,1.8,106.0,0.0,6.0,-6.0,0.0,135.8,-135.8
2480297,25,981206,MCR LIMA-HORTA BARCELONA,HOME,2235190,E. Morales López,SF,2049841,E. Trawally Porta,SF,1908281,M. Aguado Tortella,SF,1959765,J. Rueda Choni,SF,1886093,E. Escuder Gonzalez,SF,5.8,350.0,12.0,16.0,-4.0,82.3,109.7,-27.4
2480297,25,981206,MCR LIMA-HORTA BARCELONA,HOME,2235190,E. Morales López,SF,2049841,E. Trawally Porta,SF,1908281,M. Aguado Tortella,SF,1959765,J. Rueda Choni,SF,1958425,L. Roig I Salrach,SF,3.7,223.0,9.0,8.0,1.0,96.9,86.1,10.8
2480297,25,981206,MCR LIMA-HORTA BARCELONA,HOME,2235190,E. Morales López,SF,2049841,E. Trawally Porta,SF,1959765,J. Rueda Choni,SF,1886093,E. Escuder Gonzalez,SF,1912814,N. Barrientos Pereira,SF,0.6,37.0,2.0,2.0,0.0,129.7,129.7,0.0
2480297,25,981206,MCR LIMA-HORTA BARCELONA,HOME,2235190,E. Morales López,SF,2049841,E. Trawally Porta,SF,1959765,J. Rueda Choni,SF,1958425,L. Roig I Salrach,SF,1886093,E. Escuder Gonzalez,SF,3.0,179.0,7.0,13.0,-6.0,93.9,174.3,-80.4
2480297,25,981213,AZULMARINO MALLORCA PALMA,AWAY,2791252,A. Bulgak,SF,2793759,J. Asinde,SF,2815892,A. Siciliano,SF,975683,A. Torrens Salom,SF,1083354,M. España Almendro,SF,28.9,1731.0,65.0,42.0,23.0,90.1,58.2,31.9
2480297,25,981213,AZULMARINO MALLORCA PALMA,AWAY,2791252,A. Bulgak,SF,2793759,J. Asinde,SF,975683,A. Torrens Salom,SF,1083354,M. España Almendro,SF,1865395,M. Garcia Mateo,SF,4.4,265.0,9.0,6.0,3.0,81.5,54.3,27.2
2480297,25,981213,AZULMARINO MALLORCA PALMA,AWAY,2791252,A. Bulgak,SF,975683,A. Torrens Salom,SF,1865395,M. Garcia Mateo,SF,1434977,C. Grande Pardo,SF,1527601,I. Junio Mbulito,SF,6.7,404.0,15.0,22.0,-7.0,89.1,130.7,-41.6
2480298,25,979919,RECOLETAS ZAMORA,AWAY,1599354,A. Tainta Lizalde,SF,1516234,A. Moyano Medina,SF,1942017,A. Martin Tejedor,SF,1828742,I. Gimenez Monserrat,SF,2110765,A. Perez Relancio,SF,0.6,37.0,0.0,0.0,0.0,0.0,0.0,0.0
2480298,25,979919,RECOLETAS ZAMORA,AWAY,1599354,A. Tainta Lizalde,SF,1516234,A. Moyano Medina,SF,1942017,A. Martin Tejedor,SF,2110765,A. Perez Relancio,SF,2047146,M. Fernandez Muñoz,SF,1.1,67.0,0.0,0.0,0.0,0.0,0.0,0.0
2480298,25,979919,RECOLETAS ZAMORA,AWAY,1599354,A. Tainta Lizalde,SF,1516234,A. Moyano Medina,SF,1942017,A. Martin Tejedor,SF,2239381,D. Angel Villen,SF,1828742,I. Gimenez Monserrat,SF,1.3,81.0,0.0,5.0,-5.0,0.0,148.1,-148.1
2480298,25,979919,RECOLETAS ZAMORA,AWAY,1599354,A. Tainta Lizalde,SF,1516234,A. Moyano Medina,SF,1942017,A. Martin Tejedor,SF,2734310,E. Resende Carregosa,SF,1828742,I. Gimenez Monserrat,SF,6.1,367.0,15.0,13.0,2.0,98.1,85.0,13.1
2480298,25,979919,RECOLETAS ZAMORA,AWAY,1599354,A. Tainta Lizalde,SF,1516234,A. Moyano Medina,SF,1942017,A. Martin Tejedor,SF,2734310,E. Resende Carregosa,SF,2110765,A. Perez Relancio,SF,2.9,173.0,7.0,5.0,2.0,97.1,69.4,27.7
2480298,25,979919,RECOLETAS ZAMORA,AWAY,1599354,A. Tainta Lizalde,SF,1516234,A. Moyano Medina,SF,2432306,F. Niski Castelao,SF,1942017,A. Martin Tejedor,SF,2110765,A. Perez Relancio,SF,4.9,296.0,8.0,5.0,3.0,64.9,40.5,24.3
2480298,25,979919,RECOLETAS ZAMORA,AWAY,1599354,A. Tainta Lizalde,SF,1516234,A. Moyano Medina,SF,2432306,F. Niski Castelao,SF,1942017,A. Martin Tejedor,SF,2239381,D. Angel Villen,SF,5.6,338.0,7.0,14.0,-7.0,49.7,99.4,-49.7
2480298,25,979919,RECOLETAS ZAMORA,AWAY,1599354,A. Tainta Lizalde,SF,1516234,A. Moyano Medina,SF,2432306,F. Niski Castelao,SF,1942017,A. Martin Tejedor,SF,2734310,E. Resende Carregosa,SF,1.6,93.0,0.0,4.0,-4.0,0.0,103.2,-103.2
2480298,25,979919,RECOLETAS ZAMORA,AWAY,1599354,A. Tainta Lizalde,SF,1516234,A. Moyano Medina,SF,2432306,F. Niski Castelao,SF,2734310,E. Resende Carregosa,SF,2110765,A. Perez Relancio,SF,0.3,20.0,0.0,2.0,-2.0,0.0,240.0,-240.0
2480298,25,979919,RECOLETAS ZAMORA,AWAY,1599354,A. Tainta Lizalde,SF,1516234,A. Moyano Medina,SF,2817152,F. Filor,SF,1942017,A. Martin Tejedor,SF,2110765,A. Perez Relancio,SF,0.9,54.0,2.0,5.0,-3.0,88.9,222.2,-133.3
2480298,25,979919,RECOLETAS ZAMORA,AWAY,1599354,A. Tainta Lizalde,SF,1516234,A. Moyano Medina,SF,2817152,F. Filor,SF,1942017,A. Martin Tejedor,SF,2239381,D. Angel Villen,SF,2.0,121.0,1.0,1.0,0.0,19.8,19.8,0.0
2480298,25,979919,RECOLETAS ZAMORA,AWAY,1599354,A. Tainta Lizalde,SF,1516234,A. Moyano Medina,SF,2817152,F. Filor,SF,1942017,A. Martin Tejedor,SF,2734310,E. Resende Carregosa,SF,6.6,393.0,17.0,9.0,8.0,103.8,55.0,48.9
2480298,25,979919,RECOLETAS ZAMORA,AWAY,1599354,A. Tainta Lizalde,SF,2817152,F. Filor,SF,1516234,A. Moyano Medina,SF,2432306,F. Niski Castelao,SF,1942017,A. Martin Tejedor,SF,1.4,79.0,5.0,4.0,1.0,151.9,121.5,30.4
2480298,25,979919,RECOLETAS ZAMORA,AWAY,1599354,A. Tainta Lizalde,SF,2817152,F. Filor,SF,1516234,A. Moyano Medina,SF,2734310,E. Resende Carregosa,SF,2110765,A. Perez Relancio,SF,4.7,281.0,9.0,10.0,-1.0,76.9,85.4,-8.5
2480298,25,981306,CAJASOL BALONCESTO SEVILLA FEMENINO,HOME,2791616,L. Vorphal,SF,2004240,N. Sanchez Robayo,SF,2867807,F. Pouye,SF,1993036,I. Rios Rus,SF,1999405,N. Anitua Garcia,SF,25.3,1519.0,45.0,45.0,0.0,71.1,71.1,0.0
2480298,25,981306,CAJASOL BALONCESTO SEVILLA FEMENINO,HOME,2791616,L. Vorphal,SF,2867807,F. Pouye,SF,1993036,I. Rios Rus,SF,1999405,N. Anitua Garcia,SF,1836643,E. Fernandez Rubio,SF,6.6,395.0,11.0,15.0,-4.0,66.8,91.1,-24.3
2480298,25,981306,CAJASOL BALONCESTO SEVILLA FEMENINO,HOME,2791616,L. Vorphal,SF,2867807,F. Pouye,SF,1999405,N. Anitua Garcia,SF,2053354,F. Gassama Dansoko,SF,1522827,M. Recio Gonzalez,SF,1.7,103.0,5.0,2.0,3.0,116.5,46.6,69.9
2480298,25,981306,CAJASOL BALONCESTO SEVILLA FEMENINO,HOME,2791616,L. Vorphal,SF,2867807,F. Pouye,SF,1999405,N. Anitua Garcia,SF,2053354,F. Gassama Dansoko,SF,1723585,A. Morales Sancho,SF,6.4,383.0,16.0,9.0,7.0,100.3,56.4,43.9
2480299,25,981208,ALTER ENERSUN AL-QÁZERES EXTREMADURA,AWAY,1860325,L. Fontela Cabaleiro,SF,1902336,N. Liste Alfonsin,SF,2432389,J. De Barros Filipe,SF,1112483,L. Mendez Lamas,SF,2815234,I. Tavares Ramos,SF,1.2,75.0,0.0,6.0,-6.0,0.0,192.0,-192.0
2480299,25,981208,ALTER ENERSUN AL-QÁZERES EXTREMADURA,AWAY,1860325,L. Fontela Cabaleiro,SF,2815153,V. Gauna,SF,1902336,N. Liste Alfonsin,SF,2432389,J. De Barros Filipe,SF,1889214,C. Prieto Pereda,SF,2.8,166.0,5.0,5.0,0.0,72.3,72.3,0.0
2480299,25,981208,ALTER ENERSUN AL-QÁZERES EXTREMADURA,AWAY,1860325,L. Fontela Cabaleiro,SF,2815153,V. Gauna,SF,2207418,V. Becerra Caballero,SF,1112483,L. Mendez Lamas,SF,1902336,N. Liste Alfonsin,SF,0.3,16.0,1.0,3.0,-2.0,150.0,450.0,-300.0
2480299,25,981208,ALTER ENERSUN AL-QÁZERES EXTREMADURA,AWAY,1860325,L. Fontela Cabaleiro,SF,2815153,V. Gauna,SF,2432389,J. De Barros Filipe,SF,1112483,L. Mendez Lamas,SF,1902336,N. Liste Alfonsin,SF,5.0,291.0,7.0,8.0,-1.0,57.7,66.0,-8.2
2480299,25,981208,ALTER ENERSUN AL-QÁZERES EXTREMADURA,AWAY,2056237,L. Salmeron Segu,SF,1860325,L. Fontela Cabaleiro,SF,2815153,V. Gauna,SF,1902336,N. Liste Alfonsin,SF,2815234,I. Tavares Ramos,SF,2.8,172.0,1.0,2.0,-1.0,14.0,27.9,-14.0
2480299,25,981208,ALTER ENERSUN AL-QÁZERES EXTREMADURA,AWAY,2056237,L. Salmeron Segu,SF,2815153,V. Gauna,SF,1902336,N. Liste Alfonsin,SF,2432389,J. De Barros Filipe,SF,1112483,L. Mendez Lamas,SF,1.9,114.0,2.0,4.0,-2.0,42.1,84.2,-42.1
2480299,25,981208,ALTER ENERSUN AL-QÁZERES EXTREMADURA,AWAY,2056237,L. Salmeron Segu,SF,2815153,V. Gauna,SF,1902336,N. Liste Alfonsin,SF,2815234,I. Tavares Ramos,SF,1889214,C. Prieto Pereda,SF,7.5,450.0,18.0,8.0,10.0,96.0,42.7,53.3
2480299,25,981208,ALTER ENERSUN AL-QÁZERES EXTREMADURA,AWAY,2207418,V. Becerra Caballero,SF,2815153,V. Gauna,SF,1902336,N. Liste Alfonsin,SF,2432389,J. De Barros Filipe,SF,1889214,C. Prieto Pereda,SF,0.4,24.0,0.0,0.0,0.0,0.0,0.0,0.0
2480299,25,981208,ALTER ENERSUN AL-QÁZERES EXTREMADURA,AWAY,2735904,R. De Lima Viegas Laneiro,SF,1860325,L. Fontela Cabaleiro,SF,1902336,N. Liste Alfonsin,SF,1112483,L. Mendez Lamas,SF,2815234,I. Tavares Ramos,SF,0.4,23.0,0.0,2.0,-2.0,0.0,208.7,-208.7
2480299,25,981208,ALTER ENERSUN AL-QÁZERES EXTREMADURA,AWAY,2735904,R. De Lima Viegas Laneiro,SF,1860325,L. Fontela Cabaleiro,SF,2432389,J. De Barros Filipe,SF,1902336,N. Liste Alfonsin,SF,2815234,I. Tavares Ramos,SF,3.4,205.0,5.0,4.0,1.0,58.5,46.8,11.7
2480299,25,981208,ALTER ENERSUN AL-QÁZERES EXTREMADURA,AWAY,2735904,R. De Lima Viegas Laneiro,SF,1860325,L. Fontela Cabaleiro,SF,2815153,V. Gauna,SF,1902336,N. Liste Alfonsin,SF,2815234,I. Tavares Ramos,SF,1.0,59.0,2.0,0.0,2.0,81.4,0.0,81.4
2480299,25,981208,ALTER ENERSUN AL-QÁZERES EXTREMADURA,AWAY,2735904,R. De Lima Viegas Laneiro,SF,2056237,L. Salmeron Segu,SF,2815153,V. Gauna,SF,2432389,J. De Barros Filipe,SF,1902336,N. Liste Alfonsin,SF,4.2,249.0,4.0,11.0,-7.0,38.6,106.0,-67.5
2480299,25,981208,ALTER ENERSUN AL-QÁZERES EXTREMADURA,AWAY,2735904,R. De Lima Viegas Laneiro,SF,2432389,J. De Barros Filipe,SF,1902336,N. Liste Alfonsin,SF,1112483,L. Mendez Lamas,SF,1889214,C. Prieto Pereda,SF,1.9,111.0,5.0,7.0,-2.0,108.1,151.4,-43.2
2480299,25,981208,ALTER ENERSUN AL-QÁZERES EXTREMADURA,AWAY,2735904,R. De Lima Viegas Laneiro,SF,2432389,J. De Barros Filipe,SF,1902336,N. Liste Alfonsin,SF,1112483,L. Mendez Lamas,SF,2815234,I. Tavares Ramos,SF,1.0,61.0,3.0,0.0,3.0,118.0,0.0,118.0
2480299,25,981208,ALTER ENERSUN AL-QÁZERES EXTREMADURA,AWAY,2735904,R. De Lima Viegas Laneiro,SF,2815153,V. Gauna,SF,2432389,J. De Barros Filipe,SF,1902336,N. Liste Alfonsin,SF,1889214,C. Prieto Pereda,SF,2.6,153.0,5.0,7.0,-2.0,78.4,109.8,-31.4
2480299,25,981208,ALTER ENERSUN AL-QÁZERES EXTREMADURA,AWAY,2815153,V. Gauna,SF,1902336,N. Liste Alfonsin,SF,2432389,J. De Barros Filipe,SF,2815234,I. Tavares Ramos,SF,1889214,C. Prieto Pereda,SF,3.8,231.0,10.0,8.0,2.0,103.9,83.1,20.8
2480299,25,981334,UNICAJA MIJAS,HOME,1884837,M. Roters Dubinina,SF,1317227,C. Garcia Paunero,SF,1723860,S. Galeron Alvarez,SF,2012623,S. Lo Sylla,SF,2643500,C. Capellan Santana,SF,3.2,191.0,5.0,7.0,-2.0,62.8,88.0,-25.1
2480299,25,981334,UNICAJA MIJAS,HOME,1884837,M. Roters Dubinina,SF,1723860,S. Galeron Alvarez,SF,2012623,S. Lo Sylla,SF,1949233,A. Orois Aznarez,SF,1994192,E. Moreno Fernandez,SF,3.4,203.0,5.0,4.0,1.0,59.1,47.3,11.8
2480299,25,981334,UNICAJA MIJAS,HOME,1884837,M. Roters Dubinina,SF,1723860,S. Galeron Alvarez,SF,2012623,S. Lo Sylla,SF,1949233,A. Orois Aznarez,SF,2643500,C. Capellan Santana,SF,1.0,56.0,4.0,3.0,1.0,171.4,128.6,42.9
2480299,25,981334,UNICAJA MIJAS,HOME,1884837,M. Roters Dubinina,SF,1723860,S. Galeron Alvarez,SF,2012623,S. Lo Sylla,SF,2643500,C. Capellan Santana,SF,1994192,E. Moreno Fernandez,SF,2.6,152.0,4.0,3.0,1.0,63.2,47.4,15.8
2480299,25,981334,UNICAJA MIJAS,HOME,1884837,M. Roters Dubinina,SF,2413042,C. Guillen Uriguen,SF,1723860,S. Galeron Alvarez,SF,2012623,S. Lo Sylla,SF,1949233,A. Orois Aznarez,SF,1.4,82.0,2.0,2.0,0.0,58.5,58.5,0.0
2480299,25,981334,UNICAJA MIJAS,HOME,1884837,M. Roters Dubinina,SF,2413042,C. Guillen Uriguen,SF,1723860,S. Galeron Alvarez,SF,2012623,S. Lo Sylla,SF,2643500,C. Capellan Santana,SF,1.2,70.0,0.0,0.0,0.0,0.0,0.0,0.0
2480299,25,981334,UNICAJA MIJAS,HOME,2096249,T. Eke Benitez,SF,1884837,M. Roters Dubinina,SF,1723860,S. Galeron Alvarez,SF,1949233,A. Orois Aznarez,SF,1994192,E. Moreno Fernandez,SF,0.5,29.0,0.0,2.0,-2.0,0.0,165.5,-165.5
2480299,25,981334,UNICAJA MIJAS,HOME,2096249,T. Eke Benitez,SF,2646984,L. Rivers,SF,1317227,C. Garcia Paunero,SF,1884837,M. Roters Dubinina,SF,1949233,A. Orois Aznarez,SF,6.4,384.0,15.0,9.0,6.0,93.8,56.2,37.5
2480299,25,981334,UNICAJA MIJAS,HOME,2096249,T. Eke Benitez,SF,2646984,L. Rivers,SF,1884837,M. Roters Dubinina,SF,1317227,C. Garcia Paunero,SF,1723860,S. Galeron Alvarez,SF,5.6,339.0,12.0,16.0,-4.0,85.0,113.3,-28.3
2480299,25,981334,UNICAJA MIJAS,HOME,2096249,T. Eke Benitez,SF,2646984,L. Rivers,SF,1884837,M. Roters Dubinina,SF,1317227,C. Garcia Paunero,SF,1949233,A. Orois Aznarez,SF,7.3,443.0,9.0,11.0,-2.0,48.8,59.6,-10.8
2480299,25,981334,UNICAJA MIJAS,HOME,2096249,T. Eke Benitez,SF,2646984,L. Rivers,SF,1884837,M. Roters Dubinina,SF,1317227,C. Garcia Paunero,SF,2643500,C. Capellan Santana,SF,2.4,139.0,7.0,5.0,2.0,120.9,86.3,34.5
2480299,25,981334,UNICAJA MIJAS,HOME,2096249,T. Eke Benitez,SF,2646984,L. Rivers,SF,1884837,M. Roters Dubinina,SF,1723860,S. Galeron Alvarez,SF,1949233,A. Orois Aznarez,SF,2.1,130.0,8.0,1.0,7.0,147.7,18.5,129.2
2480299,25,981334,UNICAJA MIJAS,HOME,2646984,L. Rivers,SF,1884837,M. Roters Dubinina,SF,1317227,C. Garcia Paunero,SF,1723860,S. Galeron Alvarez,SF,1949233,A. Orois Aznarez,SF,1.4,82.0,2.0,2.0,0.0,58.5,58.5,0.0
2480299,25,981334,UNICAJA MIJAS,HOME,2646984,L. Rivers,SF,1884837,M. Roters Dubinina,SF,1317227,C. Garcia Paunero,SF,1723860,S. Galeron Alvarez,SF,2012623,S. Lo Sylla,SF,0.7,40.0,0.0,3.0,-3.0,0.0,180.0,-180.0
2480299,25,981334,UNICAJA MIJAS,HOME,2646984,L. Rivers,SF,1884837,M. Roters Dubinina,SF,1723860,S. Galeron Alvarez,SF,2012623,S. Lo Sylla,SF,1949233,A. Orois Aznarez,SF,1.0,60.0,2.0,0.0,2.0,80.0,0.0,80.0
2480300,25,979770,MELILLA CIUDAD DEL DEPORTE LA SALLE,AWAY,1756623,A. Hernangomez Geuer,SF,1713801,C. Torrubia Cano,SF,1454479,A. Senosiain Vergarachea,SF,1715165,M. Torreblanca Ginel,SF,1829640,A. Sanchez Davila,SF,5.0,299.0,5.0,9.0,-4.0,40.1,72.2,-32.1
2480300,25,979770,MELILLA CIUDAD DEL DEPORTE LA SALLE,AWAY,1756623,A. Hernangomez Geuer,SF,1946976,L. Moya Blanch,SF,1454479,A. Senosiain Vergarachea,SF,2814864,R. Monteiro Da Silva,SF,1587316,C. Caceres Ayala,SF,2.7,160.0,5.0,3.0,2.0,75.0,45.0,30.0
2480300,25,979770,MELILLA CIUDAD DEL DEPORTE LA SALLE,AWAY,1756623,A. Hernangomez Geuer,SF,1946976,L. Moya Blanch,SF,1454479,A. Senosiain Vergarachea,SF,2814864,R. Monteiro Da Silva,SF,1715165,M. Torreblanca Ginel,SF,0.5,30.0,2.0,3.0,-1.0,160.0,240.0,-80.0
2480300,25,979770,MELILLA CIUDAD DEL DEPORTE LA SALLE,AWAY,1756623,A. Hernangomez Geuer,SF,2104399,C. Garcia Muñoz,SF,1454479,A. Senosiain Vergarachea,SF,2814864,R. Monteiro Da Silva,SF,1587316,C. Caceres Ayala,SF,2.6,152.0,3.0,4.0,-1.0,47.4,63.2,-15.8
2480300,25,979770,MELILLA CIUDAD DEL DEPORTE LA SALLE,AWAY,1946976,L. Moya Blanch,SF,1454479,A. Senosiain Vergarachea,SF,2814864,R. Monteiro Da Silva,SF,1587316,C. Caceres Ayala,SF,1715165,M. Torreblanca Ginel,SF,0.5,29.0,0.0,3.0,-3.0,0.0,248.3,-248.3
2480300,25,979770,MELILLA CIUDAD DEL DEPORTE LA SALLE,AWAY,2104399,C. Garcia Muñoz,SF,1756623,A. Hernangomez Geuer,SF,1454479,A. Senosiain Vergarachea,SF,1587316,C. Caceres Ayala,SF,1715165,M. Torreblanca Ginel,SF,5.2,311.0,8.0,10.0,-2.0,61.7,77.2,-15.4
2480300,25,979770,MELILLA CIUDAD DEL DEPORTE LA SALLE,AWAY,2104399,C. Garcia Muñoz,SF,1756623,A. Hernangomez Geuer,SF,1454479,A. Senosiain Vergarachea,SF,2814864,R. Monteiro Da Silva,SF,1715165,M. Torreblanca Ginel,SF,5.8,344.0,15.0,11.0,4.0,104.7,76.7,27.9
2480300,25,979770,MELILLA CIUDAD DEL DEPORTE LA SALLE,AWAY,2104399,C. Garcia Muñoz,SF,1946976,L. Moya Blanch,SF,1454479,A. Senosiain Vergarachea,SF,2814864,R. Monteiro Da Silva,SF,1587316,C. Caceres Ayala,SF,3.0,174.0,2.0,6.0,-4.0,27.6,82.8,-55.2
2480300,25,979770,MELILLA CIUDAD DEL DEPORTE LA SALLE,AWAY,2432929,M. Davydova,SF,1756623,A. Hernangomez Geuer,SF,1454479,A. Senosiain Vergarachea,SF,1715165,M. Torreblanca Ginel,SF,1829640,A. Sanchez Davila,SF,0.7,39.0,0.0,0.0,0.0,0.0,0.0,0.0
2480300,25,979770,MELILLA CIUDAD DEL DEPORTE LA SALLE,AWAY,2432929,M. Davydova,SF,1756623,A. Hernangomez Geuer,SF,1454479,A. Senosiain Vergarachea,SF,2814864,R. Monteiro Da Silva,SF,1715165,M. Torreblanca Ginel,SF,1.3,77.0,0.0,3.0,-3.0,0.0,93.5,-93.5
2480300,25,979770,MELILLA CIUDAD DEL DEPORTE LA SALLE,AWAY,2432929,M. Davydova,SF,1946976,L. Moya Blanch,SF,1454479,A. Senosiain Vergarachea,SF,2814864,R. Monteiro Da Silva,SF,1587316,C. Caceres Ayala,SF,11.1,668.0,13.0,18.0,-5.0,46.7,64.7,-18.0
2480300,25,979770,MELILLA CIUDAD DEL DEPORTE LA SALLE,AWAY,2432929,M. Davydova,SF,1946976,L. Moya Blanch,SF,1454479,A. Senosiain Vergarachea,SF,2814864,R. Monteiro Da Silva,SF,1715165,M. Torreblanca Ginel,SF,1.9,117.0,4.0,4.0,0.0,82.1,82.1,0.0
2480300,25,981356,BOSONIT UNIBASKET,HOME,1626810,C. Aldecoa Rodriguez,SF,1834784,E. Florez Pascual,SF,2819119,T. Sedláková,SF,2735759,L. Van Schaik,SF,1821692,M. Alonso Guadaño,SF,5.1,302.0,12.0,7.0,5.0,95.4,55.6,39.7
2480300,25,981356,BOSONIT UNIBASKET,HOME,1626810,C. Aldecoa Rodriguez,SF,1834784,E. Florez Pascual,SF,2819119,T. Sedláková,SF,2735759,L. Van Schaik,SF,2151019,N. Padrosa Mons,SF,1.2,70.0,0.0,4.0,-4.0,0.0,137.1,-137.1
2480300,25,981356,BOSONIT UNIBASKET,HOME,1626810,C. Aldecoa Rodriguez,SF,2819119,T. Sedláková,SF,1678734,M. Llorente Ruiz,SF,1778980,I. Losada Gonzalez-Babe,SF,1821692,M. Alonso Guadaño,SF,1.6,93.0,2.0,2.0,0.0,51.6,51.6,0.0
2480300,25,981356,BOSONIT UNIBASKET,HOME,1626810,C. Aldecoa Rodriguez,SF,2819119,T. Sedláková,SF,1678734,M. Llorente Ruiz,SF,1778980,I. Losada Gonzalez-Babe,SF,2151019,N. Padrosa Mons,SF,1.0,59.0,2.0,1.0,1.0,81.4,40.7,40.7
2480300,25,981356,BOSONIT UNIBASKET,HOME,1626810,C. Aldecoa Rodriguez,SF,2819119,T. Sedláková,SF,1778980,I. Losada Gonzalez-Babe,SF,2735759,L. Van Schaik,SF,1821692,M. Alonso Guadaño,SF,1.4,82.0,3.0,2.0,1.0,87.8,58.5,29.3
2480300,25,981356,BOSONIT UNIBASKET,HOME,1626810,C. Aldecoa Rodriguez,SF,2819119,T. Sedláková,SF,1778980,I. Losada Gonzalez-Babe,SF,2735759,L. Van Schaik,SF,2151019,N. Padrosa Mons,SF,3.5,206.0,0.0,4.0,-4.0,0.0,46.6,-46.6
2480300,25,981356,BOSONIT UNIBASKET,HOME,1626810,C. Aldecoa Rodriguez,SF,2819119,T. Sedláková,SF,2561556,C. Sañudo Trillo,SF,1821692,M. Alonso Guadaño,SF,1834784,E. Florez Pascual,SF,3.6,210.0,8.0,2.0,6.0,91.4,22.9,68.6
2480300,25,981356,BOSONIT UNIBASKET,HOME,1626810,C. Aldecoa Rodriguez,SF,2819119,T. Sedláková,SF,2735759,L. Van Schaik,SF,2151019,N. Padrosa Mons,SF,1834784,E. Florez Pascual,SF,4.2,259.0,8.0,14.0,-6.0,74.1,129.7,-55.6
2480300,25,981356,BOSONIT UNIBASKET,HOME,1626810,C. Aldecoa Rodriguez,SF,2819121,H. Forster,SF,2561556,C. Sañudo Trillo,SF,1778980,I. Losada Gonzalez-Babe,SF,1821692,M. Alonso Guadaño,SF,3.7,217.0,8.0,6.0,2.0,88.5,66.4,22.1
2480300,25,981356,BOSONIT UNIBASKET,HOME,1626810,C. Aldecoa Rodriguez,SF,2819121,H. Forster,SF,2561556,C. Sañudo Trillo,SF,1821692,M. Alonso Guadaño,SF,1834784,E. Florez Pascual,SF,1.2,74.0,2.0,2.0,0.0,64.9,64.9,0.0
2480300,25,981356,BOSONIT UNIBASKET,HOME,1626810,C. Aldecoa Rodriguez,SF,2819121,H. Forster,SF,2735759,L. Van Schaik,SF,2151019,N. Padrosa Mons,SF,1834784,E. Florez Pascual,SF,4.6,279.0,10.0,1.0,9.0,86.0,8.6,77.4
2480300,25,981356,BOSONIT UNIBASKET,HOME,1834784,E. Florez Pascual,SF,2819119,T. Sedláková,SF,2561556,C. Sañudo Trillo,SF,2735759,L. Van Schaik,SF,1821692,M. Alonso Guadaño,SF,0.5,27.0,0.0,3.0,-3.0,0.0,266.7,-266.7
2480300,25,981356,BOSONIT UNIBASKET,HOME,2819119,T. Sedláková,SF,1678734,M. Llorente Ruiz,SF,1778980,I. Losada Gonzalez-Babe,SF,2735759,L. Van Schaik,SF,1821692,M. Alonso Guadaño,SF,2.0,120.0,2.0,0.0,2.0,40.0,0.0,40.0
2480300,25,981356,BOSONIT UNIBASKET,HOME,2819119,T. Sedláková,SF,1678734,M. Llorente Ruiz,SF,1778980,I. Losada Gonzalez-Babe,SF,2735759,L. Van Schaik,SF,2151019,N. Padrosa Mons,SF,1.8,106.0,7.0,0.0,7.0,158.5,0.0,158.5
2480300,25,981356,BOSONIT UNIBASKET,HOME,2819119,T. Sedláková,SF,1678734,M. Llorente Ruiz,SF,2735759,L. Van Schaik,SF,1821692,M. Alonso Guadaño,SF,1834784,E. Florez Pascual,SF,3.7,223.0,10.0,7.0,3.0,107.6,75.3,32.3
2480300,25,981356,BOSONIT UNIBASKET,HOME,2819119,T. Sedláková,SF,1778980,I. Losada Gonzalez-Babe,SF,2735759,L. Van Schaik,SF,2151019,N. Padrosa Mons,SF,1821692,M. Alonso Guadaño,SF,0.2,10.0,0.0,0.0,0.0,0.0,0.0,0.0
2480300,25,981356,BOSONIT UNIBASKET,HOME,2819119,T. Sedláková,SF,2561556,C. Sañudo Trillo,SF,1778980,I. Losada Gonzalez-Babe,SF,2735759,L. Van Schaik,SF,1821692,M. Alonso Guadaño,SF,0.5,32.0,0.0,1.0,-1.0,0.0,75.0,-75.0
2480300,25,981356,BOSONIT UNIBASKET,HOME,2819119,T. Sedláková,SF,2561556,C. Sañudo Trillo,SF,2735759,L. Van Schaik,SF,1821692,M. Alonso Guadaño,SF,1834784,E. Florez Pascual,SF,0.3,18.0,0.0,1.0,-1.0,0.0,133.3,-133.3
2480300,25,981356,BOSONIT UNIBASKET,HOME,2819119,T. Sedláková,SF,2819121,H. Forster,SF,2561556,C. Sañudo Trillo,SF,2735759,L. Van Schaik,SF,1821692,M. Alonso Guadaño,SF,0.2,13.0,0.0,0.0,0.0,0.0,0.0,0.0
2480301,25,981242,C.B. SANTFELIUENC,HOME,2050086,M. Muñoz Moyano,SF,2155489,X. Salzmann Romeu,SF,2190844,S. Pares Vilaseca,SF,2864042,K. Trehub,SF,2073654,C. Gil Abad,SF,2.3,139.0,2.0,5.0,-3.0,34.5,86.3,-51.8
2480301,25,981242,C.B. SANTFELIUENC,HOME,2050086,M. Muñoz Moyano,SF,2242362,B. Momblona Monrabal,SF,2257209,A. Segura Freixenet,SF,2155489,X. Salzmann Romeu,SF,2073654,C. Gil Abad,SF,6.6,393.0,10.0,9.0,1.0,61.1,55.0,6.1
2480301,25,981242,C.B. SANTFELIUENC,HOME,2050086,M. Muñoz Moyano,SF,2242362,B. Momblona Monrabal,SF,2864042,K. Trehub,SF,2155489,X. Salzmann Romeu,SF,2190844,S. Pares Vilaseca,SF,2.2,134.0,4.0,9.0,-5.0,71.6,161.2,-89.6
2480301,25,981242,C.B. SANTFELIUENC,HOME,2050086,M. Muñoz Moyano,SF,2257209,A. Segura Freixenet,SF,2155489,X. Salzmann Romeu,SF,2190844,S. Pares Vilaseca,SF,2864042,K. Trehub,SF,2.8,165.0,4.0,4.0,0.0,58.2,58.2,0.0
2480301,25,981242,C.B. SANTFELIUENC,HOME,2050086,M. Muñoz Moyano,SF,2452845,A. Garcia Vilà,SF,2257209,A. Segura Freixenet,SF,2155489,X. Salzmann Romeu,SF,2190844,S. Pares Vilaseca,SF,2.8,168.0,8.0,5.0,3.0,114.3,71.4,42.9
2480301,25,981242,C.B. SANTFELIUENC,HOME,2050086,M. Muñoz Moyano,SF,2452845,A. Garcia Vilà,SF,2864042,K. Trehub,SF,2155489,X. Salzmann Romeu,SF,2190844,S. Pares Vilaseca,SF,3.9,234.0,4.0,9.0,-5.0,41.0,92.3,-51.3
2480301,25,981242,C.B. SANTFELIUENC,HOME,2050086,M. Muñoz Moyano,SF,2864042,K. Trehub,SF,2155489,X. Salzmann Romeu,SF,2190844,S. Pares Vilaseca,SF,2073654,C. Gil Abad,SF,0.3,19.0,0.0,0.0,0.0,0.0,0.0,0.0
2480301,25,981242,C.B. SANTFELIUENC,HOME,2241297,P. Garcia Sanchez,SF,2050086,M. Muñoz Moyano,SF,2643014,A. Mutavdzic,SF,2257209,A. Segura Freixenet,SF,2864042,K. Trehub,SF,0.3,17.0,0.0,0.0,0.0,0.0,0.0,0.0
2480301,25,981242,C.B. SANTFELIUENC,HOME,2241297,P. Garcia Sanchez,SF,2050086,M. Muñoz Moyano,SF,2643014,A. Mutavdzic,SF,2864042,K. Trehub,SF,2190844,S. Pares Vilaseca,SF,1.0,59.0,2.0,0.0,2.0,81.4,0.0,81.4
2480301,25,981242,C.B. SANTFELIUENC,HOME,2241297,P. Garcia Sanchez,SF,2242362,B. Momblona Monrabal,SF,2155489,X. Salzmann Romeu,SF,2864042,K. Trehub,SF,2073654,C. Gil Abad,SF,1.2,75.0,2.0,4.0,-2.0,64.0,128.0,-64.0
2480301,25,981242,C.B. SANTFELIUENC,HOME,2241297,P. Garcia Sanchez,SF,2242362,B. Momblona Monrabal,SF,2257209,A. Segura Freixenet,SF,2155489,X. Salzmann Romeu,SF,2190844,S. Pares Vilaseca,SF,1.2,71.0,0.0,2.0,-2.0,0.0,67.6,-67.6
2480301,25,981242,C.B. SANTFELIUENC,HOME,2241297,P. Garcia Sanchez,SF,2242362,B. Momblona Monrabal,SF,2864042,K. Trehub,SF,2155489,X. Salzmann Romeu,SF,2190844,S. Pares Vilaseca,SF,2.0,123.0,5.0,6.0,-1.0,97.6,117.1,-19.5
2480301,25,981242,C.B. SANTFELIUENC,HOME,2241297,P. Garcia Sanchez,SF,2643014,A. Mutavdzic,SF,2242362,B. Momblona Monrabal,SF,2190844,S. Pares Vilaseca,SF,2864042,K. Trehub,SF,1.6,98.0,2.0,4.0,-2.0,49.0,98.0,-49.0
2480301,25,981242,C.B. SANTFELIUENC,HOME,2241297,P. Garcia Sanchez,SF,2643014,A. Mutavdzic,SF,2242362,B. Momblona Monrabal,SF,2257209,A. Segura Freixenet,SF,2190844,S. Pares Vilaseca,SF,2.1,123.0,7.0,4.0,3.0,136.6,78.0,58.5
2480301,25,981242,C.B. SANTFELIUENC,HOME,2241297,P. Garcia Sanchez,SF,2643014,A. Mutavdzic,SF,2257209,A. Segura Freixenet,SF,2864042,K. Trehub,SF,2190844,S. Pares Vilaseca,SF,0.3,16.0,0.0,0.0,0.0,0.0,0.0,0.0
2480301,25,981242,C.B. SANTFELIUENC,HOME,2241297,P. Garcia Sanchez,SF,2643014,A. Mutavdzic,SF,2864042,K. Trehub,SF,2155489,X. Salzmann Romeu,SF,2190844,S. Pares Vilaseca,SF,3.0,183.0,4.0,2.0,2.0,52.5,26.2,26.2
2480301,25,981242,C.B. SANTFELIUENC,HOME,2242362,B. Momblona Monrabal,SF,2257209,A. Segura Freixenet,SF,2155489,X. Salzmann Romeu,SF,2190844,S. Pares Vilaseca,SF,2073654,C. Gil Abad,SF,2.5,150.0,6.0,3.0,3.0,96.0,48.0,48.0
2480301,25,981242,C.B. SANTFELIUENC,HOME,2242362,B. Momblona Monrabal,SF,2864042,K. Trehub,SF,2155489,X. Salzmann Romeu,SF,2190844,S. Pares Vilaseca,SF,2073654,C. Gil Abad,SF,1.5,89.0,2.0,2.0,0.0,53.9,53.9,0.0
2480301,25,981242,C.B. SANTFELIUENC,HOME,2643014,A. Mutavdzic,SF,2242362,B. Momblona Monrabal,SF,2864042,K. Trehub,SF,2155489,X. Salzmann Romeu,SF,2190844,S. Pares Vilaseca,SF,0.5,32.0,0.0,0.0,0.0,0.0,0.0,0.0
2480301,25,981242,C.B. SANTFELIUENC,HOME,2643014,A. Mutavdzic,SF,2452845,A. Garcia Vilà,SF,2257209,A. Segura Freixenet,SF,2155489,X. Salzmann Romeu,SF,2190844,S. Pares Vilaseca,SF,0.2,12.0,0.0,0.0,0.0,0.0,0.0,0.0
2480301,25,981242,C.B. SANTFELIUENC,HOME,2643014,A. Mutavdzic,SF,2452845,A. Garcia Vilà,SF,2257209,A. Segura Freixenet,SF,2864042,K. Trehub,SF,2190844,S. Pares Vilaseca,SF,1.7,100.0,4.0,0.0,4.0,96.0,0.0,96.0
2480301,25,981288,SERNOVA RENOVABLES REAL CANOE,AWAY,2034380,A. Lozano Davila,SF,2097038,P. De Mier Espina,SF,1927626,C. Flores Garcia,SF,2866005,E. Zemoura,SF,1859345,L. Fleta Robles,SF,2.8,168.0,5.0,8.0,-3.0,71.4,114.3,-42.9
2480301,25,981288,SERNOVA RENOVABLES REAL CANOE,AWAY,2034380,A. Lozano Davila,SF,2097038,P. De Mier Espina,SF,2021397,A. Esnal Aguirre,SF,1242234,C. Rodriguez Nuñez,SF,2866005,E. Zemoura,SF,2.7,166.0,4.0,4.0,0.0,57.8,57.8,0.0
2480301,25,981288,SERNOVA RENOVABLES REAL CANOE,AWAY,2034380,A. Lozano Davila,SF,2097038,P. De Mier Espina,SF,2021397,A. Esnal Aguirre,SF,1787143,C. Mato De Prada,SF,1242234,C. Rodriguez Nuñez,SF,0.9,53.0,1.0,4.0,-3.0,45.3,181.1,-135.8
2480301,25,981288,SERNOVA RENOVABLES REAL CANOE,AWAY,2034380,A. Lozano Davila,SF,2097038,P. De Mier Espina,SF,2021397,A. Esnal Aguirre,SF,1787143,C. Mato De Prada,SF,1927626,C. Flores Garcia,SF,1.2,71.0,2.0,0.0,2.0,67.6,0.0,67.6
2480301,25,981288,SERNOVA RENOVABLES REAL CANOE,AWAY,2097038,P. De Mier Espina,SF,1787143,C. Mato De Prada,SF,1242234,C. Rodriguez Nuñez,SF,2866005,E. Zemoura,SF,2818945,O. Santana Moldavsky,SF,1.0,61.0,0.0,2.0,-2.0,0.0,78.7,-78.7
2480301,25,981288,SERNOVA RENOVABLES REAL CANOE,AWAY,2097038,P. De Mier Espina,SF,1927626,C. Flores Garcia,SF,1242234,C. Rodriguez Nuñez,SF,2818945,O. Santana Moldavsky,SF,1859345,L. Fleta Robles,SF,2.4,139.0,2.0,4.0,-2.0,34.5,69.1,-34.5
2480301,25,981288,SERNOVA RENOVABLES REAL CANOE,AWAY,2097038,P. De Mier Espina,SF,1927626,C. Flores Garcia,SF,1242234,C. Rodriguez Nuñez,SF,2866005,E. Zemoura,SF,1859345,L. Fleta Robles,SF,3.4,203.0,2.0,6.0,-4.0,23.6,70.9,-47.3
2480301,25,981288,SERNOVA RENOVABLES REAL CANOE,AWAY,2097038,P. De Mier Espina,SF,1927626,C. Flores Garcia,SF,2866005,E. Zemoura,SF,2818945,O. Santana Moldavsky,SF,1859345,L. Fleta Robles,SF,2.6,158.0,6.0,7.0,-1.0,91.1,106.3,-15.2
2480301,25,981288,SERNOVA RENOVABLES REAL CANOE,AWAY,2097038,P. De Mier Espina,SF,2021397,A. Esnal Aguirre,SF,1242234,C. Rodriguez Nuñez,SF,2866005,E. Zemoura,SF,2818945,O. Santana Moldavsky,SF,9.8,588.0,25.0,17.0,8.0,102.0,69.4,32.7
2480301,25,981288,SERNOVA RENOVABLES REAL CANOE,AWAY,2097038,P. De Mier Espina,SF,2021397,A. Esnal Aguirre,SF,1787143,C. Mato De Prada,SF,1242234,C. Rodriguez Nuñez,SF,2866005,E. Zemoura,SF,10.7,640.0,17.0,8.0,9.0,63.8,30.0,33.8
2480301,25,981288,SERNOVA RENOVABLES REAL CANOE,AWAY,2097038,P. De Mier Espina,SF,2021397,A. Esnal Aguirre,SF,1927626,C. Flores Garcia,SF,1242234,C. Rodriguez Nuñez,SF,2818945,O. Santana Moldavsky,SF,1.3,78.0,0.0,4.0,-4.0,0.0,123.1,-123.1
2480301,25,981288,SERNOVA RENOVABLES REAL CANOE,AWAY,2097038,P. De Mier Espina,SF,2021397,A. Esnal Aguirre,SF,1927626,C. Flores Garcia,SF,2866005,E. Zemoura,SF,2818945,O. Santana Moldavsky,SF,1.2,75.0,4.0,2.0,2.0,128.0,64.0,64.0
2480302,25,979912,DOMUSA TEKNIK ISB,HOME,1894119,S. Iparraguirre Alustiza,SF,2021400,M. Gutierrez Ibañez,SF,1826917,J. Azcue Jauregui,SF,2818813,E. Lalotte,SF,1721468,C. Villamor Aparicio,SF,3.1,187.0,6.0,6.0,0.0,77.0,77.0,0.0
2480302,25,979912,DOMUSA TEKNIK ISB,HOME,2021400,M. Gutierrez Ibañez,SF,2818813,E. Lalotte,SF,1721468,C. Villamor Aparicio,SF,2137901,M. Otaegi Albizu,SF,2818816,I. Araújo Gouveia Vieira,SF,1.2,72.0,0.0,2.0,-2.0,0.0,66.7,-66.7
2480302,25,979912,DOMUSA TEKNIK ISB,HOME,2145033,A. Lizundia Arozena,SF,2021400,M. Gutierrez Ibañez,SF,2818813,E. Lalotte,SF,2137901,M. Otaegi Albizu,SF,2818816,I. Araújo Gouveia Vieira,SF,2.3,136.0,2.0,2.0,0.0,35.3,35.3,0.0
2480302,25,979912,DOMUSA TEKNIK ISB,HOME,2364470,G. Leaupepe,SF,1826917,J. Azcue Jauregui,SF,2021400,M. Gutierrez Ibañez,SF,2818813,E. Lalotte,SF,1721468,C. Villamor Aparicio,SF,1.6,93.0,4.0,6.0,-2.0,103.2,154.8,-51.6
2480302,25,979912,DOMUSA TEKNIK ISB,HOME,2364470,G. Leaupepe,SF,2145033,A. Lizundia Arozena,SF,2021400,M. Gutierrez Ibañez,SF,2818813,E. Lalotte,SF,2818816,I. Araújo Gouveia Vieira,SF,1.0,62.0,0.0,3.0,-3.0,0.0,116.1,-116.1
2480302,25,979912,DOMUSA TEKNIK ISB,HOME,2478361,N. Arozena Illarramendi,SF,1894119,S. Iparraguirre Alustiza,SF,2021400,M. Gutierrez Ibañez,SF,1826917,J. Azcue Jauregui,SF,1721468,C. Villamor Aparicio,SF,2.0,120.0,4.0,3.0,1.0,80.0,60.0,20.0
2480302,25,979912,DOMUSA TEKNIK ISB,HOME,2478361,N. Arozena Illarramendi,SF,1894119,S. Iparraguirre Alustiza,SF,2364470,G. Leaupepe,SF,2021400,M. Gutierrez Ibañez,SF,1721468,C. Villamor Aparicio,SF,0.9,52.0,3.0,3.0,0.0,138.5,138.5,0.0
2480302,25,979912,DOMUSA TEKNIK ISB,HOME,2478361,N. Arozena Illarramendi,SF,2364470,G. Leaupepe,SF,1826917,J. Azcue Jauregui,SF,2021400,M. Gutierrez Ibañez,SF,1721468,C. Villamor Aparicio,SF,1.5,91.0,2.0,4.0,-2.0,52.7,105.5,-52.7
2480302,25,979912,DOMUSA TEKNIK ISB,HOME,2478361,N. Arozena Illarramendi,SF,2364470,G. Leaupepe,SF,2021400,M. Gutierrez Ibañez,SF,1721468,C. Villamor Aparicio,SF,2818816,I. Araújo Gouveia Vieira,SF,2.2,135.0,3.0,5.0,-2.0,53.3,88.9,-35.6
2480302,25,979912,DOMUSA TEKNIK ISB,HOME,2818717,S. Van,SF,1894119,S. Iparraguirre Alustiza,SF,2145033,A. Lizundia Arozena,SF,2818813,E. Lalotte,SF,2818816,I. Araújo Gouveia Vieira,SF,5.5,330.0,11.0,11.0,0.0,80.0,80.0,0.0
2480302,25,979912,DOMUSA TEKNIK ISB,HOME,2818717,S. Van,SF,1894119,S. Iparraguirre Alustiza,SF,2818813,E. Lalotte,SF,2137901,M. Otaegi Albizu,SF,2818816,I. Araújo Gouveia Vieira,SF,1.1,68.0,0.0,2.0,-2.0,0.0,70.6,-70.6
2480302,25,979912,DOMUSA TEKNIK ISB,HOME,2818717,S. Van,SF,2145033,A. Lizundia Arozena,SF,2818813,E. Lalotte,SF,2137901,M. Otaegi Albizu,SF,2818816,I. Araújo Gouveia Vieira,SF,1.7,101.0,3.0,0.0,3.0,71.3,0.0,71.3
2480302,25,979912,DOMUSA TEKNIK ISB,HOME,2818717,S. Van,SF,2364470,G. Leaupepe,SF,1826917,J. Azcue Jauregui,SF,2818813,E. Lalotte,SF,1721468,C. Villamor Aparicio,SF,1.4,84.0,4.0,3.0,1.0,114.3,85.7,28.6
2480302,25,979912,DOMUSA TEKNIK ISB,HOME,2818717,S. Van,SF,2478361,N. Arozena Illarramendi,SF,1894119,S. Iparraguirre Alustiza,SF,1721468,C. Villamor Aparicio,SF,2137901,M. Otaegi Albizu,SF,0.9,53.0,4.0,1.0,3.0,181.1,45.3,135.8
2480302,25,979912,DOMUSA TEKNIK ISB,HOME,2818717,S. Van,SF,2478361,N. Arozena Illarramendi,SF,1894119,S. Iparraguirre Alustiza,SF,1826917,J. Azcue Jauregui,SF,1721468,C. Villamor Aparicio,SF,2.0,119.0,2.0,2.0,0.0,40.3,40.3,0.0
2480302,25,979912,DOMUSA TEKNIK ISB,HOME,2818717,S. Van,SF,2478361,N. Arozena Illarramendi,SF,1894119,S. Iparraguirre Alustiza,SF,2137901,M. Otaegi Albizu,SF,2818816,I. Araújo Gouveia Vieira,SF,0.5,32.0,0.0,1.0,-1.0,0.0,75.0,-75.0
2480302,25,979912,DOMUSA TEKNIK ISB,HOME,2818717,S. Van,SF,2478361,N. Arozena Illarramendi,SF,1894119,S. Iparraguirre Alustiza,SF,2364470,G. Leaupepe,SF,1721468,C. Villamor Aparicio,SF,3.4,205.0,11.0,8.0,3.0,128.8,93.7,35.1
2480302,25,979912,DOMUSA TEKNIK ISB,HOME,2818717,S. Van,SF,2478361,N. Arozena Illarramendi,SF,2364470,G. Leaupepe,SF,1826917,J. Azcue Jauregui,SF,1721468,C. Villamor Aparicio,SF,1.7,102.0,4.0,2.0,2.0,94.1,47.1,47.1
2480302,25,979912,DOMUSA TEKNIK ISB,HOME,2818717,S. Van,SF,2478361,N. Arozena Illarramendi,SF,2364470,G. Leaupepe,SF,1826917,J. Azcue Jauregui,SF,2818816,I. Araújo Gouveia Vieira,SF,2.0,126.0,7.0,4.0,3.0,133.3,76.2,57.1
2480302,25,979912,DOMUSA TEKNIK ISB,HOME,2818717,S. Van,SF,2478361,N. Arozena Illarramendi,SF,2364470,G. Leaupepe,SF,2145033,A. Lizundia Arozena,SF,2818816,I. Araújo Gouveia Vieira,SF,3.9,232.0,13.0,2.0,11.0,134.5,20.7,113.8
2480302,25,979988,FUSTECMA NBF CASTELLÓ,AWAY,1680760,S. Carli Del Pino,SF,2087212,L. Ruiz De La Hermosa Arce,SF,1460562,C. Perez Relancio,SF,2144678,L. Jovena Meseguer,SF,1618451,L. Campos De Bengoa,SF,5.1,307.0,15.0,12.0,3.0,117.3,93.8,23.5
2480302,25,979988,FUSTECMA NBF CASTELLÓ,AWAY,1680760,S. Carli Del Pino,SF,2131367,S. Basaez Narvaez,SF,2087212,L. Ruiz De La Hermosa Arce,SF,1460562,C. Perez Relancio,SF,2144678,L. Jovena Meseguer,SF,0.6,37.0,0.0,2.0,-2.0,0.0,129.7,-129.7
2480302,25,979988,FUSTECMA NBF CASTELLÓ,AWAY,1680760,S. Carli Del Pino,SF,2131367,S. Basaez Narvaez,SF,2383616,F. Asemota Augustine,SF,2274867,L. De Giacomo,SF,1460562,C. Perez Relancio,SF,6.0,361.0,9.0,12.0,-3.0,59.8,79.8,-19.9
2480302,25,979988,FUSTECMA NBF CASTELLÓ,AWAY,1680760,S. Carli Del Pino,SF,2383616,F. Asemota Augustine,SF,1460562,C. Perez Relancio,SF,2144678,L. Jovena Meseguer,SF,1618451,L. Campos De Bengoa,SF,0.4,25.0,1.0,0.0,1.0,96.0,0.0,96.0
2480302,25,979988,FUSTECMA NBF CASTELLÓ,AWAY,1680760,S. Carli Del Pino,SF,2829993,G. Aiello,SF,2131367,S. Basaez Narvaez,SF,2087212,L. Ruiz De La Hermosa Arce,SF,2144678,L. Jovena Meseguer,SF,1.1,65.0,2.0,2.0,0.0,73.8,73.8,0.0
2480302,25,979988,FUSTECMA NBF CASTELLÓ,AWAY,1680760,S. Carli Del Pino,SF,2829993,G. Aiello,SF,2131367,S. Basaez Narvaez,SF,2144678,L. Jovena Meseguer,SF,1932094,J. Gomez Guimera,SF,0.8,51.0,4.0,2.0,2.0,188.2,94.1,94.1
2480302,25,979988,FUSTECMA NBF CASTELLÓ,AWAY,1680760,S. Carli Del Pino,SF,2829993,G. Aiello,SF,2131367,S. Basaez Narvaez,SF,2274867,L. De Giacomo,SF,1618451,L. Campos De Bengoa,SF,2.3,140.0,0.0,6.0,-6.0,0.0,102.9,-102.9
2480302,25,979988,FUSTECMA NBF CASTELLÓ,AWAY,1680760,S. Carli Del Pino,SF,2829993,G. Aiello,SF,2131367,S. Basaez Narvaez,SF,2274867,L. De Giacomo,SF,1932094,J. Gomez Guimera,SF,3.6,214.0,9.0,4.0,5.0,100.9,44.9,56.1
2480302,25,979988,FUSTECMA NBF CASTELLÓ,AWAY,1680760,S. Carli Del Pino,SF,2829993,G. Aiello,SF,2131367,S. Basaez Narvaez,SF,2274867,L. De Giacomo,SF,2087212,L. Ruiz De La Hermosa Arce,SF,1.9,114.0,2.0,3.0,-1.0,42.1,63.2,-21.1
2480302,25,979988,FUSTECMA NBF CASTELLÓ,AWAY,1680760,S. Carli Del Pino,SF,2829993,G. Aiello,SF,2131367,S. Basaez Narvaez,SF,2383616,F. Asemota Augustine,SF,1460562,C. Perez Relancio,SF,1.1,65.0,2.0,4.0,-2.0,73.8,147.7,-73.8
2480302,25,979988,FUSTECMA NBF CASTELLÓ,AWAY,1680760,S. Carli Del Pino,SF,2829993,G. Aiello,SF,2131367,S. Basaez Narvaez,SF,2383616,F. Asemota Augustine,SF,2087212,L. Ruiz De La Hermosa Arce,SF,1.8,110.0,2.0,4.0,-2.0,43.6,87.3,-43.6
2480302,25,979988,FUSTECMA NBF CASTELLÓ,AWAY,1680760,S. Carli Del Pino,SF,2829993,G. Aiello,SF,2274867,L. De Giacomo,SF,2087212,L. Ruiz De La Hermosa Arce,SF,1618451,L. Campos De Bengoa,SF,0.6,36.0,0.0,0.0,0.0,0.0,0.0,0.0
2480302,25,979988,FUSTECMA NBF CASTELLÓ,AWAY,1680760,S. Carli Del Pino,SF,2829993,G. Aiello,SF,2274867,L. De Giacomo,SF,2383616,F. Asemota Augustine,SF,2087212,L. Ruiz De La Hermosa Arce,SF,1.4,85.0,2.0,4.0,-2.0,56.5,112.9,-56.5
2480302,25,979988,FUSTECMA NBF CASTELLÓ,AWAY,1680760,S. Carli Del Pino,SF,2829993,G. Aiello,SF,2383616,F. Asemota Augustine,SF,1460562,C. Perez Relancio,SF,1932094,J. Gomez Guimera,SF,0.1,7.0,0.0,0.0,0.0,0.0,0.0,0.0
2480302,25,979988,FUSTECMA NBF CASTELLÓ,AWAY,1680760,S. Carli Del Pino,SF,2829993,G. Aiello,SF,2383616,F. Asemota Augustine,SF,1460562,C. Perez Relancio,SF,2087212,L. Ruiz De La Hermosa Arce,SF,2.0,119.0,2.0,2.0,0.0,40.3,40.3,0.0
2480302,25,979988,FUSTECMA NBF CASTELLÓ,AWAY,1680760,S. Carli Del Pino,SF,2829993,G. Aiello,SF,2383616,F. Asemota Augustine,SF,2087212,L. Ruiz De La Hermosa Arce,SF,1932094,J. Gomez Guimera,SF,8.2,490.0,18.0,15.0,3.0,88.2,73.5,14.7
2480302,25,979988,FUSTECMA NBF CASTELLÓ,AWAY,1680760,S. Carli Del Pino,SF,2829993,G. Aiello,SF,2383616,F. Asemota Augustine,SF,2087212,L. Ruiz De La Hermosa Arce,SF,2144678,L. Jovena Meseguer,SF,2.2,131.0,2.0,7.0,-5.0,36.6,128.2,-91.6
2480302,25,979988,FUSTECMA NBF CASTELLÓ,AWAY,1680760,S. Carli Del Pino,SF,2829993,G. Aiello,SF,2383616,F. Asemota Augustine,SF,2274867,L. De Giacomo,SF,2087212,L. Ruiz De La Hermosa Arce,SF,0.7,43.0,0.0,4.0,-4.0,0.0,223.3,-223.3
2480303,25,979971,OSES CONSTRUCCION,AWAY,1044456,M. Asurmendi Villaverde,SF,2432778,J. Mungo Lanzetti,SF,1824910,S. Castro Marrero,SF,2432513,V. Llorente,SF,2561102,M. Blanco Morcillo,SF,0.9,53.0,2.0,0.0,2.0,90.6,0.0,90.6
2480303,25,979971,OSES CONSTRUCCION,AWAY,1044456,M. Asurmendi Villaverde,SF,2432778,J. Mungo Lanzetti,SF,2561102,M. Blanco Morcillo,SF,1824910,S. Castro Marrero,SF,1820835,A. Wone Aranaz,SF,4.7,280.0,11.0,7.0,4.0,94.3,60.0,34.3
2480303,25,979971,OSES CONSTRUCCION,AWAY,1044456,M. Asurmendi Villaverde,SF,2432778,J. Mungo Lanzetti,SF,2561102,M. Blanco Morcillo,SF,2432513,V. Llorente,SF,1824910,S. Castro Marrero,SF,0.2,13.0,0.0,0.0,0.0,0.0,0.0,0.0
2480303,25,979971,OSES CONSTRUCCION,AWAY,1044456,M. Asurmendi Villaverde,SF,2561097,A. Diez Pastor,SF,2432778,J. Mungo Lanzetti,SF,2432513,V. Llorente,SF,2561102,M. Blanco Morcillo,SF,1.5,89.0,5.0,0.0,5.0,134.8,0.0,134.8
2480303,25,979971,OSES CONSTRUCCION,AWAY,1044456,M. Asurmendi Villaverde,SF,2561097,A. Diez Pastor,SF,2432778,J. Mungo Lanzetti,SF,2561102,M. Blanco Morcillo,SF,1820835,A. Wone Aranaz,SF,5.0,302.0,11.0,9.0,2.0,87.4,71.5,15.9
2480303,25,979971,OSES CONSTRUCCION,AWAY,1588922,L. Gutierrez Lancho,SF,2364706,F. Parra,SF,1593987,M. Recarte Mendive,SF,1824910,S. Castro Marrero,SF,2432513,V. Llorente,SF,6.2,370.0,11.0,7.0,4.0,71.4,45.4,25.9
2480303,25,979971,OSES CONSTRUCCION,AWAY,1588922,L. Gutierrez Lancho,SF,2364706,F. Parra,SF,1824910,S. Castro Marrero,SF,2432513,V. Llorente,SF,1593987,M. Recarte Mendive,SF,1.9,111.0,6.0,6.0,0.0,129.7,129.7,0.0
2480303,25,979971,OSES CONSTRUCCION,AWAY,1588922,L. Gutierrez Lancho,SF,2364706,F. Parra,SF,2432778,J. Mungo Lanzetti,SF,1824910,S. Castro Marrero,SF,2432513,V. Llorente,SF,3.3,200.0,1.0,5.0,-4.0,12.0,60.0,-48.0
2480303,25,979971,OSES CONSTRUCCION,AWAY,1588922,L. Gutierrez Lancho,SF,2364706,F. Parra,SF,2432778,J. Mungo Lanzetti,SF,2432513,V. Llorente,SF,1824910,S. Castro Marrero,SF,1.9,111.0,5.0,5.0,0.0,108.1,108.1,0.0
2480303,25,979971,OSES CONSTRUCCION,AWAY,1588922,L. Gutierrez Lancho,SF,2364706,F. Parra,SF,2561097,A. Diez Pastor,SF,2432778,J. Mungo Lanzetti,SF,2432513,V. Llorente,SF,4.9,291.0,8.0,2.0,6.0,66.0,16.5,49.5
2480303,25,979971,OSES CONSTRUCCION,AWAY,1588922,L. Gutierrez Lancho,SF,2432778,J. Mungo Lanzetti,SF,2432513,V. Llorente,SF,1824910,S. Castro Marrero,SF,1882395,A. Elso Aramendia,SF,2.8,169.0,8.0,4.0,4.0,113.6,56.8,56.8
2480303,25,979971,OSES CONSTRUCCION,AWAY,2364706,F. Parra,SF,1044456,M. Asurmendi Villaverde,SF,2432778,J. Mungo Lanzetti,SF,1824910,S. Castro Marrero,SF,2432513,V. Llorente,SF,0.8,49.0,0.0,2.0,-2.0,0.0,98.0,-98.0
2480303,25,979971,OSES CONSTRUCCION,AWAY,2364706,F. Parra,SF,1593987,M. Recarte Mendive,SF,2432513,V. Llorente,SF,1824910,S. Castro Marrero,SF,1882395,A. Elso Aramendia,SF,3.3,199.0,1.0,7.0,-6.0,12.1,84.4,-72.4
2480303,25,979971,OSES CONSTRUCCION,AWAY,2364706,F. Parra,SF,2432778,J. Mungo Lanzetti,SF,1824910,S. Castro Marrero,SF,2432513,V. Llorente,SF,2561102,M. Blanco Morcillo,SF,0.4,26.0,0.0,0.0,0.0,0.0,0.0,0.0
2480303,25,979971,OSES CONSTRUCCION,AWAY,2364706,F. Parra,SF,2432778,J. Mungo Lanzetti,SF,2561102,M. Blanco Morcillo,SF,2432513,V. Llorente,SF,1824910,S. Castro Marrero,SF,0.5,29.0,2.0,0.0,2.0,165.5,0.0,165.5
2480303,25,979971,OSES CONSTRUCCION,AWAY,2432778,J. Mungo Lanzetti,SF,2561102,M. Blanco Morcillo,SF,1824910,S. Castro Marrero,SF,1820835,A. Wone Aranaz,SF,1882395,A. Elso Aramendia,SF,1.8,108.0,3.0,5.0,-2.0,66.7,111.1,-44.4
2480303,25,981346,LA CORDÁ DE PATERNA NB,HOME,2049442,I. Broncano Avellaneda,SF,2653963,A. Traore,SF,1687305,L. Segura Moreno,SF,2024557,M. Bleda Ortega,SF,2561096,A. Prim Giro,SF,5.2,306.0,7.0,9.0,-2.0,54.9,70.6,-15.7
2480303,25,981346,LA CORDÁ DE PATERNA NB,HOME,2049442,I. Broncano Avellaneda,SF,2653963,A. Traore,SF,2024557,M. Bleda Ortega,SF,2561096,A. Prim Giro,SF,2071471,P. Saravia Logroño,SF,1.9,112.0,3.0,2.0,1.0,64.3,42.9,21.4
2480303,25,981346,LA CORDÁ DE PATERNA NB,HOME,2049442,I. Broncano Avellaneda,SF,2653963,A. Traore,SF,2163606,C. Sancho Mauri,SF,2173687,M. Llompart Perello,SF,2864802,N. Lagowski,SF,0.3,18.0,2.0,0.0,2.0,266.7,0.0,266.7
2480303,25,981346,LA CORDÁ DE PATERNA NB,HOME,2049442,I. Broncano Avellaneda,SF,2653963,A. Traore,SF,2173687,M. Llompart Perello,SF,1687305,L. Segura Moreno,SF,2024557,M. Bleda Ortega,SF,6.1,369.0,7.0,16.0,-9.0,45.5,104.1,-58.5
2480303,25,981346,LA CORDÁ DE PATERNA NB,HOME,2049442,I. Broncano Avellaneda,SF,2653963,A. Traore,SF,2173687,M. Llompart Perello,SF,2024557,M. Bleda Ortega,SF,2071471,P. Saravia Logroño,SF,1.0,59.0,0.0,2.0,-2.0,0.0,81.4,-81.4
2480303,25,981346,LA CORDÁ DE PATERNA NB,HOME,2049442,I. Broncano Avellaneda,SF,2653963,A. Traore,SF,2173687,M. Llompart Perello,SF,2864802,N. Lagowski,SF,2024557,M. Bleda Ortega,SF,3.1,185.0,2.0,6.0,-4.0,25.9,77.8,-51.9
2480303,25,981346,LA CORDÁ DE PATERNA NB,HOME,2049442,I. Broncano Avellaneda,SF,2653963,A. Traore,SF,2864802,N. Lagowski,SF,2024557,M. Bleda Ortega,SF,2561096,A. Prim Giro,SF,0.5,29.0,0.0,2.0,-2.0,0.0,165.5,-165.5
2480303,25,981346,LA CORDÁ DE PATERNA NB,HOME,2049442,I. Broncano Avellaneda,SF,2796302,P. Gabriel,SF,1687305,L. Segura Moreno,SF,2024557,M. Bleda Ortega,SF,2561096,A. Prim Giro,SF,5.5,331.0,10.0,5.0,5.0,72.5,36.3,36.3
2480303,25,981346,LA CORDÁ DE PATERNA NB,HOME,2049442,I. Broncano Avellaneda,SF,2796302,P. Gabriel,SF,1687305,L. Segura Moreno,SF,2561096,A. Prim Giro,SF,2071471,P. Saravia Logroño,SF,0.7,41.0,2.0,0.0,2.0,117.1,0.0,117.1
2480303,25,981346,LA CORDÁ DE PATERNA NB,HOME,2049442,I. Broncano Avellaneda,SF,2796302,P. Gabriel,SF,2163606,C. Sancho Mauri,SF,2561096,A. Prim Giro,SF,2071471,P. Saravia Logroño,SF,0.8,50.0,0.0,0.0,0.0,0.0,0.0,0.0
2480303,25,981346,LA CORDÁ DE PATERNA NB,HOME,2049442,I. Broncano Avellaneda,SF,2796302,P. Gabriel,SF,2173687,M. Llompart Perello,SF,1687305,L. Segura Moreno,SF,2071471,P. Saravia Logroño,SF,3.6,217.0,4.0,13.0,-9.0,44.2,143.8,-99.5
2480303,25,981346,LA CORDÁ DE PATERNA NB,HOME,2049442,I. Broncano Avellaneda,SF,2796302,P. Gabriel,SF,2173687,M. Llompart Perello,SF,1687305,L. Segura Moreno,SF,2561096,A. Prim Giro,SF,1.0,58.0,2.0,2.0,0.0,82.8,82.8,0.0
2480303,25,981346,LA CORDÁ DE PATERNA NB,HOME,2049442,I. Broncano Avellaneda,SF,2796302,P. Gabriel,SF,2173687,M. Llompart Perello,SF,2561096,A. Prim Giro,SF,2071471,P. Saravia Logroño,SF,3.6,214.0,9.0,6.0,3.0,100.9,67.3,33.6
2480303,25,981346,LA CORDÁ DE PATERNA NB,HOME,2163606,C. Sancho Mauri,SF,2653963,A. Traore,SF,2173687,M. Llompart Perello,SF,2024557,M. Bleda Ortega,SF,2071471,P. Saravia Logroño,SF,2.1,128.0,5.0,1.0,4.0,93.8,18.8,75.0
2480303,25,981346,LA CORDÁ DE PATERNA NB,HOME,2163606,C. Sancho Mauri,SF,2653963,A. Traore,SF,2173687,M. Llompart Perello,SF,2864802,N. Lagowski,SF,2024557,M. Bleda Ortega,SF,0.7,43.0,0.0,0.0,0.0,0.0,0.0,0.0
2480303,25,981346,LA CORDÁ DE PATERNA NB,HOME,2653963,A. Traore,SF,2173687,M. Llompart Perello,SF,2864802,N. Lagowski,SF,2561096,A. Prim Giro,SF,2071471,P. Saravia Logroño,SF,0.2,14.0,2.0,0.0,2.0,342.9,0.0,342.9
2480303,25,981346,LA CORDÁ DE PATERNA NB,HOME,2796302,P. Gabriel,SF,2163606,C. Sancho Mauri,SF,2864802,N. Lagowski,SF,2561096,A. Prim Giro,SF,2071471,P. Saravia Logroño,SF,0.2,10.0,0.0,0.0,0.0,0.0,0.0,0.0
2480303,25,981346,LA CORDÁ DE PATERNA NB,HOME,2796302,P. Gabriel,SF,2173687,M. Llompart Perello,SF,2864802,N. Lagowski,SF,2024557,M. Bleda Ortega,SF,2071471,P. Saravia Logroño,SF,1.3,78.0,2.0,5.0,-3.0,61.5,153.8,-92.3
2480303,25,981346,LA CORDÁ DE PATERNA NB,HOME,2796302,P. Gabriel,SF,2173687,M. Llompart Perello,SF,2864802,N. Lagowski,SF,2561096,A. Prim Giro,SF,2071471,P. Saravia Logroño,SF,2.3,138.0,2.0,5.0,-3.0,34.8,87.0,-52.2
2480304,25,979952,LA LAGUNA TOYOTA  ADAREVA,HOME,1878753,N. Ibañez Silvestre,SF,2238105,E. García Morales,SF,1613926,M. Gomez Fernandez,SF,2341227,A. Montaño Muñoz,SF,2735173,M. Forsyth,SF,1.5,88.0,0.0,2.0,-2.0,0.0,54.5,-54.5
2480304,25,979952,LA LAGUNA TOYOTA  ADAREVA,HOME,1878753,N. Ibañez Silvestre,SF,2238105,E. García Morales,SF,2246211,L. Yohann Siverio,SF,2341227,A. Montaño Muñoz,SF,2735173,M. Forsyth,SF,1.4,82.0,4.0,2.0,2.0,117.1,58.5,58.5
2480304,25,979952,LA LAGUNA TOYOTA  ADAREVA,HOME,1878753,N. Ibañez Silvestre,SF,2238105,E. García Morales,SF,2246211,L. Yohann Siverio,SF,2838365,E. Koristová,SF,2341227,A. Montaño Muñoz,SF,0.5,28.0,0.0,2.0,-2.0,0.0,171.4,-171.4
2480304,25,979952,LA LAGUNA TOYOTA  ADAREVA,HOME,1878753,N. Ibañez Silvestre,SF,2238105,E. García Morales,SF,2432295,B. Stevanovic,SF,1613926,M. Gomez Fernandez,SF,2735173,M. Forsyth,SF,0.9,53.0,0.0,4.0,-4.0,0.0,181.1,-181.1
2480304,25,979952,LA LAGUNA TOYOTA  ADAREVA,HOME,2151715,J. Nogués Martí,SF,1878753,N. Ibañez Silvestre,SF,2238105,E. García Morales,SF,2432295,B. Stevanovic,SF,1613926,M. Gomez Fernandez,SF,1.1,65.0,0.0,0.0,0.0,0.0,0.0,0.0
2480304,25,979952,LA LAGUNA TOYOTA  ADAREVA,HOME,2151715,J. Nogués Martí,SF,1878753,N. Ibañez Silvestre,SF,2246211,L. Yohann Siverio,SF,2432295,B. Stevanovic,SF,1613926,M. Gomez Fernandez,SF,2.6,161.0,2.0,4.0,-2.0,29.8,59.6,-29.8
2480304,25,979952,LA LAGUNA TOYOTA  ADAREVA,HOME,2151715,J. Nogués Martí,SF,1878753,N. Ibañez Silvestre,SF,2432295,B. Stevanovic,SF,1613926,M. Gomez Fernandez,SF,2735173,M. Forsyth,SF,2.2,131.0,6.0,3.0,3.0,109.9,55.0,55.0
2480304,25,979952,LA LAGUNA TOYOTA  ADAREVA,HOME,2151715,J. Nogués Martí,SF,2246211,L. Yohann Siverio,SF,2432295,B. Stevanovic,SF,1613926,M. Gomez Fernandez,SF,2644493,A. Sanogo,SF,1.4,86.0,2.0,2.0,0.0,55.8,55.8,0.0
2480304,25,979952,LA LAGUNA TOYOTA  ADAREVA,HOME,2151715,J. Nogués Martí,SF,2432295,B. Stevanovic,SF,1613926,M. Gomez Fernandez,SF,2644493,A. Sanogo,SF,2735173,M. Forsyth,SF,2.6,153.0,5.0,6.0,-1.0,78.4,94.1,-15.7
2480304,25,979952,LA LAGUNA TOYOTA  ADAREVA,HOME,2151715,J. Nogués Martí,SF,2816766,A. Coulibaly,SF,2246211,L. Yohann Siverio,SF,2432295,B. Stevanovic,SF,1613926,M. Gomez Fernandez,SF,8.4,502.0,9.0,14.0,-5.0,43.0,66.9,-23.9
2480304,25,979952,LA LAGUNA TOYOTA  ADAREVA,HOME,2151715,J. Nogués Martí,SF,2816766,A. Coulibaly,SF,2246211,L. Yohann Siverio,SF,2432295,B. Stevanovic,SF,2735173,M. Forsyth,SF,0.1,9.0,2.0,0.0,2.0,533.3,0.0,533.3
2480304,25,979952,LA LAGUNA TOYOTA  ADAREVA,HOME,2151715,J. Nogués Martí,SF,2816766,A. Coulibaly,SF,2432295,B. Stevanovic,SF,1613926,M. Gomez Fernandez,SF,2735173,M. Forsyth,SF,15.6,932.0,21.0,29.0,-8.0,54.1,74.7,-20.6
2480304,25,979952,LA LAGUNA TOYOTA  ADAREVA,HOME,2349314,L. Rodriguez Gonzalez,SF,2238105,E. García Morales,SF,2246211,L. Yohann Siverio,SF,2838365,E. Koristová,SF,2341227,A. Montaño Muñoz,SF,1.8,110.0,1.0,8.0,-7.0,21.8,174.5,-152.7
2480304,25,981492,CELTA  FEMXA ZORKA,AWAY,1898932,M. Gea Becerra,SF,2276545,M. Vizmanos Iglesis,SF,2121212,P. Salinas Mascuñana,SF,2814638,J. Kelliher,SF,2651124,A. Boquete Manna,SF,5.0,296.0,12.0,4.0,8.0,97.3,32.4,64.9
2480304,25,981492,CELTA  FEMXA ZORKA,AWAY,2049773,D. Bermejo Escribano,SF,2179984,U. Rodríguez Silva,SF,2276545,M. Vizmanos Iglesis,SF,2121212,P. Salinas Mascuñana,SF,2814638,J. Kelliher,SF,0.9,55.0,0.0,2.0,-2.0,0.0,87.3,-87.3
2480304,25,981492,CELTA  FEMXA ZORKA,AWAY,2179703,N. Martínez Quintana,SF,1898932,M. Gea Becerra,SF,2276545,M. Vizmanos Iglesis,SF,2121212,P. Salinas Mascuñana,SF,2814638,J. Kelliher,SF,4.7,280.0,8.0,7.0,1.0,68.6,60.0,8.6
2480304,25,981492,CELTA  FEMXA ZORKA,AWAY,2179703,N. Martínez Quintana,SF,2049773,D. Bermejo Escribano,SF,1898932,M. Gea Becerra,SF,2121212,P. Salinas Mascuñana,SF,2814638,J. Kelliher,SF,3.0,183.0,4.0,4.0,0.0,52.5,52.5,0.0
2480304,25,981492,CELTA  FEMXA ZORKA,AWAY,2179703,N. Martínez Quintana,SF,2049773,D. Bermejo Escribano,SF,1898932,M. Gea Becerra,SF,2276545,M. Vizmanos Iglesis,SF,2121212,P. Salinas Mascuñana,SF,1.0,60.0,4.0,2.0,2.0,160.0,80.0,80.0
2480304,25,981492,CELTA  FEMXA ZORKA,AWAY,2179703,N. Martínez Quintana,SF,2049773,D. Bermejo Escribano,SF,2179984,U. Rodríguez Silva,SF,1898932,M. Gea Becerra,SF,2276545,M. Vizmanos Iglesis,SF,2.2,130.0,3.0,2.0,1.0,55.4,36.9,18.5
2480304,25,981492,CELTA  FEMXA ZORKA,AWAY,2644595,I. Vennema,SF,2179703,N. Martínez Quintana,SF,2049773,D. Bermejo Escribano,SF,1898932,M. Gea Becerra,SF,2121212,P. Salinas Mascuñana,SF,2.2,135.0,5.0,9.0,-4.0,88.9,160.0,-71.1
2480304,25,981492,CELTA  FEMXA ZORKA,AWAY,2644595,I. Vennema,SF,2179703,N. Martínez Quintana,SF,2049773,D. Bermejo Escribano,SF,2179984,U. Rodríguez Silva,SF,2276545,M. Vizmanos Iglesis,SF,3.7,220.0,12.0,5.0,7.0,130.9,54.5,76.4
2480304,25,981492,CELTA  FEMXA ZORKA,AWAY,2644595,I. Vennema,SF,2179703,N. Martínez Quintana,SF,2049773,D. Bermejo Escribano,SF,2276545,M. Vizmanos Iglesis,SF,2121212,P. Salinas Mascuñana,SF,2.4,141.0,6.0,0.0,6.0,102.1,0.0,102.1
2480304,25,981492,CELTA  FEMXA ZORKA,AWAY,2743289,D. Cabrera Baccon,SF,2179703,N. Martínez Quintana,SF,1898932,M. Gea Becerra,SF,2121212,P. Salinas Mascuñana,SF,2814638,J. Kelliher,SF,0.7,39.0,2.0,0.0,2.0,123.1,0.0,123.1
2480304,25,981492,CELTA  FEMXA ZORKA,AWAY,2743289,D. Cabrera Baccon,SF,2179703,N. Martínez Quintana,SF,2049773,D. Bermejo Escribano,SF,2179984,U. Rodríguez Silva,SF,1898932,M. Gea Becerra,SF,1.0,60.0,2.0,2.0,0.0,80.0,80.0,0.0
2480304,25,981492,CELTA  FEMXA ZORKA,AWAY,2743289,D. Cabrera Baccon,SF,2179703,N. Martínez Quintana,SF,2179984,U. Rodríguez Silva,SF,1898932,M. Gea Becerra,SF,2121212,P. Salinas Mascuñana,SF,1.9,114.0,4.0,5.0,-1.0,84.2,105.3,-21.1
2480304,25,981492,CELTA  FEMXA ZORKA,AWAY,2743289,D. Cabrera Baccon,SF,2644595,I. Vennema,SF,2049773,D. Bermejo Escribano,SF,2179984,U. Rodríguez Silva,SF,2276545,M. Vizmanos Iglesis,SF,1.0,62.0,2.0,2.0,0.0,77.4,77.4,0.0
2480304,25,981492,CELTA  FEMXA ZORKA,AWAY,2743289,D. Cabrera Baccon,SF,2644595,I. Vennema,SF,2179703,N. Martínez Quintana,SF,1898932,M. Gea Becerra,SF,2121212,P. Salinas Mascuñana,SF,0.1,4.0,2.0,0.0,2.0,1200.0,0.0,1200.0
2480304,25,981492,CELTA  FEMXA ZORKA,AWAY,2743289,D. Cabrera Baccon,SF,2644595,I. Vennema,SF,2179703,N. Martínez Quintana,SF,2049773,D. Bermejo Escribano,SF,1898932,M. Gea Becerra,SF,1.1,66.0,0.0,0.0,0.0,0.0,0.0,0.0
2480304,25,981492,CELTA  FEMXA ZORKA,AWAY,2743289,D. Cabrera Baccon,SF,2644595,I. Vennema,SF,2179703,N. Martínez Quintana,SF,2049773,D. Bermejo Escribano,SF,2121212,P. Salinas Mascuñana,SF,4.0,239.0,4.0,0.0,4.0,40.2,0.0,40.2
2480304,25,981492,CELTA  FEMXA ZORKA,AWAY,2743289,D. Cabrera Baccon,SF,2644595,I. Vennema,SF,2179703,N. Martínez Quintana,SF,2049773,D. Bermejo Escribano,SF,2179984,U. Rodríguez Silva,SF,3.1,187.0,6.0,5.0,1.0,77.0,64.2,12.8
2480304,25,981492,CELTA  FEMXA ZORKA,AWAY,2743289,D. Cabrera Baccon,SF,2644595,I. Vennema,SF,2179703,N. Martínez Quintana,SF,2179984,U. Rodríguez Silva,SF,1898932,M. Gea Becerra,SF,2.1,129.0,0.0,3.0,-3.0,0.0,55.8,-55.8
2480305,26,979952,LA LAGUNA TOYOTA  ADAREVA,HOME,1128614,I. Arregui Mariezcurrena,SF,1878753,N. Ibañez Silvestre,SF,2246211,L. Yohann Siverio,SF,2432295,B. Stevanovic,SF,1613926,M. Gomez Fernandez,SF,0.8,46.0,0.0,0.0,0.0,0.0,0.0,0.0
2480305,26,979952,LA LAGUNA TOYOTA  ADAREVA,HOME,1128614,I. Arregui Mariezcurrena,SF,1878753,N. Ibañez Silvestre,SF,2432295,B. Stevanovic,SF,1613926,M. Gomez Fernandez,SF,2735173,M. Forsyth,SF,1.4,86.0,3.0,4.0,-1.0,83.7,111.6,-27.9
2480305,26,979952,LA LAGUNA TOYOTA  ADAREVA,HOME,1128614,I. Arregui Mariezcurrena,SF,2246211,L. Yohann Siverio,SF,1613926,M. Gomez Fernandez,SF,2341227,A. Montaño Muñoz,SF,2735173,M. Forsyth,SF,0.0,1.0,1.0,0.0,1.0,2400.0,0.0,2400.0
2480305,26,979952,LA LAGUNA TOYOTA  ADAREVA,HOME,1128614,I. Arregui Mariezcurrena,SF,2816766,A. Coulibaly,SF,2246211,L. Yohann Siverio,SF,1613926,M. Gomez Fernandez,SF,2341227,A. Montaño Muñoz,SF,4.0,239.0,6.0,7.0,-1.0,60.3,70.3,-10.0
2480305,26,979952,LA LAGUNA TOYOTA  ADAREVA,HOME,1128614,I. Arregui Mariezcurrena,SF,2816766,A. Coulibaly,SF,2246211,L. Yohann Siverio,SF,2341227,A. Montaño Muñoz,SF,2735173,M. Forsyth,SF,1.5,89.0,2.0,1.0,1.0,53.9,27.0,27.0
2480305,26,979952,LA LAGUNA TOYOTA  ADAREVA,HOME,1128614,I. Arregui Mariezcurrena,SF,2816766,A. Coulibaly,SF,2246211,L. Yohann Siverio,SF,2432295,B. Stevanovic,SF,1613926,M. Gomez Fernandez,SF,2.2,135.0,0.0,2.0,-2.0,0.0,35.6,-35.6
2480305,26,979952,LA LAGUNA TOYOTA  ADAREVA,HOME,1128614,I. Arregui Mariezcurrena,SF,2816766,A. Coulibaly,SF,2432295,B. Stevanovic,SF,1613926,M. Gomez Fernandez,SF,2735173,M. Forsyth,SF,0.9,55.0,2.0,2.0,0.0,87.3,87.3,0.0
2480305,26,979952,LA LAGUNA TOYOTA  ADAREVA,HOME,2151715,J. Nogués Martí,SF,1128614,I. Arregui Mariezcurrena,SF,1878753,N. Ibañez Silvestre,SF,2246211,L. Yohann Siverio,SF,2432295,B. Stevanovic,SF,0.2,13.0,2.0,0.0,2.0,369.2,0.0,369.2
2480305,26,979952,LA LAGUNA TOYOTA  ADAREVA,HOME,2151715,J. Nogués Martí,SF,1128614,I. Arregui Mariezcurrena,SF,1878753,N. Ibañez Silvestre,SF,2432295,B. Stevanovic,SF,1613926,M. Gomez Fernandez,SF,3.9,234.0,5.0,6.0,-1.0,51.3,61.5,-10.3
2480305,26,979952,LA LAGUNA TOYOTA  ADAREVA,HOME,2151715,J. Nogués Martí,SF,1128614,I. Arregui Mariezcurrena,SF,2816766,A. Coulibaly,SF,2246211,L. Yohann Siverio,SF,2432295,B. Stevanovic,SF,1.1,64.0,0.0,7.0,-7.0,0.0,262.5,-262.5
2480305,26,979952,LA LAGUNA TOYOTA  ADAREVA,HOME,2151715,J. Nogués Martí,SF,1128614,I. Arregui Mariezcurrena,SF,2816766,A. Coulibaly,SF,2432295,B. Stevanovic,SF,1613926,M. Gomez Fernandez,SF,1.4,84.0,3.0,3.0,0.0,85.7,85.7,0.0
2480305,26,979952,LA LAGUNA TOYOTA  ADAREVA,HOME,2151715,J. Nogués Martí,SF,1613926,M. Gomez Fernandez,SF,1128614,I. Arregui Mariezcurrena,SF,2816766,A. Coulibaly,SF,2432295,B. Stevanovic,SF,2.7,162.0,0.0,4.0,-4.0,0.0,59.3,-59.3
2480305,26,979952,LA LAGUNA TOYOTA  ADAREVA,HOME,2151715,J. Nogués Martí,SF,1613926,M. Gomez Fernandez,SF,2816766,A. Coulibaly,SF,2341227,A. Montaño Muñoz,SF,2735173,M. Forsyth,SF,0.8,45.0,0.0,0.0,0.0,0.0,0.0,0.0
2480305,26,979952,LA LAGUNA TOYOTA  ADAREVA,HOME,2151715,J. Nogués Martí,SF,1878753,N. Ibañez Silvestre,SF,2238105,E. García Morales,SF,2246211,L. Yohann Siverio,SF,2341227,A. Montaño Muñoz,SF,1.4,84.0,2.0,2.0,0.0,57.1,57.1,0.0
2480305,26,979952,LA LAGUNA TOYOTA  ADAREVA,HOME,2151715,J. Nogués Martí,SF,1878753,N. Ibañez Silvestre,SF,2246211,L. Yohann Siverio,SF,2432295,B. Stevanovic,SF,1613926,M. Gomez Fernandez,SF,0.7,39.0,2.0,2.0,0.0,123.1,123.1,0.0
2480305,26,979952,LA LAGUNA TOYOTA  ADAREVA,HOME,2151715,J. Nogués Martí,SF,1878753,N. Ibañez Silvestre,SF,2432295,B. Stevanovic,SF,1613926,M. Gomez Fernandez,SF,2735173,M. Forsyth,SF,2.9,177.0,7.0,6.0,1.0,94.9,81.4,13.6
2480305,26,979952,LA LAGUNA TOYOTA  ADAREVA,HOME,2151715,J. Nogués Martí,SF,2816766,A. Coulibaly,SF,2238105,E. García Morales,SF,2246211,L. Yohann Siverio,SF,2432295,B. Stevanovic,SF,0.6,33.0,0.0,2.0,-2.0,0.0,145.5,-145.5
2480305,26,979952,LA LAGUNA TOYOTA  ADAREVA,HOME,2151715,J. Nogués Martí,SF,2816766,A. Coulibaly,SF,2246211,L. Yohann Siverio,SF,2341227,A. Montaño Muñoz,SF,2735173,M. Forsyth,SF,0.5,31.0,0.0,0.0,0.0,0.0,0.0,0.0
2480305,26,979952,LA LAGUNA TOYOTA  ADAREVA,HOME,2151715,J. Nogués Martí,SF,2816766,A. Coulibaly,SF,2432295,B. Stevanovic,SF,1613926,M. Gomez Fernandez,SF,2735173,M. Forsyth,SF,13.1,783.0,23.0,29.0,-6.0,70.5,88.9,-18.4
2480305,26,981206,MCR LIMA-HORTA BARCELONA,AWAY,2049841,E. Trawally Porta,SF,1494221,L. Soler Madariaga,SF,1886093,E. Escuder Gonzalez,SF,1958425,L. Roig I Salrach,SF,2042157,C. Ripoll Moya,SF,0.8,48.0,2.0,2.0,0.0,100.0,100.0,0.0
2480305,26,981206,MCR LIMA-HORTA BARCELONA,AWAY,2049841,E. Trawally Porta,SF,1494221,L. Soler Madariaga,SF,1908281,M. Aguado Tortella,SF,1958425,L. Roig I Salrach,SF,2042157,C. Ripoll Moya,SF,0.6,38.0,0.0,2.0,-2.0,0.0,126.3,-126.3
2480305,26,981206,MCR LIMA-HORTA BARCELONA,AWAY,2049841,E. Trawally Porta,SF,1494221,L. Soler Madariaga,SF,1959765,J. Rueda Choni,SF,1886093,E. Escuder Gonzalez,SF,1958425,L. Roig I Salrach,SF,0.4,22.0,0.0,2.0,-2.0,0.0,218.2,-218.2
2480305,26,981206,MCR LIMA-HORTA BARCELONA,AWAY,2049841,E. Trawally Porta,SF,1494221,L. Soler Madariaga,SF,1959765,J. Rueda Choni,SF,1886093,E. Escuder Gonzalez,SF,2042157,C. Ripoll Moya,SF,0.3,21.0,0.0,2.0,-2.0,0.0,228.6,-228.6
2480305,26,981206,MCR LIMA-HORTA BARCELONA,AWAY,2235190,E. Morales López,SF,1494221,L. Soler Madariaga,SF,1886093,E. Escuder Gonzalez,SF,1958425,L. Roig I Salrach,SF,2042157,C. Ripoll Moya,SF,2.0,121.0,2.0,0.0,2.0,39.7,0.0,39.7
2480305,26,981206,MCR LIMA-HORTA BARCELONA,AWAY,2235190,E. Morales López,SF,1494221,L. Soler Madariaga,SF,1908281,M. Aguado Tortella,SF,1958425,L. Roig I Salrach,SF,2042157,C. Ripoll Moya,SF,1.6,96.0,2.0,2.0,0.0,50.0,50.0,0.0
2480305,26,981206,MCR LIMA-HORTA BARCELONA,AWAY,2235190,E. Morales López,SF,1494221,L. Soler Madariaga,SF,1908281,M. Aguado Tortella,SF,1959765,J. Rueda Choni,SF,1886093,E. Escuder Gonzalez,SF,2.5,148.0,6.0,0.0,6.0,97.3,0.0,97.3
2480305,26,981206,MCR LIMA-HORTA BARCELONA,AWAY,2235190,E. Morales López,SF,1494221,L. Soler Madariaga,SF,1908281,M. Aguado Tortella,SF,1959765,J. Rueda Choni,SF,1958425,L. Roig I Salrach,SF,3.5,213.0,6.0,12.0,-6.0,67.6,135.2,-67.6
2480305,26,981206,MCR LIMA-HORTA BARCELONA,AWAY,2235190,E. Morales López,SF,1494221,L. Soler Madariaga,SF,1908281,M. Aguado Tortella,SF,1959765,J. Rueda Choni,SF,2042157,C. Ripoll Moya,SF,1.3,77.0,3.0,4.0,-1.0,93.5,124.7,-31.2
2480305,26,981206,MCR LIMA-HORTA BARCELONA,AWAY,2235190,E. Morales López,SF,1494221,L. Soler Madariaga,SF,1959765,J. Rueda Choni,SF,1886093,E. Escuder Gonzalez,SF,1958425,L. Roig I Salrach,SF,3.0,180.0,7.0,9.0,-2.0,93.3,120.0,-26.7
2480305,26,981206,MCR LIMA-HORTA BARCELONA,AWAY,2235190,E. Morales López,SF,1494221,L. Soler Madariaga,SF,1959765,J. Rueda Choni,SF,1886093,E. Escuder Gonzalez,SF,2042157,C. Ripoll Moya,SF,5.6,339.0,12.0,9.0,3.0,85.0,63.7,21.2
2480305,26,981206,MCR LIMA-HORTA BARCELONA,AWAY,2235190,E. Morales López,SF,1494221,L. Soler Madariaga,SF,1959765,J. Rueda Choni,SF,1958425,L. Roig I Salrach,SF,2042157,C. Ripoll Moya,SF,3.0,179.0,9.0,5.0,4.0,120.7,67.0,53.6
2480305,26,981206,MCR LIMA-HORTA BARCELONA,AWAY,2235190,E. Morales López,SF,2049841,E. Trawally Porta,SF,1908281,M. Aguado Tortella,SF,1959765,J. Rueda Choni,SF,1886093,E. Escuder Gonzalez,SF,5.4,323.0,11.0,7.0,4.0,81.7,52.0,29.7
2480305,26,981206,MCR LIMA-HORTA BARCELONA,AWAY,2235190,E. Morales López,SF,2049841,E. Trawally Porta,SF,1908281,M. Aguado Tortella,SF,1959765,J. Rueda Choni,SF,1958425,L. Roig I Salrach,SF,8.5,500.0,13.0,2.0,11.0,62.4,9.6,52.8
2480305,26,981206,MCR LIMA-HORTA BARCELONA,AWAY,2235190,E. Morales López,SF,2049841,E. Trawally Porta,SF,1959765,J. Rueda Choni,SF,1886093,E. Escuder Gonzalez,SF,1958425,L. Roig I Salrach,SF,0.5,32.0,2.0,0.0,2.0,150.0,0.0,150.0
2480305,26,981206,MCR LIMA-HORTA BARCELONA,AWAY,2235190,E. Morales López,SF,2049841,E. Trawally Porta,SF,1959765,J. Rueda Choni,SF,1886093,E. Escuder Gonzalez,SF,2042157,C. Ripoll Moya,SF,1.1,63.0,2.0,0.0,2.0,76.2,0.0,76.2
2480306,26,981346,LA CORDÁ DE PATERNA NB,AWAY,2049442,I. Broncano Avellaneda,SF,1632609,C. Che Tortola,SF,1687305,L. Segura Moreno,SF,2864802,N. Lagowski,SF,2024557,M. Bleda Ortega,SF,2.7,160.0,0.0,7.0,-7.0,0.0,105.0,-105.0
2480306,26,981346,LA CORDÁ DE PATERNA NB,AWAY,2049442,I. Broncano Avellaneda,SF,2653963,A. Traore,SF,1687305,L. Segura Moreno,SF,2024557,M. Bleda Ortega,SF,2561096,A. Prim Giro,SF,0.9,56.0,3.0,0.0,3.0,128.6,0.0,128.6
2480306,26,981346,LA CORDÁ DE PATERNA NB,AWAY,2049442,I. Broncano Avellaneda,SF,2653963,A. Traore,SF,1687305,L. Segura Moreno,SF,2561096,A. Prim Giro,SF,2071471,P. Saravia Logroño,SF,2.2,132.0,4.0,4.0,0.0,72.7,72.7,0.0
2480306,26,981346,LA CORDÁ DE PATERNA NB,AWAY,2049442,I. Broncano Avellaneda,SF,2653963,A. Traore,SF,2173687,M. Llompart Perello,SF,1687305,L. Segura Moreno,SF,2024557,M. Bleda Ortega,SF,1.2,73.0,0.0,2.0,-2.0,0.0,65.8,-65.8
2480306,26,981346,LA CORDÁ DE PATERNA NB,AWAY,2049442,I. Broncano Avellaneda,SF,2653963,A. Traore,SF,2173687,M. Llompart Perello,SF,2024557,M. Bleda Ortega,SF,2071471,P. Saravia Logroño,SF,2.1,128.0,7.0,2.0,5.0,131.2,37.5,93.8
2480306,26,981346,LA CORDÁ DE PATERNA NB,AWAY,2049442,I. Broncano Avellaneda,SF,2653963,A. Traore,SF,2173687,M. Llompart Perello,SF,2864802,N. Lagowski,SF,2071471,P. Saravia Logroño,SF,2.1,127.0,7.0,0.0,7.0,132.3,0.0,132.3
2480306,26,981346,LA CORDÁ DE PATERNA NB,AWAY,2049442,I. Broncano Avellaneda,SF,2796302,P. Gabriel,SF,1632609,C. Che Tortola,SF,1687305,L. Segura Moreno,SF,2024557,M. Bleda Ortega,SF,3.8,225.0,2.0,10.0,-8.0,21.3,106.7,-85.3
2480306,26,981346,LA CORDÁ DE PATERNA NB,AWAY,2049442,I. Broncano Avellaneda,SF,2796302,P. Gabriel,SF,2173687,M. Llompart Perello,SF,1687305,L. Segura Moreno,SF,2024557,M. Bleda Ortega,SF,3.2,191.0,3.0,8.0,-5.0,37.7,100.5,-62.8
2480306,26,981346,LA CORDÁ DE PATERNA NB,AWAY,2049442,I. Broncano Avellaneda,SF,2796302,P. Gabriel,SF,2173687,M. Llompart Perello,SF,1687305,L. Segura Moreno,SF,2071471,P. Saravia Logroño,SF,2.6,157.0,3.0,6.0,-3.0,45.9,91.7,-45.9
2480306,26,981346,LA CORDÁ DE PATERNA NB,AWAY,2049442,I. Broncano Avellaneda,SF,2796302,P. Gabriel,SF,2173687,M. Llompart Perello,SF,2024557,M. Bleda Ortega,SF,2071471,P. Saravia Logroño,SF,1.1,65.0,2.0,0.0,2.0,73.8,0.0,73.8
2480306,26,981346,LA CORDÁ DE PATERNA NB,AWAY,2049442,I. Broncano Avellaneda,SF,2796302,P. Gabriel,SF,2653963,A. Traore,SF,2173687,M. Llompart Perello,SF,2024557,M. Bleda Ortega,SF,1.3,79.0,2.0,2.0,0.0,60.8,60.8,0.0
2480306,26,981346,LA CORDÁ DE PATERNA NB,AWAY,2173687,M. Llompart Perello,SF,1687305,L. Segura Moreno,SF,2864802,N. Lagowski,SF,2024557,M. Bleda Ortega,SF,2071471,P. Saravia Logroño,SF,1.3,76.0,0.0,4.0,-4.0,0.0,126.3,-126.3
2480306,26,981346,LA CORDÁ DE PATERNA NB,AWAY,2653963,A. Traore,SF,1632609,C. Che Tortola,SF,2864802,N. Lagowski,SF,2561096,A. Prim Giro,SF,2071471,P. Saravia Logroño,SF,2.0,122.0,0.0,3.0,-3.0,0.0,59.0,-59.0
2480306,26,981346,LA CORDÁ DE PATERNA NB,AWAY,2653963,A. Traore,SF,1687305,L. Segura Moreno,SF,2024557,M. Bleda Ortega,SF,2561096,A. Prim Giro,SF,2071471,P. Saravia Logroño,SF,1.3,77.0,2.0,6.0,-4.0,62.3,187.0,-124.7
2480306,26,981346,LA CORDÁ DE PATERNA NB,AWAY,2653963,A. Traore,SF,2173687,M. Llompart Perello,SF,1687305,L. Segura Moreno,SF,2024557,M. Bleda Ortega,SF,2071471,P. Saravia Logroño,SF,1.7,103.0,2.0,4.0,-2.0,46.6,93.2,-46.6
2480306,26,981346,LA CORDÁ DE PATERNA NB,AWAY,2653963,A. Traore,SF,2173687,M. Llompart Perello,SF,2864802,N. Lagowski,SF,2024557,M. Bleda Ortega,SF,2071471,P. Saravia Logroño,SF,0.6,33.0,0.0,2.0,-2.0,0.0,145.5,-145.5
2480306,26,981346,LA CORDÁ DE PATERNA NB,AWAY,2653963,A. Traore,SF,2173687,M. Llompart Perello,SF,2864802,N. Lagowski,SF,2561096,A. Prim Giro,SF,2071471,P. Saravia Logroño,SF,2.4,142.0,6.0,3.0,3.0,101.4,50.7,50.7
2480306,26,981346,LA CORDÁ DE PATERNA NB,AWAY,2796302,P. Gabriel,SF,1632609,C. Che Tortola,SF,2864802,N. Lagowski,SF,1687305,L. Segura Moreno,SF,2071471,P. Saravia Logroño,SF,0.3,21.0,0.0,0.0,0.0,0.0,0.0,0.0
2480306,26,981346,LA CORDÁ DE PATERNA NB,AWAY,2796302,P. Gabriel,SF,1632609,C. Che Tortola,SF,2864802,N. Lagowski,SF,2561096,A. Prim Giro,SF,2071471,P. Saravia Logroño,SF,1.3,79.0,2.0,5.0,-3.0,60.8,151.9,-91.1
2480306,26,981346,LA CORDÁ DE PATERNA NB,AWAY,2796302,P. Gabriel,SF,2049442,I. Broncano Avellaneda,SF,2653963,A. Traore,SF,2024557,M. Bleda Ortega,SF,2561096,A. Prim Giro,SF,1.7,103.0,5.0,6.0,-1.0,116.5,139.8,-23.3
2480306,26,981346,LA CORDÁ DE PATERNA NB,AWAY,2796302,P. Gabriel,SF,2653963,A. Traore,SF,1632609,C. Che Tortola,SF,2173687,M. Llompart Perello,SF,2071471,P. Saravia Logroño,SF,0.7,43.0,0.0,4.0,-4.0,0.0,223.3,-223.3
2480306,26,981346,LA CORDÁ DE PATERNA NB,AWAY,2796302,P. Gabriel,SF,2653963,A. Traore,SF,1632609,C. Che Tortola,SF,2561096,A. Prim Giro,SF,2071471,P. Saravia Logroño,SF,1.6,96.0,4.0,4.0,0.0,100.0,100.0,0.0
2480306,26,981346,LA CORDÁ DE PATERNA NB,AWAY,2796302,P. Gabriel,SF,2653963,A. Traore,SF,2024557,M. Bleda Ortega,SF,2561096,A. Prim Giro,SF,2071471,P. Saravia Logroño,SF,1.2,74.0,5.0,0.0,5.0,162.2,0.0,162.2
2480306,26,981346,LA CORDÁ DE PATERNA NB,AWAY,2796302,P. Gabriel,SF,2864802,N. Lagowski,SF,2024557,M. Bleda Ortega,SF,2561096,A. Prim Giro,SF,2071471,P. Saravia Logroño,SF,0.6,38.0,0.0,3.0,-3.0,0.0,189.5,-189.5
2480306,26,981492,CELTA  FEMXA ZORKA,HOME,1898932,M. Gea Becerra,SF,2276545,M. Vizmanos Iglesis,SF,2121212,P. Salinas Mascuñana,SF,2814638,J. Kelliher,SF,2651124,A. Boquete Manna,SF,1.2,72.0,0.0,2.0,-2.0,0.0,66.7,-66.7
2480306,26,981492,CELTA  FEMXA ZORKA,HOME,2179703,N. Martínez Quintana,SF,2049773,D. Bermejo Escribano,SF,2179984,U. Rodríguez Silva,SF,2276545,M. Vizmanos Iglesis,SF,2121212,P. Salinas Mascuñana,SF,4.3,259.0,2.0,9.0,-7.0,18.5,83.4,-64.9
2480306,26,981492,CELTA  FEMXA ZORKA,HOME,2644595,I. Vennema,SF,1898932,M. Gea Becerra,SF,2276545,M. Vizmanos Iglesis,SF,2121212,P. Salinas Mascuñana,SF,2814638,J. Kelliher,SF,0.9,55.0,0.0,5.0,-5.0,0.0,218.2,-218.2
2480306,26,981492,CELTA  FEMXA ZORKA,HOME,2644595,I. Vennema,SF,2179703,N. Martínez Quintana,SF,1898932,M. Gea Becerra,SF,2121212,P. Salinas Mascuñana,SF,2651124,A. Boquete Manna,SF,1.6,100.0,5.0,2.0,3.0,120.0,48.0,72.0
2480306,26,981492,CELTA  FEMXA ZORKA,HOME,2644595,I. Vennema,SF,2179703,N. Martínez Quintana,SF,1898932,M. Gea Becerra,SF,2276545,M. Vizmanos Iglesis,SF,2121212,P. Salinas Mascuñana,SF,0.5,31.0,2.0,3.0,-1.0,154.8,232.3,-77.4
2480306,26,981492,CELTA  FEMXA ZORKA,HOME,2644595,I. Vennema,SF,2179703,N. Martínez Quintana,SF,2049773,D. Bermejo Escribano,SF,2276545,M. Vizmanos Iglesis,SF,2121212,P. Salinas Mascuñana,SF,4.0,235.0,9.0,6.0,3.0,91.9,61.3,30.6
2480306,26,981492,CELTA  FEMXA ZORKA,HOME,2743289,D. Cabrera Baccon,SF,2049773,D. Bermejo Escribano,SF,1898932,M. Gea Becerra,SF,2814638,J. Kelliher,SF,2651124,A. Boquete Manna,SF,5.0,298.0,12.0,2.0,10.0,96.6,16.1,80.5
2480306,26,981492,CELTA  FEMXA ZORKA,HOME,2743289,D. Cabrera Baccon,SF,2179703,N. Martínez Quintana,SF,1898932,M. Gea Becerra,SF,2179984,U. Rodríguez Silva,SF,2276545,M. Vizmanos Iglesis,SF,4.2,256.0,10.0,4.0,6.0,93.8,37.5,56.2
2480306,26,981492,CELTA  FEMXA ZORKA,HOME,2743289,D. Cabrera Baccon,SF,2179703,N. Martínez Quintana,SF,2179984,U. Rodríguez Silva,SF,1898932,M. Gea Becerra,SF,2121212,P. Salinas Mascuñana,SF,3.0,179.0,8.0,2.0,6.0,107.3,26.8,80.4
2480306,26,981492,CELTA  FEMXA ZORKA,HOME,2743289,D. Cabrera Baccon,SF,2644595,I. Vennema,SF,2179703,N. Martínez Quintana,SF,1898932,M. Gea Becerra,SF,2121212,P. Salinas Mascuñana,SF,0.7,43.0,4.0,0.0,4.0,223.3,0.0,223.3
2480306,26,981492,CELTA  FEMXA ZORKA,HOME,2743289,D. Cabrera Baccon,SF,2644595,I. Vennema,SF,2179703,N. Martínez Quintana,SF,1898932,M. Gea Becerra,SF,2179984,U. Rodríguez Silva,SF,1.2,74.0,0.0,5.0,-5.0,0.0,162.2,-162.2
2480306,26,981492,CELTA  FEMXA ZORKA,HOME,2743289,D. Cabrera Baccon,SF,2644595,I. Vennema,SF,2179703,N. Martínez Quintana,SF,1898932,M. Gea Becerra,SF,2276545,M. Vizmanos Iglesis,SF,1.7,103.0,6.0,5.0,1.0,139.8,116.5,23.3
2480306,26,981492,CELTA  FEMXA ZORKA,HOME,2743289,D. Cabrera Baccon,SF,2644595,I. Vennema,SF,2179703,N. Martínez Quintana,SF,2049773,D. Bermejo Escribano,SF,2121212,P. Salinas Mascuñana,SF,4.8,287.0,12.0,5.0,7.0,100.3,41.8,58.5
2480306,26,981492,CELTA  FEMXA ZORKA,HOME,2743289,D. Cabrera Baccon,SF,2644595,I. Vennema,SF,2179703,N. Martínez Quintana,SF,2049773,D. Bermejo Escribano,SF,2179984,U. Rodríguez Silva,SF,1.3,77.0,3.0,0.0,3.0,93.5,0.0,93.5
2480306,26,981492,CELTA  FEMXA ZORKA,HOME,2743289,D. Cabrera Baccon,SF,2644595,I. Vennema,SF,2179703,N. Martínez Quintana,SF,2049773,D. Bermejo Escribano,SF,2276545,M. Vizmanos Iglesis,SF,4.4,265.0,10.0,9.0,1.0,90.6,81.5,9.1
2480306,26,981492,CELTA  FEMXA ZORKA,HOME,2743289,D. Cabrera Baccon,SF,2644595,I. Vennema,SF,2179703,N. Martínez Quintana,SF,2179984,U. Rodríguez Silva,SF,1898932,M. Gea Becerra,SF,1.1,66.0,2.0,0.0,2.0,72.7,0.0,72.7
2480307,26,979912,DOMUSA TEKNIK ISB,AWAY,1894119,S. Iparraguirre Alustiza,SF,2021400,M. Gutierrez Ibañez,SF,1826917,J. Azcue Jauregui,SF,2818813,E. Lalotte,SF,2818816,I. Araújo Gouveia Vieira,SF,1.3,79.0,0.0,0.0,0.0,0.0,0.0,0.0
2480307,26,979912,DOMUSA TEKNIK ISB,AWAY,1894119,S. Iparraguirre Alustiza,SF,2145033,A. Lizundia Arozena,SF,2818813,E. Lalotte,SF,1721468,C. Villamor Aparicio,SF,2818816,I. Araújo Gouveia Vieira,SF,1.1,67.0,5.0,0.0,5.0,179.1,0.0,179.1
2480307,26,979912,DOMUSA TEKNIK ISB,AWAY,2021400,M. Gutierrez Ibañez,SF,2145033,A. Lizundia Arozena,SF,2818813,E. Lalotte,SF,1721468,C. Villamor Aparicio,SF,2818816,I. Araújo Gouveia Vieira,SF,3.0,176.0,2.0,0.0,2.0,27.3,0.0,27.3
2480307,26,979912,DOMUSA TEKNIK ISB,AWAY,2364470,G. Leaupepe,SF,2021400,M. Gutierrez Ibañez,SF,1826917,J. Azcue Jauregui,SF,2818813,E. Lalotte,SF,1721468,C. Villamor Aparicio,SF,3.2,197.0,2.0,3.0,-1.0,24.4,36.5,-12.2
2480307,26,979912,DOMUSA TEKNIK ISB,AWAY,2364470,G. Leaupepe,SF,2021400,M. Gutierrez Ibañez,SF,2145033,A. Lizundia Arozena,SF,2818813,E. Lalotte,SF,2818816,I. Araújo Gouveia Vieira,SF,1.4,81.0,2.0,3.0,-1.0,59.3,88.9,-29.6
2480307,26,979912,DOMUSA TEKNIK ISB,AWAY,2364470,G. Leaupepe,SF,2021400,M. Gutierrez Ibañez,SF,2818813,E. Lalotte,SF,1721468,C. Villamor Aparicio,SF,2137901,M. Otaegi Albizu,SF,2.5,150.0,2.0,0.0,2.0,32.0,0.0,32.0
2480307,26,979912,DOMUSA TEKNIK ISB,AWAY,2818717,S. Van,SF,1894119,S. Iparraguirre Alustiza,SF,1826917,J. Azcue Jauregui,SF,2818813,E. Lalotte,SF,2818816,I. Araújo Gouveia Vieira,SF,3.8,227.0,5.0,7.0,-2.0,52.9,74.0,-21.1
2480307,26,979912,DOMUSA TEKNIK ISB,AWAY,2818717,S. Van,SF,1894119,S. Iparraguirre Alustiza,SF,2021400,M. Gutierrez Ibañez,SF,2145033,A. Lizundia Arozena,SF,2818816,I. Araújo Gouveia Vieira,SF,4.7,280.0,9.0,5.0,4.0,77.1,42.9,34.3
2480307,26,979912,DOMUSA TEKNIK ISB,AWAY,2818717,S. Van,SF,1894119,S. Iparraguirre Alustiza,SF,2145033,A. Lizundia Arozena,SF,2818813,E. Lalotte,SF,2818816,I. Araújo Gouveia Vieira,SF,8.3,503.0,22.0,8.0,14.0,105.0,38.2,66.8
2480307,26,979912,DOMUSA TEKNIK ISB,AWAY,2818717,S. Van,SF,1894119,S. Iparraguirre Alustiza,SF,2818813,E. Lalotte,SF,1721468,C. Villamor Aparicio,SF,2818816,I. Araújo Gouveia Vieira,SF,1.9,113.0,4.0,5.0,-1.0,85.0,106.2,-21.2
2480307,26,979912,DOMUSA TEKNIK ISB,AWAY,2818717,S. Van,SF,2021400,M. Gutierrez Ibañez,SF,2145033,A. Lizundia Arozena,SF,1721468,C. Villamor Aparicio,SF,2818816,I. Araújo Gouveia Vieira,SF,0.5,32.0,0.0,0.0,0.0,0.0,0.0,0.0
2480307,26,979912,DOMUSA TEKNIK ISB,AWAY,2818717,S. Van,SF,2145033,A. Lizundia Arozena,SF,2818813,E. Lalotte,SF,1721468,C. Villamor Aparicio,SF,2137901,M. Otaegi Albizu,SF,2.1,124.0,0.0,5.0,-5.0,0.0,96.8,-96.8
2480307,26,979912,DOMUSA TEKNIK ISB,AWAY,2818717,S. Van,SF,2145033,A. Lizundia Arozena,SF,2818813,E. Lalotte,SF,1721468,C. Villamor Aparicio,SF,2818816,I. Araújo Gouveia Vieira,SF,1.0,59.0,2.0,1.0,1.0,81.4,40.7,40.7
2480307,26,979912,DOMUSA TEKNIK ISB,AWAY,2818717,S. Van,SF,2364470,G. Leaupepe,SF,1826917,J. Azcue Jauregui,SF,1721468,C. Villamor Aparicio,SF,2818816,I. Araújo Gouveia Vieira,SF,0.3,16.0,0.0,0.0,0.0,0.0,0.0,0.0
2480307,26,979912,DOMUSA TEKNIK ISB,AWAY,2818717,S. Van,SF,2364470,G. Leaupepe,SF,2021400,M. Gutierrez Ibañez,SF,1721468,C. Villamor Aparicio,SF,2137901,M. Otaegi Albizu,SF,1.8,107.0,4.0,0.0,4.0,89.7,0.0,89.7
2480307,26,979912,DOMUSA TEKNIK ISB,AWAY,2818717,S. Van,SF,2364470,G. Leaupepe,SF,2021400,M. Gutierrez Ibañez,SF,1826917,J. Azcue Jauregui,SF,1721468,C. Villamor Aparicio,SF,2.2,130.0,2.0,3.0,-1.0,36.9,55.4,-18.5
2480307,26,979912,DOMUSA TEKNIK ISB,AWAY,2818717,S. Van,SF,2364470,G. Leaupepe,SF,2021400,M. Gutierrez Ibañez,SF,2145033,A. Lizundia Arozena,SF,1721468,C. Villamor Aparicio,SF,0.9,59.0,0.0,2.0,-2.0,0.0,81.4,-81.4
2480307,26,979971,OSES CONSTRUCCION,HOME,1044456,M. Asurmendi Villaverde,SF,2432778,J. Mungo Lanzetti,SF,1824910,S. Castro Marrero,SF,1820835,A. Wone Aranaz,SF,1882395,A. Elso Aramendia,SF,3.0,180.0,5.0,9.0,-4.0,66.7,120.0,-53.3
2480307,26,979971,OSES CONSTRUCCION,HOME,1044456,M. Asurmendi Villaverde,SF,2432778,J. Mungo Lanzetti,SF,1824910,S. Castro Marrero,SF,2432513,V. Llorente,SF,1882395,A. Elso Aramendia,SF,1.3,79.0,0.0,0.0,0.0,0.0,0.0,0.0
2480307,26,979971,OSES CONSTRUCCION,HOME,1044456,M. Asurmendi Villaverde,SF,2432778,J. Mungo Lanzetti,SF,1824910,S. Castro Marrero,SF,2561102,M. Blanco Morcillo,SF,1820835,A. Wone Aranaz,SF,3.3,197.0,4.0,7.0,-3.0,48.7,85.3,-36.5
2480307,26,979971,OSES CONSTRUCCION,HOME,1044456,M. Asurmendi Villaverde,SF,2432778,J. Mungo Lanzetti,SF,2432513,V. Llorente,SF,1820835,A. Wone Aranaz,SF,1882395,A. Elso Aramendia,SF,2.0,123.0,0.0,2.0,-2.0,0.0,39.0,-39.0
2480307,26,979971,OSES CONSTRUCCION,HOME,1044456,M. Asurmendi Villaverde,SF,2561097,A. Diez Pastor,SF,1824910,S. Castro Marrero,SF,2561102,M. Blanco Morcillo,SF,1820835,A. Wone Aranaz,SF,0.7,43.0,0.0,0.0,0.0,0.0,0.0,0.0
2480307,26,979971,OSES CONSTRUCCION,HOME,1044456,M. Asurmendi Villaverde,SF,2561097,A. Diez Pastor,SF,2432778,J. Mungo Lanzetti,SF,1824910,S. Castro Marrero,SF,1820835,A. Wone Aranaz,SF,1.3,75.0,1.0,2.0,-1.0,32.0,64.0,-32.0
2480307,26,979971,OSES CONSTRUCCION,HOME,1044456,M. Asurmendi Villaverde,SF,2561097,A. Diez Pastor,SF,2432778,J. Mungo Lanzetti,SF,2432513,V. Llorente,SF,2561102,M. Blanco Morcillo,SF,0.2,15.0,0.0,0.0,0.0,0.0,0.0,0.0
2480307,26,979971,OSES CONSTRUCCION,HOME,1588922,L. Gutierrez Lancho,SF,1044456,M. Asurmendi Villaverde,SF,2432778,J. Mungo Lanzetti,SF,1824910,S. Castro Marrero,SF,1820835,A. Wone Aranaz,SF,1.6,95.0,5.0,0.0,5.0,126.3,0.0,126.3
2480307,26,979971,OSES CONSTRUCCION,HOME,1588922,L. Gutierrez Lancho,SF,1044456,M. Asurmendi Villaverde,SF,2561097,A. Diez Pastor,SF,2432513,V. Llorente,SF,1820835,A. Wone Aranaz,SF,2.0,118.0,0.0,0.0,0.0,0.0,0.0,0.0
2480307,26,979971,OSES CONSTRUCCION,HOME,1588922,L. Gutierrez Lancho,SF,1044456,M. Asurmendi Villaverde,SF,2561097,A. Diez Pastor,SF,2432778,J. Mungo Lanzetti,SF,1820835,A. Wone Aranaz,SF,2.3,139.0,0.0,6.0,-6.0,0.0,103.6,-103.6
2480307,26,979971,OSES CONSTRUCCION,HOME,1588922,L. Gutierrez Lancho,SF,2364706,F. Parra,SF,2432778,J. Mungo Lanzetti,SF,1824910,S. Castro Marrero,SF,1820835,A. Wone Aranaz,SF,3.5,210.0,2.0,9.0,-7.0,22.9,102.9,-80.0
2480307,26,979971,OSES CONSTRUCCION,HOME,1588922,L. Gutierrez Lancho,SF,2364706,F. Parra,SF,2561097,A. Diez Pastor,SF,2432513,V. Llorente,SF,2561102,M. Blanco Morcillo,SF,1.4,86.0,0.0,0.0,0.0,0.0,0.0,0.0
2480307,26,979971,OSES CONSTRUCCION,HOME,1588922,L. Gutierrez Lancho,SF,2561097,A. Diez Pastor,SF,1593987,M. Recarte Mendive,SF,2432513,V. Llorente,SF,2561102,M. Blanco Morcillo,SF,5.3,315.0,11.0,2.0,9.0,83.8,15.2,68.6
2480307,26,979971,OSES CONSTRUCCION,HOME,1588922,L. Gutierrez Lancho,SF,2561097,A. Diez Pastor,SF,2432778,J. Mungo Lanzetti,SF,2432513,V. Llorente,SF,2561102,M. Blanco Morcillo,SF,0.6,36.0,0.0,2.0,-2.0,0.0,133.3,-133.3
2480307,26,979971,OSES CONSTRUCCION,HOME,2364706,F. Parra,SF,2432778,J. Mungo Lanzetti,SF,1824910,S. Castro Marrero,SF,2432513,V. Llorente,SF,1882395,A. Elso Aramendia,SF,0.3,17.0,0.0,0.0,0.0,0.0,0.0,0.0
2480307,26,979971,OSES CONSTRUCCION,HOME,2364706,F. Parra,SF,2432778,J. Mungo Lanzetti,SF,1824910,S. Castro Marrero,SF,2432513,V. Llorente,SF,2561102,M. Blanco Morcillo,SF,4.4,263.0,5.0,9.0,-4.0,45.6,82.1,-36.5
2480307,26,979971,OSES CONSTRUCCION,HOME,2364706,F. Parra,SF,2432778,J. Mungo Lanzetti,SF,1824910,S. Castro Marrero,SF,2561102,M. Blanco Morcillo,SF,2432513,V. Llorente,SF,5.6,337.0,9.0,11.0,-2.0,64.1,78.3,-14.2
2480307,26,979971,OSES CONSTRUCCION,HOME,2364706,F. Parra,SF,2561097,A. Diez Pastor,SF,1824910,S. Castro Marrero,SF,2432513,V. Llorente,SF,2561102,M. Blanco Morcillo,SF,0.5,29.0,0.0,2.0,-2.0,0.0,165.5,-165.5
2480307,26,979971,OSES CONSTRUCCION,HOME,2364706,F. Parra,SF,2561097,A. Diez Pastor,SF,1824910,S. Castro Marrero,SF,2561102,M. Blanco Morcillo,SF,1820835,A. Wone Aranaz,SF,0.7,43.0,0.0,0.0,0.0,0.0,0.0,0.0
2480308,26,979988,FUSTECMA NBF CASTELLÓ,HOME,1680760,S. Carli Del Pino,SF,2131367,S. Basaez Narvaez,SF,2274867,L. De Giacomo,SF,2383616,F. Asemota Augustine,SF,2144678,L. Jovena Meseguer,SF,1.1,63.0,0.0,2.0,-2.0,0.0,76.2,-76.2
2480308,26,979988,FUSTECMA NBF CASTELLÓ,HOME,1680760,S. Carli Del Pino,SF,2131367,S. Basaez Narvaez,SF,2383616,F. Asemota Augustine,SF,1460562,C. Perez Relancio,SF,1932094,J. Gomez Guimera,SF,0.3,20.0,0.0,2.0,-2.0,0.0,240.0,-240.0
2480308,26,979988,FUSTECMA NBF CASTELLÓ,HOME,1680760,S. Carli Del Pino,SF,2131367,S. Basaez Narvaez,SF,2383616,F. Asemota Augustine,SF,1460562,C. Perez Relancio,SF,2144678,L. Jovena Meseguer,SF,1.4,86.0,0.0,2.0,-2.0,0.0,55.8,-55.8
2480308,26,979988,FUSTECMA NBF CASTELLÓ,HOME,1680760,S. Carli Del Pino,SF,2131367,S. Basaez Narvaez,SF,2383616,F. Asemota Augustine,SF,1460562,C. Perez Relancio,SF,2274867,L. De Giacomo,SF,1.8,105.0,4.0,2.0,2.0,91.4,45.7,45.7
2480308,26,979988,FUSTECMA NBF CASTELLÓ,HOME,1680760,S. Carli Del Pino,SF,2131367,S. Basaez Narvaez,SF,2383616,F. Asemota Augustine,SF,1932094,J. Gomez Guimera,SF,1618451,L. Campos De Bengoa,SF,0.1,5.0,0.0,0.0,0.0,0.0,0.0,0.0
2480308,26,979988,FUSTECMA NBF CASTELLÓ,HOME,1680760,S. Carli Del Pino,SF,2131367,S. Basaez Narvaez,SF,2383616,F. Asemota Augustine,SF,2087212,L. Ruiz De La Hermosa Arce,SF,2144678,L. Jovena Meseguer,SF,1.1,67.0,4.0,1.0,3.0,143.3,35.8,107.5
2480308,26,979988,FUSTECMA NBF CASTELLÓ,HOME,1680760,S. Carli Del Pino,SF,2131367,S. Basaez Narvaez,SF,2383616,F. Asemota Augustine,SF,2087212,L. Ruiz De La Hermosa Arce,SF,2274867,L. De Giacomo,SF,1.5,89.0,0.0,2.0,-2.0,0.0,53.9,-53.9
2480308,26,979988,FUSTECMA NBF CASTELLÓ,HOME,1680760,S. Carli Del Pino,SF,2131367,S. Basaez Narvaez,SF,2383616,F. Asemota Augustine,SF,2087212,L. Ruiz De La Hermosa Arce,SF,2829993,G. Aiello,SF,1.4,87.0,5.0,1.0,4.0,137.9,27.6,110.3
2480308,26,979988,FUSTECMA NBF CASTELLÓ,HOME,1680760,S. Carli Del Pino,SF,2131367,S. Basaez Narvaez,SF,2383616,F. Asemota Augustine,SF,2829993,G. Aiello,SF,2144678,L. Jovena Meseguer,SF,4.9,297.0,6.0,6.0,0.0,48.5,48.5,0.0
2480308,26,979988,FUSTECMA NBF CASTELLÓ,HOME,1680760,S. Carli Del Pino,SF,2383616,F. Asemota Augustine,SF,1460562,C. Perez Relancio,SF,2087212,L. Ruiz De La Hermosa Arce,SF,2144678,L. Jovena Meseguer,SF,2.3,137.0,5.0,4.0,1.0,87.6,70.1,17.5
2480308,26,979988,FUSTECMA NBF CASTELLÓ,HOME,1680760,S. Carli Del Pino,SF,2383616,F. Asemota Augustine,SF,2087212,L. Ruiz De La Hermosa Arce,SF,1460562,C. Perez Relancio,SF,2264676,A. Garcia Haro,SF,1.1,64.0,2.0,0.0,2.0,75.0,0.0,75.0
2480308,26,979988,FUSTECMA NBF CASTELLÓ,HOME,1680760,S. Carli Del Pino,SF,2383616,F. Asemota Augustine,SF,2087212,L. Ruiz De La Hermosa Arce,SF,1896656,M. Vadillo Leyes,SF,2144678,L. Jovena Meseguer,SF,0.9,55.0,4.0,1.0,3.0,174.5,43.6,130.9
2480308,26,979988,FUSTECMA NBF CASTELLÓ,HOME,1680760,S. Carli Del Pino,SF,2383616,F. Asemota Augustine,SF,2087212,L. Ruiz De La Hermosa Arce,SF,2829993,G. Aiello,SF,1460562,C. Perez Relancio,SF,1.6,97.0,0.0,2.0,-2.0,0.0,49.5,-49.5
2480308,26,979988,FUSTECMA NBF CASTELLÓ,HOME,1680760,S. Carli Del Pino,SF,2829993,G. Aiello,SF,1460562,C. Perez Relancio,SF,2087212,L. Ruiz De La Hermosa Arce,SF,1618451,L. Campos De Bengoa,SF,6.7,403.0,15.0,10.0,5.0,89.3,59.6,29.8
2480308,26,979988,FUSTECMA NBF CASTELLÓ,HOME,1680760,S. Carli Del Pino,SF,2829993,G. Aiello,SF,2131367,S. Basaez Narvaez,SF,2274867,L. De Giacomo,SF,2383616,F. Asemota Augustine,SF,0.7,42.0,1.0,2.0,-1.0,57.1,114.3,-57.1
2480308,26,979988,FUSTECMA NBF CASTELLÓ,HOME,1680760,S. Carli Del Pino,SF,2829993,G. Aiello,SF,2131367,S. Basaez Narvaez,SF,2383616,F. Asemota Augustine,SF,1460562,C. Perez Relancio,SF,3.2,194.0,8.0,4.0,4.0,99.0,49.5,49.5
2480308,26,979988,FUSTECMA NBF CASTELLÓ,HOME,1680760,S. Carli Del Pino,SF,2829993,G. Aiello,SF,2131367,S. Basaez Narvaez,SF,2383616,F. Asemota Augustine,SF,1932094,J. Gomez Guimera,SF,1.6,92.0,0.0,0.0,0.0,0.0,0.0,0.0
2480308,26,979988,FUSTECMA NBF CASTELLÓ,HOME,1680760,S. Carli Del Pino,SF,2829993,G. Aiello,SF,2131367,S. Basaez Narvaez,SF,2383616,F. Asemota Augustine,SF,2087212,L. Ruiz De La Hermosa Arce,SF,4.2,247.0,6.0,7.0,-1.0,58.3,68.0,-9.7
2480308,26,979988,FUSTECMA NBF CASTELLÓ,HOME,1680760,S. Carli Del Pino,SF,2829993,G. Aiello,SF,2383616,F. Asemota Augustine,SF,2087212,L. Ruiz De La Hermosa Arce,SF,1460562,C. Perez Relancio,SF,4.2,250.0,11.0,2.0,9.0,105.6,19.2,86.4
2480308,26,981242,C.B. SANTFELIUENC,AWAY,2050086,M. Muñoz Moyano,SF,2155489,X. Salzmann Romeu,SF,2190844,S. Pares Vilaseca,SF,2073654,C. Gil Abad,SF,2825277,J. Loizzo,SF,3.1,184.0,4.0,4.0,0.0,52.2,52.2,0.0
2480308,26,981242,C.B. SANTFELIUENC,AWAY,2050086,M. Muñoz Moyano,SF,2155489,X. Salzmann Romeu,SF,2190844,S. Pares Vilaseca,SF,2864042,K. Trehub,SF,2073654,C. Gil Abad,SF,9.5,568.0,14.0,21.0,-7.0,59.2,88.7,-29.6
2480308,26,981242,C.B. SANTFELIUENC,AWAY,2050086,M. Muñoz Moyano,SF,2155489,X. Salzmann Romeu,SF,2864042,K. Trehub,SF,2073654,C. Gil Abad,SF,2825277,J. Loizzo,SF,1.2,72.0,0.0,2.0,-2.0,0.0,66.7,-66.7
2480308,26,981242,C.B. SANTFELIUENC,AWAY,2050086,M. Muñoz Moyano,SF,2190844,S. Pares Vilaseca,SF,2864042,K. Trehub,SF,2073654,C. Gil Abad,SF,2825277,J. Loizzo,SF,2.4,146.0,6.0,4.0,2.0,98.6,65.8,32.9
2480308,26,981242,C.B. SANTFELIUENC,AWAY,2050086,M. Muñoz Moyano,SF,2257209,A. Segura Freixenet,SF,2155489,X. Salzmann Romeu,SF,2190844,S. Pares Vilaseca,SF,2073654,C. Gil Abad,SF,5.5,330.0,6.0,13.0,-7.0,43.6,94.5,-50.9
2480308,26,981242,C.B. SANTFELIUENC,AWAY,2050086,M. Muñoz Moyano,SF,2257209,A. Segura Freixenet,SF,2155489,X. Salzmann Romeu,SF,2190844,S. Pares Vilaseca,SF,2825277,J. Loizzo,SF,1.5,89.0,2.0,0.0,2.0,53.9,0.0,53.9
2480308,26,981242,C.B. SANTFELIUENC,AWAY,2050086,M. Muñoz Moyano,SF,2257209,A. Segura Freixenet,SF,2190844,S. Pares Vilaseca,SF,2864042,K. Trehub,SF,2073654,C. Gil Abad,SF,1.4,84.0,2.0,3.0,-1.0,57.1,85.7,-28.6
2480308,26,981242,C.B. SANTFELIUENC,AWAY,2050086,M. Muñoz Moyano,SF,2257209,A. Segura Freixenet,SF,2864042,K. Trehub,SF,2155489,X. Salzmann Romeu,SF,2190844,S. Pares Vilaseca,SF,3.0,184.0,3.0,5.0,-2.0,39.1,65.2,-26.1
2480308,26,981242,C.B. SANTFELIUENC,AWAY,2050086,M. Muñoz Moyano,SF,2273698,M. Ballesteros Erena,SF,2257209,A. Segura Freixenet,SF,2155489,X. Salzmann Romeu,SF,2190844,S. Pares Vilaseca,SF,1.0,59.0,2.0,1.0,1.0,81.4,40.7,40.7
2480308,26,981242,C.B. SANTFELIUENC,AWAY,2050086,M. Muñoz Moyano,SF,2864042,K. Trehub,SF,2155489,X. Salzmann Romeu,SF,2190844,S. Pares Vilaseca,SF,2073654,C. Gil Abad,SF,2.0,119.0,1.0,6.0,-5.0,20.2,121.0,-100.8
2480308,26,981242,C.B. SANTFELIUENC,AWAY,2273698,M. Ballesteros Erena,SF,2155489,X. Salzmann Romeu,SF,2864042,K. Trehub,SF,2073654,C. Gil Abad,SF,2825277,J. Loizzo,SF,1.2,67.0,1.0,2.0,-1.0,35.8,71.6,-35.8
2480308,26,981242,C.B. SANTFELIUENC,AWAY,2273698,M. Ballesteros Erena,SF,2257209,A. Segura Freixenet,SF,2155489,X. Salzmann Romeu,SF,2073654,C. Gil Abad,SF,2825277,J. Loizzo,SF,1.5,88.0,0.0,0.0,0.0,0.0,0.0,0.0
2480308,26,981242,C.B. SANTFELIUENC,AWAY,2273698,M. Ballesteros Erena,SF,2257209,A. Segura Freixenet,SF,2155489,X. Salzmann Romeu,SF,2190844,S. Pares Vilaseca,SF,2825277,J. Loizzo,SF,0.8,46.0,2.0,0.0,2.0,104.3,0.0,104.3
2480308,26,981242,C.B. SANTFELIUENC,AWAY,2273698,M. Ballesteros Erena,SF,2257209,A. Segura Freixenet,SF,2864042,K. Trehub,SF,2073654,C. Gil Abad,SF,2825277,J. Loizzo,SF,2.7,165.0,1.0,4.0,-3.0,14.5,58.2,-43.6
2480308,26,981242,C.B. SANTFELIUENC,AWAY,2273698,M. Ballesteros Erena,SF,2864042,K. Trehub,SF,2155489,X. Salzmann Romeu,SF,2073654,C. Gil Abad,SF,2825277,J. Loizzo,SF,1.3,76.0,2.0,3.0,-1.0,63.2,94.7,-31.6
2480308,26,981242,C.B. SANTFELIUENC,AWAY,2864042,K. Trehub,SF,2155489,X. Salzmann Romeu,SF,2190844,S. Pares Vilaseca,SF,2073654,C. Gil Abad,SF,2825277,J. Loizzo,SF,2.0,123.0,4.0,3.0,1.0,78.0,58.5,19.5
2480309,26,981288,SERNOVA RENOVABLES REAL CANOE,HOME,2034380,A. Lozano Davila,SF,2097038,P. De Mier Espina,SF,1787143,C. Mato De Prada,SF,2021397,A. Esnal Aguirre,SF,2818945,O. Santana Moldavsky,SF,0.8,51.0,2.0,0.0,2.0,94.1,0.0,94.1
2480309,26,981288,SERNOVA RENOVABLES REAL CANOE,HOME,2034380,A. Lozano Davila,SF,2097038,P. De Mier Espina,SF,1787143,C. Mato De Prada,SF,2021397,A. Esnal Aguirre,SF,2866005,E. Zemoura,SF,0.7,41.0,0.0,0.0,0.0,0.0,0.0,0.0
2480309,26,981288,SERNOVA RENOVABLES REAL CANOE,HOME,2097038,P. De Mier Espina,SF,1787143,C. Mato De Prada,SF,1242234,C. Rodriguez Nuñez,SF,2866005,E. Zemoura,SF,2818945,O. Santana Moldavsky,SF,2.1,130.0,2.0,2.0,0.0,36.9,36.9,0.0
2480309,26,981288,SERNOVA RENOVABLES REAL CANOE,HOME,2097038,P. De Mier Espina,SF,1787143,C. Mato De Prada,SF,1927626,C. Flores Garcia,SF,1242234,C. Rodriguez Nuñez,SF,2818945,O. Santana Moldavsky,SF,2.6,153.0,4.0,6.0,-2.0,62.7,94.1,-31.4
2480309,26,981288,SERNOVA RENOVABLES REAL CANOE,HOME,2097038,P. De Mier Espina,SF,1787143,C. Mato De Prada,SF,1927626,C. Flores Garcia,SF,1242234,C. Rodriguez Nuñez,SF,2866005,E. Zemoura,SF,1.2,74.0,0.0,7.0,-7.0,0.0,227.0,-227.0
2480309,26,981288,SERNOVA RENOVABLES REAL CANOE,HOME,2097038,P. De Mier Espina,SF,1787143,C. Mato De Prada,SF,2021397,A. Esnal Aguirre,SF,1242234,C. Rodriguez Nuñez,SF,2818945,O. Santana Moldavsky,SF,5.1,306.0,6.0,4.0,2.0,47.1,31.4,15.7
2480309,26,981288,SERNOVA RENOVABLES REAL CANOE,HOME,2097038,P. De Mier Espina,SF,1787143,C. Mato De Prada,SF,2021397,A. Esnal Aguirre,SF,1242234,C. Rodriguez Nuñez,SF,2866005,E. Zemoura,SF,3.4,203.0,7.0,4.0,3.0,82.8,47.3,35.5
2480309,26,981288,SERNOVA RENOVABLES REAL CANOE,HOME,2097038,P. De Mier Espina,SF,2021397,A. Esnal Aguirre,SF,1242234,C. Rodriguez Nuñez,SF,2866005,E. Zemoura,SF,2818945,O. Santana Moldavsky,SF,2.9,172.0,3.0,8.0,-5.0,41.9,111.6,-69.8
2480309,26,981288,SERNOVA RENOVABLES REAL CANOE,HOME,2097038,P. De Mier Espina,SF,2021397,A. Esnal Aguirre,SF,1787143,C. Mato De Prada,SF,1242234,C. Rodriguez Nuñez,SF,2866005,E. Zemoura,SF,7.9,469.0,8.0,14.0,-6.0,40.9,71.6,-30.7
2480309,26,981288,SERNOVA RENOVABLES REAL CANOE,HOME,2097038,P. De Mier Espina,SF,2021397,A. Esnal Aguirre,SF,1927626,C. Flores Garcia,SF,1242234,C. Rodriguez Nuñez,SF,2818945,O. Santana Moldavsky,SF,1.3,78.0,3.0,2.0,1.0,92.3,61.5,30.8
2480309,26,981288,SERNOVA RENOVABLES REAL CANOE,HOME,2097038,P. De Mier Espina,SF,2021397,A. Esnal Aguirre,SF,1927626,C. Flores Garcia,SF,2866005,E. Zemoura,SF,2818945,O. Santana Moldavsky,SF,4.0,240.0,5.0,4.0,1.0,50.0,40.0,10.0
2480309,26,981288,SERNOVA RENOVABLES REAL CANOE,HOME,2215525,T. Mbomio Ada,SF,2034380,A. Lozano Davila,SF,2097038,P. De Mier Espina,SF,1787143,C. Mato De Prada,SF,2021397,A. Esnal Aguirre,SF,4.0,243.0,4.0,6.0,-2.0,39.5,59.3,-19.8
2480309,26,981288,SERNOVA RENOVABLES REAL CANOE,HOME,2215525,T. Mbomio Ada,SF,2097038,P. De Mier Espina,SF,1787143,C. Mato De Prada,SF,1242234,C. Rodriguez Nuñez,SF,2866005,E. Zemoura,SF,3.7,223.0,8.0,6.0,2.0,86.1,64.6,21.5
2480309,26,981288,SERNOVA RENOVABLES REAL CANOE,HOME,2215525,T. Mbomio Ada,SF,2097038,P. De Mier Espina,SF,1787143,C. Mato De Prada,SF,1927626,C. Flores Garcia,SF,1242234,C. Rodriguez Nuñez,SF,0.3,17.0,0.0,1.0,-1.0,0.0,141.2,-141.2
2480309,26,981356,BOSONIT UNIBASKET,AWAY,1626810,C. Aldecoa Rodriguez,SF,1834784,E. Florez Pascual,SF,2819119,T. Sedláková,SF,1678734,M. Llorente Ruiz,SF,1821692,M. Alonso Guadaño,SF,1.1,65.0,0.0,2.0,-2.0,0.0,73.8,-73.8
2480309,26,981356,BOSONIT UNIBASKET,AWAY,1626810,C. Aldecoa Rodriguez,SF,1834784,E. Florez Pascual,SF,2819119,T. Sedláková,SF,1678734,M. Llorente Ruiz,SF,2735759,L. Van Schaik,SF,2.3,141.0,9.0,2.0,7.0,153.2,34.0,119.1
2480309,26,981356,BOSONIT UNIBASKET,AWAY,1626810,C. Aldecoa Rodriguez,SF,1834784,E. Florez Pascual,SF,2819119,T. Sedláková,SF,2735759,L. Van Schaik,SF,2151019,N. Padrosa Mons,SF,2.6,159.0,4.0,0.0,4.0,60.4,0.0,60.4
2480309,26,981356,BOSONIT UNIBASKET,AWAY,1626810,C. Aldecoa Rodriguez,SF,1834784,E. Florez Pascual,SF,2819121,H. Forster,SF,1678734,M. Llorente Ruiz,SF,1821692,M. Alonso Guadaño,SF,1.0,58.0,0.0,2.0,-2.0,0.0,82.8,-82.8
2480309,26,981356,BOSONIT UNIBASKET,AWAY,1626810,C. Aldecoa Rodriguez,SF,1834784,E. Florez Pascual,SF,2819121,H. Forster,SF,2735759,L. Van Schaik,SF,1821692,M. Alonso Guadaño,SF,4.3,259.0,10.0,5.0,5.0,92.7,46.3,46.3
2480309,26,981356,BOSONIT UNIBASKET,AWAY,1626810,C. Aldecoa Rodriguez,SF,2819119,T. Sedláková,SF,1678734,M. Llorente Ruiz,SF,1778980,I. Losada Gonzalez-Babe,SF,1821692,M. Alonso Guadaño,SF,3.0,183.0,4.0,2.0,2.0,52.5,26.2,26.2
2480309,26,981356,BOSONIT UNIBASKET,AWAY,1626810,C. Aldecoa Rodriguez,SF,2819119,T. Sedláková,SF,1678734,M. Llorente Ruiz,SF,1778980,I. Losada Gonzalez-Babe,SF,2151019,N. Padrosa Mons,SF,0.6,38.0,0.0,2.0,-2.0,0.0,126.3,-126.3
2480309,26,981356,BOSONIT UNIBASKET,AWAY,1626810,C. Aldecoa Rodriguez,SF,2819121,H. Forster,SF,1678734,M. Llorente Ruiz,SF,1778980,I. Losada Gonzalez-Babe,SF,1821692,M. Alonso Guadaño,SF,1.0,58.0,0.0,5.0,-5.0,0.0,206.9,-206.9
2480309,26,981356,BOSONIT UNIBASKET,AWAY,1626810,C. Aldecoa Rodriguez,SF,2819121,H. Forster,SF,1778980,I. Losada Gonzalez-Babe,SF,2735759,L. Van Schaik,SF,2151019,N. Padrosa Mons,SF,2.6,155.0,2.0,0.0,2.0,31.0,0.0,31.0
2480309,26,981356,BOSONIT UNIBASKET,AWAY,2819119,T. Sedláková,SF,1626810,C. Aldecoa Rodriguez,SF,1678734,M. Llorente Ruiz,SF,1821692,M. Alonso Guadaño,SF,1834784,E. Florez Pascual,SF,1.1,63.0,0.0,3.0,-3.0,0.0,114.3,-114.3
2480309,26,981356,BOSONIT UNIBASKET,AWAY,2819119,T. Sedláková,SF,1626810,C. Aldecoa Rodriguez,SF,1778980,I. Losada Gonzalez-Babe,SF,2735759,L. Van Schaik,SF,2151019,N. Padrosa Mons,SF,5.7,341.0,9.0,3.0,6.0,63.3,21.1,42.2
2480309,26,981356,BOSONIT UNIBASKET,AWAY,2819119,T. Sedláková,SF,1678734,M. Llorente Ruiz,SF,2561556,C. Sañudo Trillo,SF,1821692,M. Alonso Guadaño,SF,1834784,E. Florez Pascual,SF,0.5,31.0,3.0,1.0,2.0,232.3,77.4,154.8
2480309,26,981356,BOSONIT UNIBASKET,AWAY,2819119,T. Sedláková,SF,1834784,E. Florez Pascual,SF,1678734,M. Llorente Ruiz,SF,2561556,C. Sañudo Trillo,SF,1821692,M. Alonso Guadaño,SF,0.3,20.0,0.0,4.0,-4.0,0.0,480.0,-480.0
2480309,26,981356,BOSONIT UNIBASKET,AWAY,2819119,T. Sedláková,SF,2561556,C. Sañudo Trillo,SF,1778980,I. Losada Gonzalez-Babe,SF,2151019,N. Padrosa Mons,SF,1821692,M. Alonso Guadaño,SF,1.4,84.0,2.0,4.0,-2.0,57.1,114.3,-57.1
2480309,26,981356,BOSONIT UNIBASKET,AWAY,2819119,T. Sedláková,SF,2819121,H. Forster,SF,1626810,C. Aldecoa Rodriguez,SF,2735759,L. Van Schaik,SF,1821692,M. Alonso Guadaño,SF,3.9,236.0,7.0,7.0,0.0,71.2,71.2,0.0
2480309,26,981356,BOSONIT UNIBASKET,AWAY,2819119,T. Sedláková,SF,2819121,H. Forster,SF,1626810,C. Aldecoa Rodriguez,SF,2735759,L. Van Schaik,SF,2151019,N. Padrosa Mons,SF,0.6,36.0,2.0,0.0,2.0,133.3,0.0,133.3
2480309,26,981356,BOSONIT UNIBASKET,AWAY,2819119,T. Sedláková,SF,2819121,H. Forster,SF,1678734,M. Llorente Ruiz,SF,2561556,C. Sañudo Trillo,SF,1821692,M. Alonso Guadaño,SF,1.0,58.0,2.0,0.0,2.0,82.8,0.0,82.8
2480309,26,981356,BOSONIT UNIBASKET,AWAY,2819119,T. Sedláková,SF,2819121,H. Forster,SF,1678734,M. Llorente Ruiz,SF,2735759,L. Van Schaik,SF,1821692,M. Alonso Guadaño,SF,1.3,78.0,2.0,3.0,-1.0,61.5,92.3,-30.8
2480309,26,981356,BOSONIT UNIBASKET,AWAY,2819119,T. Sedláková,SF,2819121,H. Forster,SF,2735759,L. Van Schaik,SF,2151019,N. Padrosa Mons,SF,1821692,M. Alonso Guadaño,SF,1.1,63.0,2.0,1.0,1.0,76.2,38.1,38.1
2480309,26,981356,BOSONIT UNIBASKET,AWAY,2819121,H. Forster,SF,1678734,M. Llorente Ruiz,SF,1778980,I. Losada Gonzalez-Babe,SF,2561556,C. Sañudo Trillo,SF,1821692,M. Alonso Guadaño,SF,0.8,49.0,0.0,3.0,-3.0,0.0,146.9,-146.9
2480309,26,981356,BOSONIT UNIBASKET,AWAY,2819121,H. Forster,SF,1678734,M. Llorente Ruiz,SF,1778980,I. Losada Gonzalez-Babe,SF,2735759,L. Van Schaik,SF,1821692,M. Alonso Guadaño,SF,1.8,109.0,2.0,2.0,0.0,44.0,44.0,0.0
2480309,26,981356,BOSONIT UNIBASKET,AWAY,2819121,H. Forster,SF,1678734,M. Llorente Ruiz,SF,2561556,C. Sañudo Trillo,SF,1821692,M. Alonso Guadaño,SF,1834784,E. Florez Pascual,SF,2.0,116.0,4.0,1.0,3.0,82.8,20.7,62.1
2480310,26,979770,MELILLA CIUDAD DEL DEPORTE LA SALLE,HOME,1756623,A. Hernangomez Geuer,SF,1454479,A. Senosiain Vergarachea,SF,2814864,R. Monteiro Da Silva,SF,1587316,C. Caceres Ayala,SF,1715165,M. Torreblanca Ginel,SF,0.7,37.0,0.0,3.0,-3.0,0.0,194.6,-194.6
2480310,26,979770,MELILLA CIUDAD DEL DEPORTE LA SALLE,HOME,1756623,A. Hernangomez Geuer,SF,2104399,C. Garcia Muñoz,SF,1454479,A. Senosiain Vergarachea,SF,1587316,C. Caceres Ayala,SF,1715165,M. Torreblanca Ginel,SF,1.4,81.0,2.0,4.0,-2.0,59.3,118.5,-59.3
2480310,26,979770,MELILLA CIUDAD DEL DEPORTE LA SALLE,HOME,1756623,A. Hernangomez Geuer,SF,2104399,C. Garcia Muñoz,SF,1946976,L. Moya Blanch,SF,1454479,A. Senosiain Vergarachea,SF,1587316,C. Caceres Ayala,SF,0.7,43.0,0.0,2.0,-2.0,0.0,111.6,-111.6
2480310,26,979770,MELILLA CIUDAD DEL DEPORTE LA SALLE,HOME,2104399,C. Garcia Muñoz,SF,1713801,C. Torrubia Cano,SF,1946976,L. Moya Blanch,SF,1454479,A. Senosiain Vergarachea,SF,1587316,C. Caceres Ayala,SF,2.1,125.0,5.0,3.0,2.0,96.0,57.6,38.4
2480310,26,979770,MELILLA CIUDAD DEL DEPORTE LA SALLE,HOME,2104399,C. Garcia Muñoz,SF,1756623,A. Hernangomez Geuer,SF,1454479,A. Senosiain Vergarachea,SF,2814864,R. Monteiro Da Silva,SF,1715165,M. Torreblanca Ginel,SF,1.8,106.0,5.0,2.0,3.0,113.2,45.3,67.9
2480310,26,979770,MELILLA CIUDAD DEL DEPORTE LA SALLE,HOME,2104399,C. Garcia Muñoz,SF,1756623,A. Hernangomez Geuer,SF,1946976,L. Moya Blanch,SF,1454479,A. Senosiain Vergarachea,SF,1587316,C. Caceres Ayala,SF,2.1,131.0,0.0,5.0,-5.0,0.0,91.6,-91.6
2480310,26,979770,MELILLA CIUDAD DEL DEPORTE LA SALLE,HOME,2104399,C. Garcia Muñoz,SF,1946976,L. Moya Blanch,SF,1454479,A. Senosiain Vergarachea,SF,1587316,C. Caceres Ayala,SF,1715165,M. Torreblanca Ginel,SF,1.6,100.0,2.0,0.0,2.0,48.0,0.0,48.0
2480310,26,979770,MELILLA CIUDAD DEL DEPORTE LA SALLE,HOME,2104399,C. Garcia Muñoz,SF,1946976,L. Moya Blanch,SF,1454479,A. Senosiain Vergarachea,SF,2814864,R. Monteiro Da Silva,SF,1587316,C. Caceres Ayala,SF,6.1,366.0,9.0,12.0,-3.0,59.0,78.7,-19.7
2480310,26,979770,MELILLA CIUDAD DEL DEPORTE LA SALLE,HOME,2432929,M. Davydova,SF,1756623,A. Hernangomez Geuer,SF,1454479,A. Senosiain Vergarachea,SF,1587316,C. Caceres Ayala,SF,1829640,A. Sanchez Davila,SF,1.2,72.0,0.0,2.0,-2.0,0.0,66.7,-66.7
2480310,26,979770,MELILLA CIUDAD DEL DEPORTE LA SALLE,HOME,2432929,M. Davydova,SF,1756623,A. Hernangomez Geuer,SF,1454479,A. Senosiain Vergarachea,SF,2814864,R. Monteiro Da Silva,SF,1587316,C. Caceres Ayala,SF,6.4,386.0,3.0,10.0,-7.0,18.7,62.2,-43.5
2480310,26,979770,MELILLA CIUDAD DEL DEPORTE LA SALLE,HOME,2432929,M. Davydova,SF,1756623,A. Hernangomez Geuer,SF,1454479,A. Senosiain Vergarachea,SF,2814864,R. Monteiro Da Silva,SF,1715165,M. Torreblanca Ginel,SF,10.1,611.0,20.0,16.0,4.0,78.6,62.8,15.7
2480310,26,979770,MELILLA CIUDAD DEL DEPORTE LA SALLE,HOME,2432929,M. Davydova,SF,1756623,A. Hernangomez Geuer,SF,1454479,A. Senosiain Vergarachea,SF,2814864,R. Monteiro Da Silva,SF,1829640,A. Sanchez Davila,SF,3.7,221.0,10.0,6.0,4.0,108.6,65.2,43.4
2480310,26,979770,MELILLA CIUDAD DEL DEPORTE LA SALLE,HOME,2432929,M. Davydova,SF,1946976,L. Moya Blanch,SF,1454479,A. Senosiain Vergarachea,SF,1587316,C. Caceres Ayala,SF,1715165,M. Torreblanca Ginel,SF,1.4,84.0,2.0,2.0,0.0,57.1,57.1,0.0
2480310,26,979770,MELILLA CIUDAD DEL DEPORTE LA SALLE,HOME,2432929,M. Davydova,SF,1946976,L. Moya Blanch,SF,1454479,A. Senosiain Vergarachea,SF,2814864,R. Monteiro Da Silva,SF,1587316,C. Caceres Ayala,SF,0.4,24.0,1.0,0.0,1.0,100.0,0.0,100.0
2480310,26,979770,MELILLA CIUDAD DEL DEPORTE LA SALLE,HOME,2432929,M. Davydova,SF,1946976,L. Moya Blanch,SF,1454479,A. Senosiain Vergarachea,SF,2814864,R. Monteiro Da Silva,SF,1715165,M. Torreblanca Ginel,SF,0.2,13.0,0.0,0.0,0.0,0.0,0.0,0.0
2480310,26,981334,UNICAJA MIJAS,AWAY,1317227,C. Garcia Paunero,SF,1884837,M. Roters Dubinina,SF,1723860,S. Galeron Alvarez,SF,2012623,S. Lo Sylla,SF,1949233,A. Orois Aznarez,SF,1.7,100.0,4.0,2.0,2.0,96.0,48.0,48.0
2480310,26,981334,UNICAJA MIJAS,AWAY,1884837,M. Roters Dubinina,SF,1723860,S. Galeron Alvarez,SF,2012623,S. Lo Sylla,SF,1949233,A. Orois Aznarez,SF,2643500,C. Capellan Santana,SF,1.5,91.0,0.0,0.0,0.0,0.0,0.0,0.0
2480310,26,981334,UNICAJA MIJAS,AWAY,2096249,T. Eke Benitez,SF,1317227,C. Garcia Paunero,SF,1884837,M. Roters Dubinina,SF,1723860,S. Galeron Alvarez,SF,1949233,A. Orois Aznarez,SF,0.1,5.0,0.0,0.0,0.0,0.0,0.0,0.0
2480310,26,981334,UNICAJA MIJAS,AWAY,2096249,T. Eke Benitez,SF,1317227,C. Garcia Paunero,SF,1884837,M. Roters Dubinina,SF,1723860,S. Galeron Alvarez,SF,2012623,S. Lo Sylla,SF,1.1,67.0,2.0,5.0,-3.0,71.6,179.1,-107.5
2480310,26,981334,UNICAJA MIJAS,AWAY,2096249,T. Eke Benitez,SF,1884837,M. Roters Dubinina,SF,1723860,S. Galeron Alvarez,SF,1949233,A. Orois Aznarez,SF,2643500,C. Capellan Santana,SF,1.1,67.0,4.0,0.0,4.0,143.3,0.0,143.3
2480310,26,981334,UNICAJA MIJAS,AWAY,2096249,T. Eke Benitez,SF,2415743,L. Calleja Barberan,SF,1317227,C. Garcia Paunero,SF,1884837,M. Roters Dubinina,SF,1723860,S. Galeron Alvarez,SF,1.1,65.0,0.0,4.0,-4.0,0.0,147.7,-147.7
2480310,26,981334,UNICAJA MIJAS,AWAY,2096249,T. Eke Benitez,SF,2415743,L. Calleja Barberan,SF,1884837,M. Roters Dubinina,SF,1723860,S. Galeron Alvarez,SF,1949233,A. Orois Aznarez,SF,2.1,126.0,3.0,3.0,0.0,57.1,57.1,0.0
2480310,26,981334,UNICAJA MIJAS,AWAY,2096249,T. Eke Benitez,SF,2646984,L. Rivers,SF,1317227,C. Garcia Paunero,SF,1884837,M. Roters Dubinina,SF,1723860,S. Galeron Alvarez,SF,4.2,255.0,7.0,4.0,3.0,65.9,37.6,28.2
2480310,26,981334,UNICAJA MIJAS,AWAY,2096249,T. Eke Benitez,SF,2646984,L. Rivers,SF,1317227,C. Garcia Paunero,SF,1884837,M. Roters Dubinina,SF,1949233,A. Orois Aznarez,SF,9.4,562.0,15.0,22.0,-7.0,64.1,94.0,-29.9
2480310,26,981334,UNICAJA MIJAS,AWAY,2096249,T. Eke Benitez,SF,2646984,L. Rivers,SF,1884837,M. Roters Dubinina,SF,1723860,S. Galeron Alvarez,SF,1949233,A. Orois Aznarez,SF,1.0,58.0,0.0,0.0,0.0,0.0,0.0,0.0
2480310,26,981334,UNICAJA MIJAS,AWAY,2646984,L. Rivers,SF,1317227,C. Garcia Paunero,SF,1884837,M. Roters Dubinina,SF,1723860,S. Galeron Alvarez,SF,2012623,S. Lo Sylla,SF,10.2,621.0,16.0,13.0,3.0,61.8,50.2,11.6
2480310,26,981334,UNICAJA MIJAS,AWAY,2646984,L. Rivers,SF,1884837,M. Roters Dubinina,SF,1723860,S. Galeron Alvarez,SF,2012623,S. Lo Sylla,SF,1949233,A. Orois Aznarez,SF,4.4,266.0,12.0,1.0,11.0,108.3,9.0,99.2
2480310,26,981334,UNICAJA MIJAS,AWAY,2646984,L. Rivers,SF,1884837,M. Roters Dubinina,SF,1723860,S. Galeron Alvarez,SF,2012623,S. Lo Sylla,SF,2643500,C. Capellan Santana,SF,1.8,107.0,3.0,5.0,-2.0,67.3,112.1,-44.9
2480310,26,981334,UNICAJA MIJAS,AWAY,2646984,L. Rivers,SF,2415743,L. Calleja Barberan,SF,1884837,M. Roters Dubinina,SF,1723860,S. Galeron Alvarez,SF,2012623,S. Lo Sylla,SF,0.2,10.0,1.0,0.0,1.0,240.0,0.0,240.0
2480311,26,981208,ALTER ENERSUN AL-QÁZERES EXTREMADURA,HOME,1860325,L. Fontela Cabaleiro,SF,1112483,L. Mendez Lamas,SF,1902336,N. Liste Alfonsin,SF,2432389,J. De Barros Filipe,SF,1889214,C. Prieto Pereda,SF,2.6,155.0,2.0,2.0,0.0,31.0,31.0,0.0
2480311,26,981208,ALTER ENERSUN AL-QÁZERES EXTREMADURA,HOME,1860325,L. Fontela Cabaleiro,SF,1112483,L. Mendez Lamas,SF,1902336,N. Liste Alfonsin,SF,2815234,I. Tavares Ramos,SF,1889214,C. Prieto Pereda,SF,0.9,53.0,0.0,0.0,0.0,0.0,0.0,0.0
2480311,26,981208,ALTER ENERSUN AL-QÁZERES EXTREMADURA,HOME,1860325,L. Fontela Cabaleiro,SF,2815153,V. Gauna,SF,1112483,L. Mendez Lamas,SF,1902336,N. Liste Alfonsin,SF,2432389,J. De Barros Filipe,SF,0.6,36.0,1.0,0.0,1.0,66.7,0.0,66.7
2480311,26,981208,ALTER ENERSUN AL-QÁZERES EXTREMADURA,HOME,1860325,L. Fontela Cabaleiro,SF,2815153,V. Gauna,SF,1902336,N. Liste Alfonsin,SF,2432389,J. De Barros Filipe,SF,2815234,I. Tavares Ramos,SF,1.4,84.0,6.0,1.0,5.0,171.4,28.6,142.9
2480311,26,981208,ALTER ENERSUN AL-QÁZERES EXTREMADURA,HOME,1860325,L. Fontela Cabaleiro,SF,2815153,V. Gauna,SF,1902336,N. Liste Alfonsin,SF,2815234,I. Tavares Ramos,SF,1889214,C. Prieto Pereda,SF,6.2,371.0,8.0,10.0,-2.0,51.8,64.7,-12.9
2480311,26,981208,ALTER ENERSUN AL-QÁZERES EXTREMADURA,HOME,1860325,L. Fontela Cabaleiro,SF,2815153,V. Gauna,SF,2432389,J. De Barros Filipe,SF,1902336,N. Liste Alfonsin,SF,2815234,I. Tavares Ramos,SF,8.6,519.0,8.0,11.0,-3.0,37.0,50.9,-13.9
2480311,26,981208,ALTER ENERSUN AL-QÁZERES EXTREMADURA,HOME,2056237,L. Salmeron Segu,SF,1112483,L. Mendez Lamas,SF,2432389,J. De Barros Filipe,SF,1902336,N. Liste Alfonsin,SF,2815234,I. Tavares Ramos,SF,6.5,393.0,12.0,7.0,5.0,73.3,42.7,30.5
2480311,26,981208,ALTER ENERSUN AL-QÁZERES EXTREMADURA,HOME,2056237,L. Salmeron Segu,SF,1860325,L. Fontela Cabaleiro,SF,1902336,N. Liste Alfonsin,SF,2432389,J. De Barros Filipe,SF,2815234,I. Tavares Ramos,SF,0.1,7.0,0.0,2.0,-2.0,0.0,685.7,-685.7
2480311,26,981208,ALTER ENERSUN AL-QÁZERES EXTREMADURA,HOME,2056237,L. Salmeron Segu,SF,1860325,L. Fontela Cabaleiro,SF,2432389,J. De Barros Filipe,SF,1902336,N. Liste Alfonsin,SF,1889214,C. Prieto Pereda,SF,2.1,129.0,5.0,5.0,0.0,93.0,93.0,0.0
2480311,26,981208,ALTER ENERSUN AL-QÁZERES EXTREMADURA,HOME,2056237,L. Salmeron Segu,SF,1860325,L. Fontela Cabaleiro,SF,2815153,V. Gauna,SF,1902336,N. Liste Alfonsin,SF,2432389,J. De Barros Filipe,SF,1.6,95.0,3.0,7.0,-4.0,75.8,176.8,-101.1
2480311,26,981208,ALTER ENERSUN AL-QÁZERES EXTREMADURA,HOME,2056237,L. Salmeron Segu,SF,1860325,L. Fontela Cabaleiro,SF,2815153,V. Gauna,SF,1902336,N. Liste Alfonsin,SF,2815234,I. Tavares Ramos,SF,1.6,95.0,2.0,3.0,-1.0,50.5,75.8,-25.3
2480311,26,981208,ALTER ENERSUN AL-QÁZERES EXTREMADURA,HOME,2056237,L. Salmeron Segu,SF,2432389,J. De Barros Filipe,SF,1112483,L. Mendez Lamas,SF,1902336,N. Liste Alfonsin,SF,1889214,C. Prieto Pereda,SF,1.6,93.0,4.0,0.0,4.0,103.2,0.0,103.2
2480311,26,981208,ALTER ENERSUN AL-QÁZERES EXTREMADURA,HOME,2056237,L. Salmeron Segu,SF,2432389,J. De Barros Filipe,SF,1112483,L. Mendez Lamas,SF,1902336,N. Liste Alfonsin,SF,2815234,I. Tavares Ramos,SF,0.7,44.0,0.0,3.0,-3.0,0.0,163.6,-163.6
2480311,26,981208,ALTER ENERSUN AL-QÁZERES EXTREMADURA,HOME,2056237,L. Salmeron Segu,SF,2815153,V. Gauna,SF,1112483,L. Mendez Lamas,SF,1902336,N. Liste Alfonsin,SF,2432389,J. De Barros Filipe,SF,1.0,59.0,0.0,3.0,-3.0,0.0,122.0,-122.0
2480311,26,981208,ALTER ENERSUN AL-QÁZERES EXTREMADURA,HOME,2056237,L. Salmeron Segu,SF,2815153,V. Gauna,SF,1902336,N. Liste Alfonsin,SF,2432389,J. De Barros Filipe,SF,2815234,I. Tavares Ramos,SF,0.4,23.0,2.0,0.0,2.0,208.7,0.0,208.7
2480311,26,981208,ALTER ENERSUN AL-QÁZERES EXTREMADURA,HOME,2056237,L. Salmeron Segu,SF,2815153,V. Gauna,SF,2432389,J. De Barros Filipe,SF,1112483,L. Mendez Lamas,SF,1902336,N. Liste Alfonsin,SF,3.3,198.0,7.0,8.0,-1.0,84.8,97.0,-12.1
2480311,26,981208,ALTER ENERSUN AL-QÁZERES EXTREMADURA,HOME,2815153,V. Gauna,SF,1112483,L. Mendez Lamas,SF,1902336,N. Liste Alfonsin,SF,2432389,J. De Barros Filipe,SF,2815234,I. Tavares Ramos,SF,0.8,46.0,0.0,0.0,0.0,0.0,0.0,0.0
2480311,26,981306,CAJASOL BALONCESTO SEVILLA FEMENINO,AWAY,2791616,L. Vorphal,SF,2004240,N. Sanchez Robayo,SF,2867807,F. Pouye,SF,1993036,I. Rios Rus,SF,1999405,N. Anitua Garcia,SF,31.6,1893.0,43.0,50.0,-7.0,54.5,63.4,-8.9
2480311,26,981306,CAJASOL BALONCESTO SEVILLA FEMENINO,AWAY,2791616,L. Vorphal,SF,2867807,F. Pouye,SF,1993036,I. Rios Rus,SF,1999405,N. Anitua Garcia,SF,2053354,F. Gassama Dansoko,SF,0.7,44.0,3.0,0.0,3.0,163.6,0.0,163.6
2480311,26,981306,CAJASOL BALONCESTO SEVILLA FEMENINO,AWAY,2791616,L. Vorphal,SF,2867807,F. Pouye,SF,1999405,N. Anitua Garcia,SF,2053354,F. Gassama Dansoko,SF,1695079,A. Vendrell Girbes,SF,3.3,198.0,8.0,7.0,1.0,97.0,84.8,12.1
2480311,26,981306,CAJASOL BALONCESTO SEVILLA FEMENINO,AWAY,2791616,L. Vorphal,SF,2867807,F. Pouye,SF,1999405,N. Anitua Garcia,SF,2053354,F. Gassama Dansoko,SF,1723585,A. Morales Sancho,SF,3.0,180.0,2.0,3.0,-1.0,26.7,40.0,-13.3
2480311,26,981306,CAJASOL BALONCESTO SEVILLA FEMENINO,AWAY,2791616,L. Vorphal,SF,2867807,F. Pouye,SF,1999405,N. Anitua Garcia,SF,2053354,F. Gassama Dansoko,SF,2848574,E. Elliott,SF,1.4,85.0,6.0,0.0,6.0,169.4,0.0,169.4
2480312,26,979919,RECOLETAS ZAMORA,HOME,1516234,A. Moyano Medina,SF,1942017,A. Martin Tejedor,SF,2110765,A. Perez Relancio,SF,2047146,M. Fernandez Muñoz,SF,1259670,B. Sanchez Marrufo,SF,2.0,121.0,6.0,3.0,3.0,119.0,59.5,59.5
2480312,26,979919,RECOLETAS ZAMORA,HOME,1516234,A. Moyano Medina,SF,1942017,A. Martin Tejedor,SF,2239381,D. Angel Villen,SF,2110765,A. Perez Relancio,SF,2047146,M. Fernandez Muñoz,SF,1.3,77.0,2.0,4.0,-2.0,62.3,124.7,-62.3
2480312,26,979919,RECOLETAS ZAMORA,HOME,1516234,A. Moyano Medina,SF,1942017,A. Martin Tejedor,SF,2239381,D. Angel Villen,SF,2734310,E. Resende Carregosa,SF,2110765,A. Perez Relancio,SF,2.4,145.0,5.0,7.0,-2.0,82.8,115.9,-33.1
2480312,26,979919,RECOLETAS ZAMORA,HOME,1516234,A. Moyano Medina,SF,1942017,A. Martin Tejedor,SF,2734310,E. Resende Carregosa,SF,2110765,A. Perez Relancio,SF,1259670,B. Sanchez Marrufo,SF,2.6,157.0,11.0,9.0,2.0,168.2,137.6,30.6
2480312,26,979919,RECOLETAS ZAMORA,HOME,1516234,A. Moyano Medina,SF,2432306,F. Niski Castelao,SF,1942017,A. Martin Tejedor,SF,2110765,A. Perez Relancio,SF,2047146,M. Fernandez Muñoz,SF,1.5,91.0,2.0,2.0,0.0,52.7,52.7,0.0
2480312,26,979919,RECOLETAS ZAMORA,HOME,1516234,A. Moyano Medina,SF,2432306,F. Niski Castelao,SF,1942017,A. Martin Tejedor,SF,2239381,D. Angel Villen,SF,2110765,A. Perez Relancio,SF,2.6,158.0,3.0,4.0,-1.0,45.6,60.8,-15.2
2480312,26,979919,RECOLETAS ZAMORA,HOME,1516234,A. Moyano Medina,SF,2432306,F. Niski Castelao,SF,1942017,A. Martin Tejedor,SF,2239381,D. Angel Villen,SF,2734310,E. Resende Carregosa,SF,7.9,470.0,11.0,13.0,-2.0,56.2,66.4,-10.2
2480312,26,979919,RECOLETAS ZAMORA,HOME,1516234,A. Moyano Medina,SF,2432306,F. Niski Castelao,SF,1942017,A. Martin Tejedor,SF,2734310,E. Resende Carregosa,SF,2110765,A. Perez Relancio,SF,4.3,264.0,9.0,5.0,4.0,81.8,45.5,36.4
2480312,26,979919,RECOLETAS ZAMORA,HOME,1516234,A. Moyano Medina,SF,2817152,F. Filor,SF,1942017,A. Martin Tejedor,SF,2239381,D. Angel Villen,SF,2734310,E. Resende Carregosa,SF,0.9,56.0,0.0,4.0,-4.0,0.0,171.4,-171.4
2480312,26,979919,RECOLETAS ZAMORA,HOME,1516234,A. Moyano Medina,SF,2817152,F. Filor,SF,2432306,F. Niski Castelao,SF,1942017,A. Martin Tejedor,SF,2239381,D. Angel Villen,SF,1.9,113.0,1.0,6.0,-5.0,21.2,127.4,-106.2
2480312,26,979919,RECOLETAS ZAMORA,HOME,2432306,F. Niski Castelao,SF,1942017,A. Martin Tejedor,SF,2734310,E. Resende Carregosa,SF,2110765,A. Perez Relancio,SF,1259670,B. Sanchez Marrufo,SF,5.7,344.0,13.0,10.0,3.0,90.7,69.8,20.9
2480312,26,979919,RECOLETAS ZAMORA,HOME,2817152,F. Filor,SF,1516234,A. Moyano Medina,SF,1942017,A. Martin Tejedor,SF,2239381,D. Angel Villen,SF,2047146,M. Fernandez Muñoz,SF,3.4,207.0,0.0,10.0,-10.0,0.0,115.9,-115.9
2480312,26,979919,RECOLETAS ZAMORA,HOME,2817152,F. Filor,SF,1516234,A. Moyano Medina,SF,2432306,F. Niski Castelao,SF,1942017,A. Martin Tejedor,SF,2110765,A. Perez Relancio,SF,2.5,148.0,5.0,7.0,-2.0,81.1,113.5,-32.4
2480312,26,979919,RECOLETAS ZAMORA,HOME,2817152,F. Filor,SF,2432306,F. Niski Castelao,SF,1942017,A. Martin Tejedor,SF,2110765,A. Perez Relancio,SF,2047146,M. Fernandez Muñoz,SF,0.8,49.0,0.0,0.0,0.0,0.0,0.0,0.0
2480312,26,981213,AZULMARINO MALLORCA PALMA,AWAY,2791252,A. Bulgak,SF,2793759,J. Asinde,SF,2815892,A. Siciliano,SF,975683,A. Torrens Salom,SF,1083354,M. España Almendro,SF,31.9,1921.0,70.0,55.0,15.0,87.5,68.7,18.7
2480312,26,981213,AZULMARINO MALLORCA PALMA,AWAY,2791252,A. Bulgak,SF,2793759,J. Asinde,SF,975683,A. Torrens Salom,SF,1083354,M. España Almendro,SF,1865395,M. Garcia Mateo,SF,2.2,135.0,4.0,0.0,4.0,71.1,0.0,71.1
2480312,26,981213,AZULMARINO MALLORCA PALMA,AWAY,2791252,A. Bulgak,SF,975683,A. Torrens Salom,SF,1865395,M. Garcia Mateo,SF,1527601,I. Junio Mbulito,SF,2074390,M. Aviñoa Canals,SF,5.7,344.0,10.0,13.0,-3.0,69.8,90.7,-20.9
2480313,27,979919,RECOLETAS ZAMORA,AWAY,1828742,I. Gimenez Monserrat,,1942017,A. Martin Tejedor,,1516234,A. Moyano Medina,,2110765,A. Perez Relancio,,2734310,E. Resende Carregosa,,1.2999999999999998,76.0,3.0,2.0,1.0,94.7,63.2,31.6
2480313,27,979919,RECOLETAS ZAMORA,AWAY,1828742,I. Gimenez Monserrat,,2239381,D. Angel Villen,,1942017,A. Martin Tejedor,,1516234,A. Moyano Medina,,1259670,B. Sanchez Marrufo,,0.1,5.0,0.0,1.0,-1.0,0.0,480.0,-480.0
2480313,27,979919,RECOLETAS ZAMORA,AWAY,1828742,I. Gimenez Monserrat,,2432306,F. Niski Castelao,,1942017,A. Martin Tejedor,,1516234,A. Moyano Medina,,2110765,A. Perez Relancio,,2.5,153.0,0.0,11.0,-11.0,0.0,172.5,-172.5
2480313,27,979919,RECOLETAS ZAMORA,AWAY,1828742,I. Gimenez Monserrat,,2432306,F. Niski Castelao,,1942017,A. Martin Tejedor,,1516234,A. Moyano Medina,,2817152,F. Filor,,2.5,147.0,8.0,4.0,4.0,130.6,65.3,65.3
2480313,27,979919,RECOLETAS ZAMORA,AWAY,1828742,I. Gimenez Monserrat,,2432306,F. Niski Castelao,,2239381,D. Angel Villen,,1942017,A. Martin Tejedor,,1516234,A. Moyano Medina,,2.5,147.0,0.0,5.0,-5.0,0.0,81.6,-81.6
2480313,27,979919,RECOLETAS ZAMORA,AWAY,1828742,I. Gimenez Monserrat,,2432306,F. Niski Castelao,,2239381,D. Angel Villen,,2817152,F. Filor,,2734310,E. Resende Carregosa,,1.9,117.0,5.0,6.0,-1.0,102.6,123.1,-20.5
2480313,27,979919,RECOLETAS ZAMORA,AWAY,1828742,I. Gimenez Monserrat,,2432306,F. Niski Castelao,,2817152,F. Filor,,2110765,A. Perez Relancio,,2734310,E. Resende Carregosa,,3.6,217.0,2.0,2.0,0.0,22.1,22.1,0.0
2480313,27,979919,RECOLETAS ZAMORA,AWAY,1942017,A. Martin Tejedor,,1516234,A. Moyano Medina,,2110765,A. Perez Relancio,,1259670,B. Sanchez Marrufo,,2047146,M. Fernandez Muñoz,,2.1,127.0,4.0,0.0,4.0,75.6,0.0,75.6
2480313,27,979919,RECOLETAS ZAMORA,AWAY,1942017,A. Martin Tejedor,,1516234,A. Moyano Medina,,2817152,F. Filor,,2110765,A. Perez Relancio,,2734310,E. Resende Carregosa,,2.1,127.0,0.0,2.0,-2.0,0.0,37.8,-37.8
2480313,27,979919,RECOLETAS ZAMORA,AWAY,2239381,D. Angel Villen,,1942017,A. Martin Tejedor,,1516234,A. Moyano Medina,,1259670,B. Sanchez Marrufo,,2047146,M. Fernandez Muñoz,,2.1,128.0,4.0,2.0,2.0,75.0,37.5,37.5
2480313,27,979919,RECOLETAS ZAMORA,AWAY,2239381,D. Angel Villen,,1942017,A. Martin Tejedor,,1516234,A. Moyano Medina,,2110765,A. Perez Relancio,,1259670,B. Sanchez Marrufo,,3.4,209.0,2.0,5.0,-3.0,23.0,57.4,-34.4
2480313,27,979919,RECOLETAS ZAMORA,AWAY,2239381,D. Angel Villen,,1942017,A. Martin Tejedor,,1516234,A. Moyano Medina,,2110765,A. Perez Relancio,,2734310,E. Resende Carregosa,,0.9,53.0,0.0,3.0,-3.0,0.0,135.8,-135.8
2480313,27,979919,RECOLETAS ZAMORA,AWAY,2239381,D. Angel Villen,,1942017,A. Martin Tejedor,,1516234,A. Moyano Medina,,2734310,E. Resende Carregosa,,1259670,B. Sanchez Marrufo,,1.2000000000000002,76.0,3.0,3.0,0.0,94.7,94.7,0.0
2480313,27,979919,RECOLETAS ZAMORA,AWAY,2432306,F. Niski Castelao,,1942017,A. Martin Tejedor,,1516234,A. Moyano Medina,,2110765,A. Perez Relancio,,1259670,B. Sanchez Marrufo,,0.9,57.0,3.0,4.0,-1.0,126.3,168.4,-42.1
2480313,27,979919,RECOLETAS ZAMORA,AWAY,2432306,F. Niski Castelao,,1942017,A. Martin Tejedor,,1516234,A. Moyano Medina,,2110765,A. Perez Relancio,,2734310,E. Resende Carregosa,,3.3,199.0,10.0,4.0,6.0,120.6,48.2,72.4
2480313,27,979919,RECOLETAS ZAMORA,AWAY,2432306,F. Niski Castelao,,1942017,A. Martin Tejedor,,1516234,A. Moyano Medina,,2817152,F. Filor,,2110765,A. Perez Relancio,,1.9,112.0,0.0,7.0,-7.0,0.0,150.0,-150.0
2480313,27,979919,RECOLETAS ZAMORA,AWAY,2432306,F. Niski Castelao,,2239381,D. Angel Villen,,1942017,A. Martin Tejedor,,1516234,A. Moyano Medina,,1259670,B. Sanchez Marrufo,,2.3,133.0,4.0,3.0,1.0,72.2,54.1,18.0
2480313,27,979919,RECOLETAS ZAMORA,AWAY,2432306,F. Niski Castelao,,2239381,D. Angel Villen,,1942017,A. Martin Tejedor,,1516234,A. Moyano Medina,,2734310,E. Resende Carregosa,,3.3000000000000003,201.0,10.0,0.0,10.0,119.4,0.0,119.4
2480313,27,979919,RECOLETAS ZAMORA,AWAY,2432306,F. Niski Castelao,,2239381,D. Angel Villen,,1942017,A. Martin Tejedor,,1516234,A. Moyano Medina,,2817152,F. Filor,,1.9,116.0,1.0,0.0,1.0,20.7,0.0,20.7
2480313,27,981206,MCR LIMA-HORTA BARCELONA,HOME,1494221,L. Soler Madariaga,,1908281,M. Aguado Tortella,,1959765,J. Rueda Choni,,1958425,L. Roig I Salrach,,1912814,N. Barrientos Pereira,,0.7,41.0,1.0,0.0,1.0,58.5,0.0,58.5
2480313,27,981206,MCR LIMA-HORTA BARCELONA,HOME,1494221,L. Soler Madariaga,,1908281,M. Aguado Tortella,,2049841,E. Trawally Porta,,1958425,L. Roig I Salrach,,2042157,C. Ripoll Moya,,1.4000000000000001,81.0,3.0,0.0,3.0,88.9,0.0,88.9
2480313,27,981206,MCR LIMA-HORTA BARCELONA,HOME,1494221,L. Soler Madariaga,,1908281,M. Aguado Tortella,,2235190,E. Morales López,,1958425,L. Roig I Salrach,,1912814,N. Barrientos Pereira,,3.0,186.0,6.0,6.0,0.0,77.4,77.4,0.0
2480313,27,981206,MCR LIMA-HORTA BARCELONA,HOME,1494221,L. Soler Madariaga,,1908281,M. Aguado Tortella,,2235190,E. Morales López,,1959765,J. Rueda Choni,,1912814,N. Barrientos Pereira,,0.1,8.0,2.0,0.0,2.0,600.0,0.0,600.0
2480313,27,981206,MCR LIMA-HORTA BARCELONA,HOME,1494221,L. Soler Madariaga,,1908281,M. Aguado Tortella,,2235190,E. Morales López,,1959765,J. Rueda Choni,,1958425,L. Roig I Salrach,,1.7,107.0,4.0,3.0,1.0,89.7,67.3,22.4
2480313,27,981206,MCR LIMA-HORTA BARCELONA,HOME,1494221,L. Soler Madariaga,,1908281,M. Aguado Tortella,,2235190,E. Morales López,,1959765,J. Rueda Choni,,2042157,C. Ripoll Moya,,2.5,147.0,4.0,8.0,-4.0,65.3,130.6,-65.3
2480313,27,981206,MCR LIMA-HORTA BARCELONA,HOME,1494221,L. Soler Madariaga,,1959765,J. Rueda Choni,,2049841,E. Trawally Porta,,1958425,L. Roig I Salrach,,2042157,C. Ripoll Moya,,0.6,37.0,2.0,0.0,2.0,129.7,0.0,129.7
2480313,27,981206,MCR LIMA-HORTA BARCELONA,HOME,1494221,L. Soler Madariaga,,2235190,E. Morales López,,1908281,M. Aguado Tortella,,1959765,J. Rueda Choni,,1958425,L. Roig I Salrach,,4.0,244.0,0.0,3.0,-3.0,0.0,29.5,-29.5
2480313,27,981206,MCR LIMA-HORTA BARCELONA,HOME,1494221,L. Soler Madariaga,,2235190,E. Morales López,,1959765,J. Rueda Choni,,1958425,L. Roig I Salrach,,1912814,N. Barrientos Pereira,,1.5,93.0,7.0,1.0,6.0,180.6,25.8,154.8
2480313,27,981206,MCR LIMA-HORTA BARCELONA,HOME,1886093,E. Escuder Gonzalez,,1494221,L. Soler Madariaga,,1908281,M. Aguado Tortella,,1959765,J. Rueda Choni,,2049841,E. Trawally Porta,,1.7,100.0,3.0,4.0,-1.0,72.0,96.0,-24.0
2480313,27,981206,MCR LIMA-HORTA BARCELONA,HOME,1886093,E. Escuder Gonzalez,,1494221,L. Soler Madariaga,,1908281,M. Aguado Tortella,,2049841,E. Trawally Porta,,1958425,L. Roig I Salrach,,1.2,71.0,3.0,0.0,3.0,101.4,0.0,101.4
2480313,27,981206,MCR LIMA-HORTA BARCELONA,HOME,1886093,E. Escuder Gonzalez,,1494221,L. Soler Madariaga,,2049841,E. Trawally Porta,,1958425,L. Roig I Salrach,,1912814,N. Barrientos Pereira,,1.0,62.0,0.0,4.0,-4.0,0.0,154.8,-154.8
2480313,27,981206,MCR LIMA-HORTA BARCELONA,HOME,1886093,E. Escuder Gonzalez,,1494221,L. Soler Madariaga,,2235190,E. Morales López,,1908281,M. Aguado Tortella,,1959765,J. Rueda Choni,,0.6,33.0,0.0,0.0,0.0,0.0,0.0,0.0
2480313,27,981206,MCR LIMA-HORTA BARCELONA,HOME,1886093,E. Escuder Gonzalez,,1494221,L. Soler Madariaga,,2235190,E. Morales López,,1958425,L. Roig I Salrach,,1912814,N. Barrientos Pereira,,3.0,181.0,2.0,3.0,-1.0,26.5,39.8,-13.3
2480313,27,981206,MCR LIMA-HORTA BARCELONA,HOME,1908281,M. Aguado Tortella,,2235190,E. Morales López,,1959765,J. Rueda Choni,,2049841,E. Trawally Porta,,2042157,C. Ripoll Moya,,7.7,468.0,12.0,7.0,5.0,61.5,35.9,25.6
2480313,27,981206,MCR LIMA-HORTA BARCELONA,HOME,2235190,E. Morales López,,1908281,M. Aguado Tortella,,1959765,J. Rueda Choni,,2049841,E. Trawally Porta,,1958425,L. Roig I Salrach,,4.4,263.0,6.0,17.0,-11.0,54.8,155.1,-100.4
2480313,27,981206,MCR LIMA-HORTA BARCELONA,HOME,2235190,E. Morales López,,1959765,J. Rueda Choni,,2049841,E. Trawally Porta,,1958425,L. Roig I Salrach,,2042157,C. Ripoll Moya,,4.7,278.0,9.0,3.0,6.0,77.7,25.9,51.8
2480314,27,981208,ALTER ENERSUN AL-QÁZERES EXTREMADURA,AWAY,1860325,L. Fontela Cabaleiro,SF,1902336,N. Liste Alfonsin,SF,1112483,L. Mendez Lamas,SF,2044012,C. Suárez Fernández,SF,1889214,C. Prieto Pereda,SF,4.4,265.0,4.0,10.0,-6.0,36.2,90.6,-54.3
2480314,27,981208,ALTER ENERSUN AL-QÁZERES EXTREMADURA,AWAY,1860325,L. Fontela Cabaleiro,SF,2815153,V. Gauna,SF,1112483,L. Mendez Lamas,SF,1902336,N. Liste Alfonsin,SF,2432389,J. De Barros Filipe,SF,12.4,743.0,20.0,28.0,-8.0,64.6,90.4,-25.8
2480314,27,981208,ALTER ENERSUN AL-QÁZERES EXTREMADURA,AWAY,1860325,L. Fontela Cabaleiro,SF,2815153,V. Gauna,SF,1112483,L. Mendez Lamas,SF,1902336,N. Liste Alfonsin,SF,2815234,I. Tavares Ramos,SF,1.6,94.0,2.0,2.0,0.0,51.1,51.1,0.0
2480314,27,981208,ALTER ENERSUN AL-QÁZERES EXTREMADURA,AWAY,1860325,L. Fontela Cabaleiro,SF,2815153,V. Gauna,SF,2432389,J. De Barros Filipe,SF,1112483,L. Mendez Lamas,SF,1902336,N. Liste Alfonsin,SF,2.0,123.0,5.0,2.0,3.0,97.6,39.0,58.5
2480314,27,981208,ALTER ENERSUN AL-QÁZERES EXTREMADURA,AWAY,1860325,L. Fontela Cabaleiro,SF,2815153,V. Gauna,SF,2432389,J. De Barros Filipe,SF,1902336,N. Liste Alfonsin,SF,2815234,I. Tavares Ramos,SF,3.9,235.0,5.0,10.0,-5.0,51.1,102.1,-51.1
2480314,27,981208,ALTER ENERSUN AL-QÁZERES EXTREMADURA,AWAY,2056237,L. Salmeron Segu,SF,1112483,L. Mendez Lamas,SF,1902336,N. Liste Alfonsin,SF,2815234,I. Tavares Ramos,SF,2044012,C. Suárez Fernández,SF,2.9,173.0,4.0,8.0,-4.0,55.5,111.0,-55.5
2480314,27,981208,ALTER ENERSUN AL-QÁZERES EXTREMADURA,AWAY,2056237,L. Salmeron Segu,SF,1860325,L. Fontela Cabaleiro,SF,1112483,L. Mendez Lamas,SF,1902336,N. Liste Alfonsin,SF,2815234,I. Tavares Ramos,SF,0.8,47.0,0.0,0.0,0.0,0.0,0.0,0.0
2480314,27,981208,ALTER ENERSUN AL-QÁZERES EXTREMADURA,AWAY,2056237,L. Salmeron Segu,SF,1860325,L. Fontela Cabaleiro,SF,1902336,N. Liste Alfonsin,SF,2432389,J. De Barros Filipe,SF,2815234,I. Tavares Ramos,SF,1.1,69.0,3.0,2.0,1.0,104.3,69.6,34.8
2480314,27,981208,ALTER ENERSUN AL-QÁZERES EXTREMADURA,AWAY,2056237,L. Salmeron Segu,SF,1860325,L. Fontela Cabaleiro,SF,2815153,V. Gauna,SF,1112483,L. Mendez Lamas,SF,1902336,N. Liste Alfonsin,SF,0.7,40.0,0.0,3.0,-3.0,0.0,180.0,-180.0
2480314,27,981208,ALTER ENERSUN AL-QÁZERES EXTREMADURA,AWAY,2056237,L. Salmeron Segu,SF,1860325,L. Fontela Cabaleiro,SF,2815153,V. Gauna,SF,1902336,N. Liste Alfonsin,SF,1889214,C. Prieto Pereda,SF,1.7,102.0,0.0,7.0,-7.0,0.0,164.7,-164.7
2480314,27,981208,ALTER ENERSUN AL-QÁZERES EXTREMADURA,AWAY,2056237,L. Salmeron Segu,SF,1860325,L. Fontela Cabaleiro,SF,2815153,V. Gauna,SF,1902336,N. Liste Alfonsin,SF,2432389,J. De Barros Filipe,SF,1.2,74.0,3.0,8.0,-5.0,97.3,259.5,-162.2
2480314,27,981208,ALTER ENERSUN AL-QÁZERES EXTREMADURA,AWAY,2056237,L. Salmeron Segu,SF,1902336,N. Liste Alfonsin,SF,2432389,J. De Barros Filipe,SF,2044012,C. Suárez Fernández,SF,1889214,C. Prieto Pereda,SF,2.9,174.0,2.0,10.0,-8.0,27.6,137.9,-110.3
2480314,27,981208,ALTER ENERSUN AL-QÁZERES EXTREMADURA,AWAY,2056237,L. Salmeron Segu,SF,2815153,V. Gauna,SF,1112483,L. Mendez Lamas,SF,1902336,N. Liste Alfonsin,SF,2432389,J. De Barros Filipe,SF,3.3,196.0,6.0,6.0,0.0,73.5,73.5,0.0
2480314,27,981208,ALTER ENERSUN AL-QÁZERES EXTREMADURA,AWAY,2056237,L. Salmeron Segu,SF,2815153,V. Gauna,SF,1112483,L. Mendez Lamas,SF,1902336,N. Liste Alfonsin,SF,2815234,I. Tavares Ramos,SF,0.1,6.0,2.0,0.0,2.0,800.0,0.0,800.0
2480314,27,981208,ALTER ENERSUN AL-QÁZERES EXTREMADURA,AWAY,2056237,L. Salmeron Segu,SF,2815153,V. Gauna,SF,1902336,N. Liste Alfonsin,SF,2044012,C. Suárez Fernández,SF,1889214,C. Prieto Pereda,SF,1.0,59.0,0.0,2.0,-2.0,0.0,81.4,-81.4
2480314,27,981213,AZULMARINO MALLORCA PALMA,HOME,2791252,A. Bulgak,SF,2793759,J. Asinde,SF,2815892,A. Siciliano,SF,975683,A. Torrens Salom,SF,1083354,M. España Almendro,SF,26.9,1615.0,74.0,37.0,37.0,110.0,55.0,55.0
2480314,27,981213,AZULMARINO MALLORCA PALMA,HOME,2791252,A. Bulgak,SF,2793759,J. Asinde,SF,975683,A. Torrens Salom,SF,1083354,M. España Almendro,SF,1865395,M. Garcia Mateo,SF,5.6,333.0,10.0,7.0,3.0,72.1,50.5,21.6
2480314,27,981213,AZULMARINO MALLORCA PALMA,HOME,2791252,A. Bulgak,SF,2793759,J. Asinde,SF,975683,A. Torrens Salom,SF,1865395,M. Garcia Mateo,SF,1434977,C. Grande Pardo,SF,1.6,94.0,2.0,2.0,0.0,51.1,51.1,0.0
2480314,27,981213,AZULMARINO MALLORCA PALMA,HOME,2791252,A. Bulgak,SF,975683,A. Torrens Salom,SF,1865395,M. Garcia Mateo,SF,1434977,C. Grande Pardo,SF,1527601,I. Junio Mbulito,SF,5.9,358.0,12.0,10.0,2.0,80.4,67.0,13.4
2480315,27,979770,MELILLA CIUDAD DEL DEPORTE LA SALLE,AWAY,1756623,A. Hernangomez Geuer,SF,1454479,A. Senosiain Vergarachea,SF,2814864,R. Monteiro Da Silva,SF,1587316,C. Caceres Ayala,SF,1715165,M. Torreblanca Ginel,SF,2.5,149.0,0.0,0.0,0.0,0.0,0.0,0.0
2480315,27,979770,MELILLA CIUDAD DEL DEPORTE LA SALLE,AWAY,1756623,A. Hernangomez Geuer,SF,1946976,L. Moya Blanch,SF,1454479,A. Senosiain Vergarachea,SF,1587316,C. Caceres Ayala,SF,1715165,M. Torreblanca Ginel,SF,2.3,138.0,4.0,4.0,0.0,69.6,69.6,0.0
2480315,27,979770,MELILLA CIUDAD DEL DEPORTE LA SALLE,AWAY,1756623,A. Hernangomez Geuer,SF,1946976,L. Moya Blanch,SF,1454479,A. Senosiain Vergarachea,SF,2814864,R. Monteiro Da Silva,SF,1587316,C. Caceres Ayala,SF,2.9,175.0,6.0,2.0,4.0,82.3,27.4,54.9
2480315,27,979770,MELILLA CIUDAD DEL DEPORTE LA SALLE,AWAY,1756623,A. Hernangomez Geuer,SF,1946976,L. Moya Blanch,SF,1454479,A. Senosiain Vergarachea,SF,2814864,R. Monteiro Da Silva,SF,1715165,M. Torreblanca Ginel,SF,1.3,76.0,2.0,2.0,0.0,63.2,63.2,0.0
2480315,27,979770,MELILLA CIUDAD DEL DEPORTE LA SALLE,AWAY,2104399,C. Garcia Muñoz,SF,1946976,L. Moya Blanch,SF,1454479,A. Senosiain Vergarachea,SF,1587316,C. Caceres Ayala,SF,1715165,M. Torreblanca Ginel,SF,4.3,259.0,3.0,8.0,-5.0,27.8,74.1,-46.3
2480315,27,979770,MELILLA CIUDAD DEL DEPORTE LA SALLE,AWAY,2104399,C. Garcia Muñoz,SF,1946976,L. Moya Blanch,SF,1454479,A. Senosiain Vergarachea,SF,2814864,R. Monteiro Da Silva,SF,1587316,C. Caceres Ayala,SF,1.2,71.0,0.0,6.0,-6.0,0.0,202.8,-202.8
2480315,27,979770,MELILLA CIUDAD DEL DEPORTE LA SALLE,AWAY,2432929,M. Davydova,SF,1756623,A. Hernangomez Geuer,SF,1454479,A. Senosiain Vergarachea,SF,2814864,R. Monteiro Da Silva,SF,1587316,C. Caceres Ayala,SF,4.2,250.0,4.0,9.0,-5.0,38.4,86.4,-48.0
2480315,27,979770,MELILLA CIUDAD DEL DEPORTE LA SALLE,AWAY,2432929,M. Davydova,SF,1756623,A. Hernangomez Geuer,SF,1454479,A. Senosiain Vergarachea,SF,2814864,R. Monteiro Da Silva,SF,1715165,M. Torreblanca Ginel,SF,1.7,102.0,0.0,6.0,-6.0,0.0,141.2,-141.2
2480315,27,979770,MELILLA CIUDAD DEL DEPORTE LA SALLE,AWAY,2432929,M. Davydova,SF,1756623,A. Hernangomez Geuer,SF,1454479,A. Senosiain Vergarachea,SF,2814864,R. Monteiro Da Silva,SF,1829640,A. Sanchez Davila,SF,4.6,279.0,11.0,11.0,0.0,94.6,94.6,0.0
2480315,27,979770,MELILLA CIUDAD DEL DEPORTE LA SALLE,AWAY,2432929,M. Davydova,SF,1946976,L. Moya Blanch,SF,1454479,A. Senosiain Vergarachea,SF,2814864,R. Monteiro Da Silva,SF,1587316,C. Caceres Ayala,SF,4.6,277.0,12.0,9.0,3.0,104.0,78.0,26.0
2480315,27,979770,MELILLA CIUDAD DEL DEPORTE LA SALLE,AWAY,2432929,M. Davydova,SF,2104399,C. Garcia Muñoz,SF,1454479,A. Senosiain Vergarachea,SF,1715165,M. Torreblanca Ginel,SF,1829640,A. Sanchez Davila,SF,3.9,234.0,7.0,5.0,2.0,71.8,51.3,20.5
2480315,27,979770,MELILLA CIUDAD DEL DEPORTE LA SALLE,AWAY,2432929,M. Davydova,SF,2104399,C. Garcia Muñoz,SF,1454479,A. Senosiain Vergarachea,SF,2814864,R. Monteiro Da Silva,SF,1587316,C. Caceres Ayala,SF,2.1,130.0,2.0,5.0,-3.0,36.9,92.3,-55.4
2480315,27,979770,MELILLA CIUDAD DEL DEPORTE LA SALLE,AWAY,2432929,M. Davydova,SF,2104399,C. Garcia Muñoz,SF,1454479,A. Senosiain Vergarachea,SF,2814864,R. Monteiro Da Silva,SF,1715165,M. Torreblanca Ginel,SF,2.0,120.0,7.0,0.0,7.0,140.0,0.0,140.0
2480315,27,979770,MELILLA CIUDAD DEL DEPORTE LA SALLE,AWAY,2432929,M. Davydova,SF,2104399,C. Garcia Muñoz,SF,1946976,L. Moya Blanch,SF,1454479,A. Senosiain Vergarachea,SF,1715165,M. Torreblanca Ginel,SF,2.3,140.0,7.0,5.0,2.0,120.0,85.7,34.3
2480315,27,981306,CAJASOL BALONCESTO SEVILLA FEMENINO,HOME,1679391,M. Martinez Carranza,SF,2791616,L. Vorphal,SF,2004240,N. Sanchez Robayo,SF,2867807,F. Pouye,SF,1993036,I. Rios Rus,SF,30.7,1844.0,52.0,42.0,10.0,67.7,54.7,13.0
2480315,27,981306,CAJASOL BALONCESTO SEVILLA FEMENINO,HOME,2791616,L. Vorphal,SF,2867807,F. Pouye,SF,1993036,I. Rios Rus,SF,1999405,N. Anitua Garcia,SF,2848574,E. Elliott,SF,8.9,537.0,20.0,23.0,-3.0,89.4,102.8,-13.4
2480315,27,981306,CAJASOL BALONCESTO SEVILLA FEMENINO,HOME,2791616,L. Vorphal,SF,2867807,F. Pouye,SF,1999405,N. Anitua Garcia,SF,2848574,E. Elliott,SF,1723585,A. Morales Sancho,SF,0.3,19.0,0.0,0.0,0.0,0.0,0.0,0.0
2480316,27,981288,SERNOVA RENOVABLES REAL CANOE,AWAY,2021397,A. Esnal Aguirre,SF,1787143,C. Mato De Prada,SF,1242234,C. Rodriguez Nuñez,SF,2866005,E. Zemoura,SF,1859345,L. Fleta Robles,SF,5.4,322.0,7.0,12.0,-5.0,52.2,89.4,-37.3
2480316,27,981288,SERNOVA RENOVABLES REAL CANOE,AWAY,2034380,A. Lozano Davila,SF,2097038,P. De Mier Espina,SF,1787143,C. Mato De Prada,SF,2021397,A. Esnal Aguirre,SF,2866005,E. Zemoura,SF,1.3,81.0,0.0,0.0,0.0,0.0,0.0,0.0
2480316,27,981288,SERNOVA RENOVABLES REAL CANOE,AWAY,2034380,A. Lozano Davila,SF,2097038,P. De Mier Espina,SF,1787143,C. Mato De Prada,SF,2866005,E. Zemoura,SF,1859345,L. Fleta Robles,SF,1.2,74.0,2.0,5.0,-3.0,64.9,162.2,-97.3
2480316,27,981288,SERNOVA RENOVABLES REAL CANOE,AWAY,2034380,A. Lozano Davila,SF,2097038,P. De Mier Espina,SF,1927626,C. Flores Garcia,SF,1242234,C. Rodriguez Nuñez,SF,2818945,O. Santana Moldavsky,SF,3.0,181.0,2.0,5.0,-3.0,26.5,66.3,-39.8
2480316,27,981288,SERNOVA RENOVABLES REAL CANOE,AWAY,2034380,A. Lozano Davila,SF,2097038,P. De Mier Espina,SF,1927626,C. Flores Garcia,SF,2818945,O. Santana Moldavsky,SF,1859345,L. Fleta Robles,SF,3.4,204.0,12.0,11.0,1.0,141.2,129.4,11.8
2480316,27,981288,SERNOVA RENOVABLES REAL CANOE,AWAY,2034380,A. Lozano Davila,SF,2097038,P. De Mier Espina,SF,1927626,C. Flores Garcia,SF,2866005,E. Zemoura,SF,2818945,O. Santana Moldavsky,SF,1.3,74.0,2.0,0.0,2.0,64.9,0.0,64.9
2480316,27,981288,SERNOVA RENOVABLES REAL CANOE,AWAY,2034380,A. Lozano Davila,SF,2097038,P. De Mier Espina,SF,2866005,E. Zemoura,SF,2818945,O. Santana Moldavsky,SF,1859345,L. Fleta Robles,SF,2.1,125.0,0.0,6.0,-6.0,0.0,115.2,-115.2
2480316,27,981288,SERNOVA RENOVABLES REAL CANOE,AWAY,2097038,P. De Mier Espina,SF,1787143,C. Mato De Prada,SF,2021397,A. Esnal Aguirre,SF,1242234,C. Rodriguez Nuñez,SF,2818945,O. Santana Moldavsky,SF,1.4,87.0,4.0,0.0,4.0,110.3,0.0,110.3
2480316,27,981288,SERNOVA RENOVABLES REAL CANOE,AWAY,2097038,P. De Mier Espina,SF,1787143,C. Mato De Prada,SF,2021397,A. Esnal Aguirre,SF,1242234,C. Rodriguez Nuñez,SF,2866005,E. Zemoura,SF,8.1,487.0,12.0,10.0,2.0,59.1,49.3,9.9
2480316,27,981288,SERNOVA RENOVABLES REAL CANOE,AWAY,2097038,P. De Mier Espina,SF,2021397,A. Esnal Aguirre,SF,1242234,C. Rodriguez Nuñez,SF,2866005,E. Zemoura,SF,2818945,O. Santana Moldavsky,SF,2.5,152.0,5.0,8.0,-3.0,78.9,126.3,-47.4
2480316,27,981288,SERNOVA RENOVABLES REAL CANOE,AWAY,2097038,P. De Mier Espina,SF,2021397,A. Esnal Aguirre,SF,1787143,C. Mato De Prada,SF,1242234,C. Rodriguez Nuñez,SF,2866005,E. Zemoura,SF,5.4,321.0,14.0,9.0,5.0,104.7,67.3,37.4
2480316,27,981288,SERNOVA RENOVABLES REAL CANOE,AWAY,2097038,P. De Mier Espina,SF,2021397,A. Esnal Aguirre,SF,1927626,C. Flores Garcia,SF,1242234,C. Rodriguez Nuñez,SF,2866005,E. Zemoura,SF,3.8,229.0,4.0,13.0,-9.0,41.9,136.2,-94.3
2480316,27,981288,SERNOVA RENOVABLES REAL CANOE,AWAY,2097038,P. De Mier Espina,SF,2021397,A. Esnal Aguirre,SF,1927626,C. Flores Garcia,SF,2866005,E. Zemoura,SF,2818945,O. Santana Moldavsky,SF,1.1,63.0,0.0,0.0,0.0,0.0,0.0,0.0
2480316,27,981334,UNICAJA MIJAS,HOME,1317227,C. Garcia Paunero,SF,1884837,M. Roters Dubinina,SF,1723860,S. Galeron Alvarez,SF,2012623,S. Lo Sylla,SF,1949233,A. Orois Aznarez,SF,1.7,102.0,4.0,2.0,2.0,94.1,47.1,47.1
2480316,27,981334,UNICAJA MIJAS,HOME,1884837,M. Roters Dubinina,SF,1317227,C. Garcia Paunero,SF,1723860,S. Galeron Alvarez,SF,2012623,S. Lo Sylla,SF,1949233,A. Orois Aznarez,SF,0.2,12.0,0.0,1.0,-1.0,0.0,200.0,-200.0
2480316,27,981334,UNICAJA MIJAS,HOME,1884837,M. Roters Dubinina,SF,1317227,C. Garcia Paunero,SF,1723860,S. Galeron Alvarez,SF,2012623,S. Lo Sylla,SF,2643500,C. Capellan Santana,SF,3.1,191.0,0.0,5.0,-5.0,0.0,62.8,-62.8
2480316,27,981334,UNICAJA MIJAS,HOME,1884837,M. Roters Dubinina,SF,1317227,C. Garcia Paunero,SF,2413042,C. Guillen Uriguen,SF,1723860,S. Galeron Alvarez,SF,1949233,A. Orois Aznarez,SF,0.7,41.0,0.0,3.0,-3.0,0.0,175.6,-175.6
2480316,27,981334,UNICAJA MIJAS,HOME,1884837,M. Roters Dubinina,SF,1317227,C. Garcia Paunero,SF,2413042,C. Guillen Uriguen,SF,1723860,S. Galeron Alvarez,SF,2643500,C. Capellan Santana,SF,0.8,48.0,2.0,2.0,0.0,100.0,100.0,0.0
2480316,27,981334,UNICAJA MIJAS,HOME,1884837,M. Roters Dubinina,SF,2413042,C. Guillen Uriguen,SF,1723860,S. Galeron Alvarez,SF,2012623,S. Lo Sylla,SF,1949233,A. Orois Aznarez,SF,1.4,83.0,5.0,1.0,4.0,144.6,28.9,115.7
2480316,27,981334,UNICAJA MIJAS,HOME,1884837,M. Roters Dubinina,SF,2413042,C. Guillen Uriguen,SF,1723860,S. Galeron Alvarez,SF,2012623,S. Lo Sylla,SF,2643500,C. Capellan Santana,SF,2.3,134.0,5.0,5.0,0.0,89.6,89.6,0.0
2480316,27,981334,UNICAJA MIJAS,HOME,2096249,T. Eke Benitez,SF,1884837,M. Roters Dubinina,SF,1317227,C. Garcia Paunero,SF,1723860,S. Galeron Alvarez,SF,1949233,A. Orois Aznarez,SF,2.7,166.0,8.0,3.0,5.0,115.7,43.4,72.3
2480316,27,981334,UNICAJA MIJAS,HOME,2096249,T. Eke Benitez,SF,2646984,L. Rivers,SF,1317227,C. Garcia Paunero,SF,1884837,M. Roters Dubinina,SF,1949233,A. Orois Aznarez,SF,5.4,322.0,12.0,7.0,5.0,89.4,52.2,37.3
2480316,27,981334,UNICAJA MIJAS,HOME,2096249,T. Eke Benitez,SF,2646984,L. Rivers,SF,1884837,M. Roters Dubinina,SF,1317227,C. Garcia Paunero,SF,1723860,S. Galeron Alvarez,SF,6.9,414.0,16.0,10.0,6.0,92.8,58.0,34.8
2480316,27,981334,UNICAJA MIJAS,HOME,2096249,T. Eke Benitez,SF,2646984,L. Rivers,SF,1884837,M. Roters Dubinina,SF,1723860,S. Galeron Alvarez,SF,1949233,A. Orois Aznarez,SF,1.4,83.0,3.0,0.0,3.0,86.7,0.0,86.7
2480316,27,981334,UNICAJA MIJAS,HOME,2096249,T. Eke Benitez,SF,2646984,L. Rivers,SF,1884837,M. Roters Dubinina,SF,1723860,S. Galeron Alvarez,SF,2643500,C. Capellan Santana,SF,1.1,64.0,4.0,2.0,2.0,150.0,75.0,75.0
2480316,27,981334,UNICAJA MIJAS,HOME,2096249,T. Eke Benitez,SF,2646984,L. Rivers,SF,2415743,L. Calleja Barberan,SF,1884837,M. Roters Dubinina,SF,1317227,C. Garcia Paunero,SF,3.2,194.0,8.0,5.0,3.0,99.0,61.9,37.1
2480316,27,981334,UNICAJA MIJAS,HOME,2415743,L. Calleja Barberan,SF,1884837,M. Roters Dubinina,SF,2413042,C. Guillen Uriguen,SF,1723860,S. Galeron Alvarez,SF,2643500,C. Capellan Santana,SF,0.9,52.0,2.0,2.0,0.0,92.3,92.3,0.0
2480316,27,981334,UNICAJA MIJAS,HOME,2415743,L. Calleja Barberan,SF,1884837,M. Roters Dubinina,SF,2413042,C. Guillen Uriguen,SF,2012623,S. Lo Sylla,SF,2643500,C. Capellan Santana,SF,2.8,167.0,3.0,10.0,-7.0,43.1,143.7,-100.6
2480316,27,981334,UNICAJA MIJAS,HOME,2643500,C. Capellan Santana,SF,1884837,M. Roters Dubinina,SF,1317227,C. Garcia Paunero,SF,1723860,S. Galeron Alvarez,SF,2012623,S. Lo Sylla,SF,2.1,131.0,5.0,2.0,3.0,91.6,36.6,55.0
2480316,27,981334,UNICAJA MIJAS,HOME,2643500,C. Capellan Santana,SF,1884837,M. Roters Dubinina,SF,1317227,C. Garcia Paunero,SF,2012623,S. Lo Sylla,SF,1949233,A. Orois Aznarez,SF,0.4,24.0,0.0,0.0,0.0,0.0,0.0,0.0
2480316,27,981334,UNICAJA MIJAS,HOME,2643500,C. Capellan Santana,SF,1884837,M. Roters Dubinina,SF,1723860,S. Galeron Alvarez,SF,2012623,S. Lo Sylla,SF,1949233,A. Orois Aznarez,SF,0.7,39.0,0.0,0.0,0.0,0.0,0.0,0.0
2480316,27,981334,UNICAJA MIJAS,HOME,2646984,L. Rivers,SF,1884837,M. Roters Dubinina,SF,1723860,S. Galeron Alvarez,SF,2012623,S. Lo Sylla,SF,1949233,A. Orois Aznarez,SF,2.2,133.0,2.0,4.0,-2.0,36.1,72.2,-36.1
2480317,27,979988,FUSTECMA NBF CASTELLÓ,AWAY,1680760,S. Carli Del Pino,SF,2131367,S. Basaez Narvaez,SF,2274867,L. De Giacomo,SF,2144678,L. Jovena Meseguer,SF,1932094,J. Gomez Guimera,SF,2.7,163.0,4.0,3.0,1.0,58.9,44.2,14.7
2480317,27,979988,FUSTECMA NBF CASTELLÓ,AWAY,1680760,S. Carli Del Pino,SF,2131367,S. Basaez Narvaez,SF,2274867,L. De Giacomo,SF,2383616,F. Asemota Augustine,SF,1460562,C. Perez Relancio,SF,0.7,41.0,2.0,1.0,1.0,117.1,58.5,58.5
2480317,27,979988,FUSTECMA NBF CASTELLÓ,AWAY,1680760,S. Carli Del Pino,SF,2131367,S. Basaez Narvaez,SF,2383616,F. Asemota Augustine,SF,1460562,C. Perez Relancio,SF,2087212,L. Ruiz De La Hermosa Arce,SF,1.3,79.0,5.0,2.0,3.0,151.9,60.8,91.1
2480317,27,979988,FUSTECMA NBF CASTELLÓ,AWAY,1680760,S. Carli Del Pino,SF,2131367,S. Basaez Narvaez,SF,2383616,F. Asemota Augustine,SF,2144678,L. Jovena Meseguer,SF,1932094,J. Gomez Guimera,SF,4.0,243.0,6.0,7.0,-1.0,59.3,69.1,-9.9
2480317,27,979988,FUSTECMA NBF CASTELLÓ,AWAY,1680760,S. Carli Del Pino,SF,2274867,L. De Giacomo,SF,2383616,F. Asemota Augustine,SF,1460562,C. Perez Relancio,SF,2087212,L. Ruiz De La Hermosa Arce,SF,0.3,19.0,0.0,2.0,-2.0,0.0,252.6,-252.6
2480317,27,979988,FUSTECMA NBF CASTELLÓ,AWAY,1680760,S. Carli Del Pino,SF,2274867,L. De Giacomo,SF,2383616,F. Asemota Augustine,SF,2087212,L. Ruiz De La Hermosa Arce,SF,1932094,J. Gomez Guimera,SF,0.9,53.0,2.0,0.0,2.0,90.6,0.0,90.6
2480317,27,979988,FUSTECMA NBF CASTELLÓ,AWAY,1680760,S. Carli Del Pino,SF,2383616,F. Asemota Augustine,SF,1460562,C. Perez Relancio,SF,1932094,J. Gomez Guimera,SF,1618451,L. Campos De Bengoa,SF,0.2,10.0,0.0,0.0,0.0,0.0,0.0,0.0
2480317,27,979988,FUSTECMA NBF CASTELLÓ,AWAY,1680760,S. Carli Del Pino,SF,2383616,F. Asemota Augustine,SF,1460562,C. Perez Relancio,SF,2087212,L. Ruiz De La Hermosa Arce,SF,2144678,L. Jovena Meseguer,SF,1.0,58.0,2.0,2.0,0.0,82.8,82.8,0.0
2480317,27,979988,FUSTECMA NBF CASTELLÓ,AWAY,1680760,S. Carli Del Pino,SF,2383616,F. Asemota Augustine,SF,1460562,C. Perez Relancio,SF,2131367,S. Basaez Narvaez,SF,1932094,J. Gomez Guimera,SF,3.4,203.0,5.0,7.0,-2.0,59.1,82.8,-23.6
2480317,27,979988,FUSTECMA NBF CASTELLÓ,AWAY,1680760,S. Carli Del Pino,SF,2383616,F. Asemota Augustine,SF,1460562,C. Perez Relancio,SF,2131367,S. Basaez Narvaez,SF,2144678,L. Jovena Meseguer,SF,1.2,75.0,0.0,0.0,0.0,0.0,0.0,0.0
2480317,27,979988,FUSTECMA NBF CASTELLÓ,AWAY,1680760,S. Carli Del Pino,SF,2383616,F. Asemota Augustine,SF,1460562,C. Perez Relancio,SF,2144678,L. Jovena Meseguer,SF,1932094,J. Gomez Guimera,SF,3.5,214.0,8.0,10.0,-2.0,89.7,112.1,-22.4
2480317,27,979988,FUSTECMA NBF CASTELLÓ,AWAY,1680760,S. Carli Del Pino,SF,2383616,F. Asemota Augustine,SF,1460562,C. Perez Relancio,SF,2829993,G. Aiello,SF,1932094,J. Gomez Guimera,SF,2.1,128.0,3.0,0.0,3.0,56.2,0.0,56.2
2480317,27,979988,FUSTECMA NBF CASTELLÓ,AWAY,1680760,S. Carli Del Pino,SF,2383616,F. Asemota Augustine,SF,2829993,G. Aiello,SF,2131367,S. Basaez Narvaez,SF,1932094,J. Gomez Guimera,SF,0.4,25.0,0.0,2.0,-2.0,0.0,192.0,-192.0
2480317,27,979988,FUSTECMA NBF CASTELLÓ,AWAY,1680760,S. Carli Del Pino,SF,2829993,G. Aiello,SF,1460562,C. Perez Relancio,SF,2087212,L. Ruiz De La Hermosa Arce,SF,1618451,L. Campos De Bengoa,SF,5.1,306.0,5.0,8.0,-3.0,39.2,62.7,-23.5
2480317,27,979988,FUSTECMA NBF CASTELLÓ,AWAY,1680760,S. Carli Del Pino,SF,2829993,G. Aiello,SF,2131367,S. Basaez Narvaez,SF,2274867,L. De Giacomo,SF,1932094,J. Gomez Guimera,SF,0.8,46.0,0.0,3.0,-3.0,0.0,156.5,-156.5
2480317,27,979988,FUSTECMA NBF CASTELLÓ,AWAY,1680760,S. Carli Del Pino,SF,2829993,G. Aiello,SF,2131367,S. Basaez Narvaez,SF,2274867,L. De Giacomo,SF,2087212,L. Ruiz De La Hermosa Arce,SF,1.0,59.0,0.0,2.0,-2.0,0.0,81.4,-81.4
2480317,27,979988,FUSTECMA NBF CASTELLÓ,AWAY,1680760,S. Carli Del Pino,SF,2829993,G. Aiello,SF,2131367,S. Basaez Narvaez,SF,2383616,F. Asemota Augustine,SF,1460562,C. Perez Relancio,SF,0.7,43.0,0.0,0.0,0.0,0.0,0.0,0.0
2480317,27,979988,FUSTECMA NBF CASTELLÓ,AWAY,1680760,S. Carli Del Pino,SF,2829993,G. Aiello,SF,2131367,S. Basaez Narvaez,SF,2383616,F. Asemota Augustine,SF,1932094,J. Gomez Guimera,SF,0.6,33.0,0.0,0.0,0.0,0.0,0.0,0.0
2480317,27,979988,FUSTECMA NBF CASTELLÓ,AWAY,1680760,S. Carli Del Pino,SF,2829993,G. Aiello,SF,2131367,S. Basaez Narvaez,SF,2383616,F. Asemota Augustine,SF,2087212,L. Ruiz De La Hermosa Arce,SF,6.8,408.0,16.0,11.0,5.0,94.1,64.7,29.4
2480317,27,979988,FUSTECMA NBF CASTELLÓ,AWAY,1680760,S. Carli Del Pino,SF,2829993,G. Aiello,SF,2383616,F. Asemota Augustine,SF,1460562,C. Perez Relancio,SF,2087212,L. Ruiz De La Hermosa Arce,SF,3.2,194.0,3.0,5.0,-2.0,37.1,61.9,-24.7
2480317,27,981356,BOSONIT UNIBASKET,HOME,1626810,C. Aldecoa Rodriguez,SF,2819119,T. Sedláková,SF,1678734,M. Llorente Ruiz,SF,1778980,I. Losada Gonzalez-Babe,SF,1821692,M. Alonso Guadaño,SF,1.1,69.0,3.0,2.0,1.0,104.3,69.6,34.8
2480317,27,981356,BOSONIT UNIBASKET,HOME,1626810,C. Aldecoa Rodriguez,SF,2819119,T. Sedláková,SF,1678734,M. Llorente Ruiz,SF,1821692,M. Alonso Guadaño,SF,1834784,E. Florez Pascual,SF,2.1,128.0,0.0,3.0,-3.0,0.0,56.2,-56.2
2480317,27,981356,BOSONIT UNIBASKET,HOME,1626810,C. Aldecoa Rodriguez,SF,2819119,T. Sedláková,SF,1778980,I. Losada Gonzalez-Babe,SF,2735759,L. Van Schaik,SF,1821692,M. Alonso Guadaño,SF,1.3,81.0,5.0,3.0,2.0,148.1,88.9,59.3
2480317,27,981356,BOSONIT UNIBASKET,HOME,1626810,C. Aldecoa Rodriguez,SF,2819119,T. Sedláková,SF,1778980,I. Losada Gonzalez-Babe,SF,2735759,L. Van Schaik,SF,2151019,N. Padrosa Mons,SF,2.8,168.0,4.0,10.0,-6.0,57.1,142.9,-85.7
2480317,27,981356,BOSONIT UNIBASKET,HOME,1626810,C. Aldecoa Rodriguez,SF,2819119,T. Sedláková,SF,2735759,L. Van Schaik,SF,2151019,N. Padrosa Mons,SF,1834784,E. Florez Pascual,SF,2.8,166.0,7.0,2.0,5.0,101.2,28.9,72.3
2480317,27,981356,BOSONIT UNIBASKET,HOME,1626810,C. Aldecoa Rodriguez,SF,2819119,T. Sedláková,SF,2819121,H. Forster,SF,2735759,L. Van Schaik,SF,1821692,M. Alonso Guadaño,SF,5.6,337.0,9.0,5.0,4.0,64.1,35.6,28.5
2480317,27,981356,BOSONIT UNIBASKET,HOME,1626810,C. Aldecoa Rodriguez,SF,2819121,H. Forster,SF,1678734,M. Llorente Ruiz,SF,1778980,I. Losada Gonzalez-Babe,SF,1821692,M. Alonso Guadaño,SF,1.0,59.0,2.0,0.0,2.0,81.4,0.0,81.4
2480317,27,981356,BOSONIT UNIBASKET,HOME,1626810,C. Aldecoa Rodriguez,SF,2819121,H. Forster,SF,1778980,I. Losada Gonzalez-Babe,SF,2735759,L. Van Schaik,SF,1821692,M. Alonso Guadaño,SF,0.7,41.0,1.0,2.0,-1.0,58.5,117.1,-58.5
2480317,27,981356,BOSONIT UNIBASKET,HOME,1626810,C. Aldecoa Rodriguez,SF,2819121,H. Forster,SF,2561556,C. Sañudo Trillo,SF,1821692,M. Alonso Guadaño,SF,1834784,E. Florez Pascual,SF,1.1,65.0,2.0,2.0,0.0,73.8,73.8,0.0
2480317,27,981356,BOSONIT UNIBASKET,HOME,1626810,C. Aldecoa Rodriguez,SF,2819121,H. Forster,SF,2735759,L. Van Schaik,SF,2151019,N. Padrosa Mons,SF,1834784,E. Florez Pascual,SF,1.2,74.0,0.0,4.0,-4.0,0.0,129.7,-129.7
2480317,27,981356,BOSONIT UNIBASKET,HOME,1678734,M. Llorente Ruiz,SF,1778980,I. Losada Gonzalez-Babe,SF,2735759,L. Van Schaik,SF,1821692,M. Alonso Guadaño,SF,1834784,E. Florez Pascual,SF,0.7,44.0,2.0,3.0,-1.0,109.1,163.6,-54.5
2480317,27,981356,BOSONIT UNIBASKET,HOME,2561556,C. Sañudo Trillo,SF,1778980,I. Losada Gonzalez-Babe,SF,2735759,L. Van Schaik,SF,1821692,M. Alonso Guadaño,SF,1834784,E. Florez Pascual,SF,0.4,26.0,3.0,0.0,3.0,276.9,0.0,276.9
2480317,27,981356,BOSONIT UNIBASKET,HOME,2819119,T. Sedláková,SF,1626810,C. Aldecoa Rodriguez,SF,1678734,M. Llorente Ruiz,SF,1778980,I. Losada Gonzalez-Babe,SF,1821692,M. Alonso Guadaño,SF,2.3,136.0,4.0,3.0,1.0,70.6,52.9,17.6
2480317,27,981356,BOSONIT UNIBASKET,HOME,2819119,T. Sedláková,SF,1626810,C. Aldecoa Rodriguez,SF,1778980,I. Losada Gonzalez-Babe,SF,2735759,L. Van Schaik,SF,2151019,N. Padrosa Mons,SF,2.8,170.0,4.0,2.0,2.0,56.5,28.2,28.2
2480317,27,981356,BOSONIT UNIBASKET,HOME,2819119,T. Sedláková,SF,1678734,M. Llorente Ruiz,SF,1778980,I. Losada Gonzalez-Babe,SF,2735759,L. Van Schaik,SF,1821692,M. Alonso Guadaño,SF,3.7,223.0,5.0,3.0,2.0,53.8,32.3,21.5
2480317,27,981356,BOSONIT UNIBASKET,HOME,2819119,T. Sedláková,SF,1678734,M. Llorente Ruiz,SF,2735759,L. Van Schaik,SF,1821692,M. Alonso Guadaño,SF,1834784,E. Florez Pascual,SF,0.8,43.0,0.0,0.0,0.0,0.0,0.0,0.0
2480317,27,981356,BOSONIT UNIBASKET,HOME,2819121,H. Forster,SF,1626810,C. Aldecoa Rodriguez,SF,2735759,L. Van Schaik,SF,1821692,M. Alonso Guadaño,SF,1834784,E. Florez Pascual,SF,1.5,91.0,4.0,3.0,1.0,105.5,79.1,26.4
2480317,27,981356,BOSONIT UNIBASKET,HOME,2819121,H. Forster,SF,1626810,C. Aldecoa Rodriguez,SF,2735759,L. Van Schaik,SF,2151019,N. Padrosa Mons,SF,1834784,E. Florez Pascual,SF,2.1,126.0,0.0,3.0,-3.0,0.0,57.1,-57.1
2480317,27,981356,BOSONIT UNIBASKET,HOME,2819121,H. Forster,SF,1678734,M. Llorente Ruiz,SF,2735759,L. Van Schaik,SF,1821692,M. Alonso Guadaño,SF,1834784,E. Florez Pascual,SF,5.8,346.0,10.0,11.0,-1.0,69.4,76.3,-6.9
2480317,27,981356,BOSONIT UNIBASKET,HOME,2819121,H. Forster,SF,2561556,C. Sañudo Trillo,SF,2151019,N. Padrosa Mons,SF,1821692,M. Alonso Guadaño,SF,1834784,E. Florez Pascual,SF,0.1,7.0,0.0,0.0,0.0,0.0,0.0,0.0
2480318,27,979971,OSES CONSTRUCCION,AWAY,1044456,M. Asurmendi Villaverde,SF,2561097,A. Diez Pastor,SF,2432778,J. Mungo Lanzetti,SF,2561102,M. Blanco Morcillo,SF,1593987,M. Recarte Mendive,SF,2.2,130.0,7.0,4.0,3.0,129.2,73.8,55.4
2480318,27,979971,OSES CONSTRUCCION,AWAY,1588922,L. Gutierrez Lancho,SF,1044456,M. Asurmendi Villaverde,SF,2432778,J. Mungo Lanzetti,SF,1593987,M. Recarte Mendive,SF,1820835,A. Wone Aranaz,SF,5.0,300.0,12.0,5.0,7.0,96.0,40.0,56.0
2480318,27,979971,OSES CONSTRUCCION,AWAY,1588922,L. Gutierrez Lancho,SF,1044456,M. Asurmendi Villaverde,SF,2561097,A. Diez Pastor,SF,1593987,M. Recarte Mendive,SF,1820835,A. Wone Aranaz,SF,1.5,92.0,3.0,1.0,2.0,78.3,26.1,52.2
2480318,27,979971,OSES CONSTRUCCION,AWAY,1588922,L. Gutierrez Lancho,SF,1044456,M. Asurmendi Villaverde,SF,2561097,A. Diez Pastor,SF,2432778,J. Mungo Lanzetti,SF,1593987,M. Recarte Mendive,SF,2.0,119.0,4.0,2.0,2.0,80.7,40.3,40.3
2480318,27,979971,OSES CONSTRUCCION,AWAY,1588922,L. Gutierrez Lancho,SF,1593987,M. Recarte Mendive,SF,2561102,M. Blanco Morcillo,SF,1820835,A. Wone Aranaz,SF,1882395,A. Elso Aramendia,SF,1.6,93.0,2.0,0.0,2.0,51.6,0.0,51.6
2480318,27,979971,OSES CONSTRUCCION,AWAY,1588922,L. Gutierrez Lancho,SF,2284132,G. Ruz Sagasti,SF,1593987,M. Recarte Mendive,SF,2561102,M. Blanco Morcillo,SF,1820835,A. Wone Aranaz,SF,4.6,275.0,10.0,3.0,7.0,87.3,26.2,61.1
2480318,27,979971,OSES CONSTRUCCION,AWAY,1588922,L. Gutierrez Lancho,SF,2364706,F. Parra,SF,1044456,M. Asurmendi Villaverde,SF,1593987,M. Recarte Mendive,SF,1820835,A. Wone Aranaz,SF,1.3,77.0,2.0,2.0,0.0,62.3,62.3,0.0
2480318,27,979971,OSES CONSTRUCCION,AWAY,1588922,L. Gutierrez Lancho,SF,2364706,F. Parra,SF,1044456,M. Asurmendi Villaverde,SF,2432778,J. Mungo Lanzetti,SF,1820835,A. Wone Aranaz,SF,1.1,65.0,6.0,0.0,6.0,221.5,0.0,221.5
2480318,27,979971,OSES CONSTRUCCION,AWAY,1588922,L. Gutierrez Lancho,SF,2364706,F. Parra,SF,2432778,J. Mungo Lanzetti,SF,1824910,S. Castro Marrero,SF,1820835,A. Wone Aranaz,SF,1.3,78.0,4.0,4.0,0.0,123.1,123.1,0.0
2480318,27,979971,OSES CONSTRUCCION,AWAY,1588922,L. Gutierrez Lancho,SF,2561097,A. Diez Pastor,SF,2561102,M. Blanco Morcillo,SF,1820835,A. Wone Aranaz,SF,1882395,A. Elso Aramendia,SF,0.6,34.0,2.0,3.0,-1.0,141.2,211.8,-70.6
2480318,27,979971,OSES CONSTRUCCION,AWAY,2364706,F. Parra,SF,1824910,S. Castro Marrero,SF,2561102,M. Blanco Morcillo,SF,1593987,M. Recarte Mendive,SF,1820835,A. Wone Aranaz,SF,2.1,124.0,6.0,4.0,2.0,116.1,77.4,38.7
2480318,27,979971,OSES CONSTRUCCION,AWAY,2364706,F. Parra,SF,2432778,J. Mungo Lanzetti,SF,1824910,S. Castro Marrero,SF,1820835,A. Wone Aranaz,SF,1882395,A. Elso Aramendia,SF,0.8,46.0,3.0,0.0,3.0,156.5,0.0,156.5
2480318,27,979971,OSES CONSTRUCCION,AWAY,2364706,F. Parra,SF,2432778,J. Mungo Lanzetti,SF,1824910,S. Castro Marrero,SF,2561102,M. Blanco Morcillo,SF,1820835,A. Wone Aranaz,SF,5.3,318.0,16.0,9.0,7.0,120.8,67.9,52.8
2480318,27,979971,OSES CONSTRUCCION,AWAY,2364706,F. Parra,SF,2432778,J. Mungo Lanzetti,SF,2561102,M. Blanco Morcillo,SF,1593987,M. Recarte Mendive,SF,1820835,A. Wone Aranaz,SF,0.7,43.0,2.0,0.0,2.0,111.6,0.0,111.6
2480318,27,979971,OSES CONSTRUCCION,AWAY,2364706,F. Parra,SF,2561097,A. Diez Pastor,SF,1824910,S. Castro Marrero,SF,1820835,A. Wone Aranaz,SF,1882395,A. Elso Aramendia,SF,6.2,374.0,12.0,6.0,6.0,77.0,38.5,38.5
2480318,27,979971,OSES CONSTRUCCION,AWAY,2432778,J. Mungo Lanzetti,SF,1824910,S. Castro Marrero,SF,2561102,M. Blanco Morcillo,SF,2432513,V. Llorente,SF,1820835,A. Wone Aranaz,SF,0.8,48.0,3.0,2.0,1.0,150.0,100.0,50.0
2480318,27,979971,OSES CONSTRUCCION,AWAY,2561097,A. Diez Pastor,SF,1824910,S. Castro Marrero,SF,2561102,M. Blanco Morcillo,SF,1820835,A. Wone Aranaz,SF,1882395,A. Elso Aramendia,SF,3.0,184.0,4.0,5.0,-1.0,52.2,65.2,-13.0
2480318,27,981242,C.B. SANTFELIUENC,HOME,2050086,M. Muñoz Moyano,SF,2155489,X. Salzmann Romeu,SF,2190844,S. Pares Vilaseca,SF,2864042,K. Trehub,SF,2073654,C. Gil Abad,SF,11.4,687.0,17.0,30.0,-13.0,59.4,104.8,-45.4
2480318,27,981242,C.B. SANTFELIUENC,HOME,2050086,M. Muñoz Moyano,SF,2257209,A. Segura Freixenet,SF,2155489,X. Salzmann Romeu,SF,2190844,S. Pares Vilaseca,SF,2073654,C. Gil Abad,SF,1.0,61.0,0.0,1.0,-1.0,0.0,39.3,-39.3
2480318,27,981242,C.B. SANTFELIUENC,HOME,2050086,M. Muñoz Moyano,SF,2257209,A. Segura Freixenet,SF,2155489,X. Salzmann Romeu,SF,2190844,S. Pares Vilaseca,SF,2316215,C. Catalan Pacheco,SF,3.1,182.0,8.0,9.0,-1.0,105.5,118.7,-13.2
2480318,27,981242,C.B. SANTFELIUENC,HOME,2050086,M. Muñoz Moyano,SF,2257209,A. Segura Freixenet,SF,2190844,S. Pares Vilaseca,SF,2864042,K. Trehub,SF,2073654,C. Gil Abad,SF,3.8,230.0,8.0,9.0,-1.0,83.5,93.9,-10.4
2480318,27,981242,C.B. SANTFELIUENC,HOME,2050086,M. Muñoz Moyano,SF,2257209,A. Segura Freixenet,SF,2864042,K. Trehub,SF,2190844,S. Pares Vilaseca,SF,2073654,C. Gil Abad,SF,0.5,31.0,0.0,1.0,-1.0,0.0,77.4,-77.4
2480318,27,981242,C.B. SANTFELIUENC,HOME,2050086,M. Muñoz Moyano,SF,2273698,M. Ballesteros Erena,SF,2155489,X. Salzmann Romeu,SF,2190844,S. Pares Vilaseca,SF,2073654,C. Gil Abad,SF,0.7,39.0,0.0,3.0,-3.0,0.0,184.6,-184.6
2480318,27,981242,C.B. SANTFELIUENC,HOME,2050086,M. Muñoz Moyano,SF,2273698,M. Ballesteros Erena,SF,2257209,A. Segura Freixenet,SF,2155489,X. Salzmann Romeu,SF,2316215,C. Catalan Pacheco,SF,4.4,264.0,2.0,10.0,-8.0,18.2,90.9,-72.7
2480318,27,981242,C.B. SANTFELIUENC,HOME,2050086,M. Muñoz Moyano,SF,2273698,M. Ballesteros Erena,SF,2257209,A. Segura Freixenet,SF,2316215,C. Catalan Pacheco,SF,2864042,K. Trehub,SF,1.5,92.0,1.0,3.0,-2.0,26.1,78.3,-52.2
2480318,27,981242,C.B. SANTFELIUENC,HOME,2050086,M. Muñoz Moyano,SF,2864042,K. Trehub,SF,2155489,X. Salzmann Romeu,SF,2190844,S. Pares Vilaseca,SF,2073654,C. Gil Abad,SF,4.1,244.0,3.0,9.0,-6.0,29.5,88.5,-59.0
2480318,27,981242,C.B. SANTFELIUENC,HOME,2257209,A. Segura Freixenet,SF,2190844,S. Pares Vilaseca,SF,2316215,C. Catalan Pacheco,SF,2864042,K. Trehub,SF,2073654,C. Gil Abad,SF,2.4,142.0,2.0,8.0,-6.0,33.8,135.2,-101.4
2480318,27,981242,C.B. SANTFELIUENC,HOME,2273698,M. Ballesteros Erena,SF,2257209,A. Segura Freixenet,SF,2155489,X. Salzmann Romeu,SF,2316215,C. Catalan Pacheco,SF,2073654,C. Gil Abad,SF,1.7,103.0,1.0,2.0,-1.0,23.3,46.6,-23.3
2480318,27,981242,C.B. SANTFELIUENC,HOME,2273698,M. Ballesteros Erena,SF,2257209,A. Segura Freixenet,SF,2864042,K. Trehub,SF,2190844,S. Pares Vilaseca,SF,2073654,C. Gil Abad,SF,2.9,170.0,3.0,5.0,-2.0,42.4,70.6,-28.2
2480318,27,981242,C.B. SANTFELIUENC,HOME,2273698,M. Ballesteros Erena,SF,2257209,A. Segura Freixenet,SF,2864042,K. Trehub,SF,2316215,C. Catalan Pacheco,SF,2073654,C. Gil Abad,SF,2.6,155.0,5.0,8.0,-3.0,77.4,123.9,-46.5
2480319,27,979912,DOMUSA TEKNIK ISB,HOME,1826917,J. Azcue Jauregui,SF,2021400,M. Gutierrez Ibañez,SF,2818813,E. Lalotte,SF,1721468,C. Villamor Aparicio,SF,2137901,M. Otaegi Albizu,SF,0.6,36.0,2.0,2.0,0.0,133.3,133.3,0.0
2480319,27,979912,DOMUSA TEKNIK ISB,HOME,1894119,S. Iparraguirre Alustiza,SF,2364470,G. Leaupepe,SF,1826917,J. Azcue Jauregui,SF,2818813,E. Lalotte,SF,2818816,I. Araújo Gouveia Vieira,SF,1.5,88.0,4.0,0.0,4.0,109.1,0.0,109.1
2480319,27,979912,DOMUSA TEKNIK ISB,HOME,1894119,S. Iparraguirre Alustiza,SF,2364470,G. Leaupepe,SF,2021400,M. Gutierrez Ibañez,SF,2818813,E. Lalotte,SF,2818816,I. Araújo Gouveia Vieira,SF,0.5,29.0,4.0,0.0,4.0,331.0,0.0,331.0
2480319,27,979912,DOMUSA TEKNIK ISB,HOME,2364470,G. Leaupepe,SF,1826917,J. Azcue Jauregui,SF,2021400,M. Gutierrez Ibañez,SF,2818813,E. Lalotte,SF,1721468,C. Villamor Aparicio,SF,1.0,62.0,0.0,2.0,-2.0,0.0,77.4,-77.4
2480319,27,979912,DOMUSA TEKNIK ISB,HOME,2364470,G. Leaupepe,SF,1826917,J. Azcue Jauregui,SF,2021400,M. Gutierrez Ibañez,SF,2818813,E. Lalotte,SF,2818816,I. Araújo Gouveia Vieira,SF,0.1,9.0,1.0,0.0,1.0,266.7,0.0,266.7
2480319,27,979912,DOMUSA TEKNIK ISB,HOME,2364470,G. Leaupepe,SF,1826917,J. Azcue Jauregui,SF,2818813,E. Lalotte,SF,2137901,M. Otaegi Albizu,SF,2818816,I. Araújo Gouveia Vieira,SF,1.0,60.0,0.0,2.0,-2.0,0.0,80.0,-80.0
2480319,27,979912,DOMUSA TEKNIK ISB,HOME,2364470,G. Leaupepe,SF,2021400,M. Gutierrez Ibañez,SF,2818813,E. Lalotte,SF,1721468,C. Villamor Aparicio,SF,2818816,I. Araújo Gouveia Vieira,SF,2.7,163.0,4.0,5.0,-1.0,58.9,73.6,-14.7
2480319,27,979912,DOMUSA TEKNIK ISB,HOME,2364470,G. Leaupepe,SF,2145033,A. Lizundia Arozena,SF,2818813,E. Lalotte,SF,2021400,M. Gutierrez Ibañez,SF,2818816,I. Araújo Gouveia Vieira,SF,4.5,273.0,4.0,12.0,-8.0,35.2,105.5,-70.3
2480319,27,979912,DOMUSA TEKNIK ISB,HOME,2818717,S. Van,SF,1826917,J. Azcue Jauregui,SF,2145033,A. Lizundia Arozena,SF,1721468,C. Villamor Aparicio,SF,2137901,M. Otaegi Albizu,SF,0.3,18.0,0.0,2.0,-2.0,0.0,266.7,-266.7
2480319,27,979912,DOMUSA TEKNIK ISB,HOME,2818717,S. Van,SF,1826917,J. Azcue Jauregui,SF,2145033,A. Lizundia Arozena,SF,2818813,E. Lalotte,SF,2818816,I. Araújo Gouveia Vieira,SF,6.0,361.0,8.0,7.0,1.0,53.2,46.5,6.6
2480319,27,979912,DOMUSA TEKNIK ISB,HOME,2818717,S. Van,SF,1826917,J. Azcue Jauregui,SF,2818813,E. Lalotte,SF,1721468,C. Villamor Aparicio,SF,2137901,M. Otaegi Albizu,SF,5.1,298.0,11.0,6.0,5.0,88.6,48.3,40.3
2480319,27,979912,DOMUSA TEKNIK ISB,HOME,2818717,S. Van,SF,1826917,J. Azcue Jauregui,SF,2818813,E. Lalotte,SF,2137901,M. Otaegi Albizu,SF,2818816,I. Araújo Gouveia Vieira,SF,0.2,12.0,0.0,0.0,0.0,0.0,0.0,0.0
2480319,27,979912,DOMUSA TEKNIK ISB,HOME,2818717,S. Van,SF,1894119,S. Iparraguirre Alustiza,SF,1826917,J. Azcue Jauregui,SF,2021400,M. Gutierrez Ibañez,SF,1721468,C. Villamor Aparicio,SF,0.8,50.0,0.0,3.0,-3.0,0.0,144.0,-144.0
2480319,27,979912,DOMUSA TEKNIK ISB,HOME,2818717,S. Van,SF,1894119,S. Iparraguirre Alustiza,SF,1826917,J. Azcue Jauregui,SF,2818813,E. Lalotte,SF,1721468,C. Villamor Aparicio,SF,2.1,126.0,2.0,4.0,-2.0,38.1,76.2,-38.1
2480319,27,979912,DOMUSA TEKNIK ISB,HOME,2818717,S. Van,SF,1894119,S. Iparraguirre Alustiza,SF,1826917,J. Azcue Jauregui,SF,2818813,E. Lalotte,SF,2818816,I. Araújo Gouveia Vieira,SF,1.5,88.0,0.0,6.0,-6.0,0.0,163.6,-163.6
2480319,27,979912,DOMUSA TEKNIK ISB,HOME,2818717,S. Van,SF,1894119,S. Iparraguirre Alustiza,SF,2021400,M. Gutierrez Ibañez,SF,2145033,A. Lizundia Arozena,SF,1721468,C. Villamor Aparicio,SF,0.2,13.0,0.0,0.0,0.0,0.0,0.0,0.0
2480319,27,979912,DOMUSA TEKNIK ISB,HOME,2818717,S. Van,SF,1894119,S. Iparraguirre Alustiza,SF,2145033,A. Lizundia Arozena,SF,2818813,E. Lalotte,SF,2818816,I. Araújo Gouveia Vieira,SF,3.6,219.0,2.0,8.0,-6.0,21.9,87.7,-65.8
2480319,27,979912,DOMUSA TEKNIK ISB,HOME,2818717,S. Van,SF,1894119,S. Iparraguirre Alustiza,SF,2364470,G. Leaupepe,SF,1826917,J. Azcue Jauregui,SF,2818816,I. Araújo Gouveia Vieira,SF,0.4,24.0,0.0,0.0,0.0,0.0,0.0,0.0
2480319,27,979912,DOMUSA TEKNIK ISB,HOME,2818717,S. Van,SF,2021400,M. Gutierrez Ibañez,SF,2145033,A. Lizundia Arozena,SF,1721468,C. Villamor Aparicio,SF,2137901,M. Otaegi Albizu,SF,2.6,153.0,5.0,4.0,1.0,78.4,62.7,15.7
2480319,27,979912,DOMUSA TEKNIK ISB,HOME,2818717,S. Van,SF,2364470,G. Leaupepe,SF,1826917,J. Azcue Jauregui,SF,1721468,C. Villamor Aparicio,SF,2137901,M. Otaegi Albizu,SF,1.0,59.0,0.0,0.0,0.0,0.0,0.0,0.0
2480319,27,979912,DOMUSA TEKNIK ISB,HOME,2818717,S. Van,SF,2364470,G. Leaupepe,SF,1826917,J. Azcue Jauregui,SF,2021400,M. Gutierrez Ibañez,SF,2818816,I. Araújo Gouveia Vieira,SF,0.8,50.0,2.0,0.0,2.0,96.0,0.0,96.0
2480319,27,979912,DOMUSA TEKNIK ISB,HOME,2818717,S. Van,SF,2364470,G. Leaupepe,SF,1826917,J. Azcue Jauregui,SF,2137901,M. Otaegi Albizu,SF,2818816,I. Araújo Gouveia Vieira,SF,1.6,95.0,2.0,4.0,-2.0,50.5,101.1,-50.5
2480319,27,979912,DOMUSA TEKNIK ISB,HOME,2818717,S. Van,SF,2364470,G. Leaupepe,SF,2145033,A. Lizundia Arozena,SF,2021400,M. Gutierrez Ibañez,SF,2818816,I. Araújo Gouveia Vieira,SF,1.9,114.0,6.0,2.0,4.0,126.3,42.1,84.2
2480319,27,981492,CELTA  FEMXA ZORKA,AWAY,1898932,M. Gea Becerra,SF,2276545,M. Vizmanos Iglesis,SF,2121212,P. Salinas Mascuñana,SF,2814638,J. Kelliher,SF,2651124,A. Boquete Manna,SF,1.2,73.0,4.0,0.0,4.0,131.5,0.0,131.5
2480319,27,981492,CELTA  FEMXA ZORKA,AWAY,2049773,D. Bermejo Escribano,SF,2179984,U. Rodríguez Silva,SF,2276545,M. Vizmanos Iglesis,SF,2814638,J. Kelliher,SF,2651124,A. Boquete Manna,SF,0.9,56.0,2.0,0.0,2.0,85.7,0.0,85.7
2480319,27,981492,CELTA  FEMXA ZORKA,AWAY,2179703,N. Martínez Quintana,SF,2179984,U. Rodríguez Silva,SF,1898932,M. Gea Becerra,SF,2276545,M. Vizmanos Iglesis,SF,2121212,P. Salinas Mascuñana,SF,1.5,90.0,3.0,4.0,-1.0,80.0,106.7,-26.7
2480319,27,981492,CELTA  FEMXA ZORKA,AWAY,2644595,I. Vennema,SF,1898932,M. Gea Becerra,SF,2276545,M. Vizmanos Iglesis,SF,2121212,P. Salinas Mascuñana,SF,2814638,J. Kelliher,SF,2.9,176.0,7.0,2.0,5.0,95.5,27.3,68.2
2480319,27,981492,CELTA  FEMXA ZORKA,AWAY,2644595,I. Vennema,SF,2179703,N. Martínez Quintana,SF,1898932,M. Gea Becerra,SF,2276545,M. Vizmanos Iglesis,SF,2121212,P. Salinas Mascuñana,SF,4.6,273.0,6.0,13.0,-7.0,52.7,114.3,-61.5
2480319,27,981492,CELTA  FEMXA ZORKA,AWAY,2644595,I. Vennema,SF,2179703,N. Martínez Quintana,SF,2049773,D. Bermejo Escribano,SF,1898932,M. Gea Becerra,SF,2121212,P. Salinas Mascuñana,SF,1.0,60.0,0.0,2.0,-2.0,0.0,80.0,-80.0
2480319,27,981492,CELTA  FEMXA ZORKA,AWAY,2644595,I. Vennema,SF,2179703,N. Martínez Quintana,SF,2049773,D. Bermejo Escribano,SF,1898932,M. Gea Becerra,SF,2276545,M. Vizmanos Iglesis,SF,0.5,28.0,0.0,2.0,-2.0,0.0,171.4,-171.4
2480319,27,981492,CELTA  FEMXA ZORKA,AWAY,2743289,D. Cabrera Baccon,SF,2049773,D. Bermejo Escribano,SF,2179984,U. Rodríguez Silva,SF,2814638,J. Kelliher,SF,2651124,A. Boquete Manna,SF,3.6,217.0,10.0,4.0,6.0,110.6,44.2,66.4
2480319,27,981492,CELTA  FEMXA ZORKA,AWAY,2743289,D. Cabrera Baccon,SF,2179703,N. Martínez Quintana,SF,1898932,M. Gea Becerra,SF,2121212,P. Salinas Mascuñana,SF,2814638,J. Kelliher,SF,0.9,53.0,0.0,3.0,-3.0,0.0,135.8,-135.8
2480319,27,981492,CELTA  FEMXA ZORKA,AWAY,2743289,D. Cabrera Baccon,SF,2179703,N. Martínez Quintana,SF,1898932,M. Gea Becerra,SF,2179984,U. Rodríguez Silva,SF,2121212,P. Salinas Mascuñana,SF,1.5,88.0,2.0,2.0,0.0,54.5,54.5,0.0
2480319,27,981492,CELTA  FEMXA ZORKA,AWAY,2743289,D. Cabrera Baccon,SF,2179703,N. Martínez Quintana,SF,1898932,M. Gea Becerra,SF,2276545,M. Vizmanos Iglesis,SF,2121212,P. Salinas Mascuñana,SF,0.2,12.0,0.0,2.0,-2.0,0.0,400.0,-400.0
2480319,27,981492,CELTA  FEMXA ZORKA,AWAY,2743289,D. Cabrera Baccon,SF,2179703,N. Martínez Quintana,SF,2049773,D. Bermejo Escribano,SF,1898932,M. Gea Becerra,SF,2121212,P. Salinas Mascuñana,SF,5.2,310.0,9.0,6.0,3.0,69.7,46.5,23.2
2480319,27,981492,CELTA  FEMXA ZORKA,AWAY,2743289,D. Cabrera Baccon,SF,2179703,N. Martínez Quintana,SF,2049773,D. Bermejo Escribano,SF,1898932,M. Gea Becerra,SF,2179984,U. Rodríguez Silva,SF,2.3,140.0,0.0,4.0,-4.0,0.0,68.6,-68.6
2480319,27,981492,CELTA  FEMXA ZORKA,AWAY,2743289,D. Cabrera Baccon,SF,2179703,N. Martínez Quintana,SF,2049773,D. Bermejo Escribano,SF,2121212,P. Salinas Mascuñana,SF,2814638,J. Kelliher,SF,1.2,70.0,4.0,0.0,4.0,137.1,0.0,137.1
2480319,27,981492,CELTA  FEMXA ZORKA,AWAY,2743289,D. Cabrera Baccon,SF,2179703,N. Martínez Quintana,SF,2049773,D. Bermejo Escribano,SF,2179984,U. Rodríguez Silva,SF,2121212,P. Salinas Mascuñana,SF,8.6,517.0,16.0,10.0,6.0,74.3,46.4,27.9
2480319,27,981492,CELTA  FEMXA ZORKA,AWAY,2743289,D. Cabrera Baccon,SF,2644595,I. Vennema,SF,2179703,N. Martínez Quintana,SF,1898932,M. Gea Becerra,SF,2276545,M. Vizmanos Iglesis,SF,1.8,106.0,2.0,2.0,0.0,45.3,45.3,0.0
2480319,27,981492,CELTA  FEMXA ZORKA,AWAY,2743289,D. Cabrera Baccon,SF,2644595,I. Vennema,SF,2179703,N. Martínez Quintana,SF,2049773,D. Bermejo Escribano,SF,1898932,M. Gea Becerra,SF,1.1,71.0,2.0,1.0,1.0,67.6,33.8,33.8
2480319,27,981492,CELTA  FEMXA ZORKA,AWAY,2743289,D. Cabrera Baccon,SF,2644595,I. Vennema,SF,2179703,N. Martínez Quintana,SF,2049773,D. Bermejo Escribano,SF,2179984,U. Rodríguez Silva,SF,1.0,60.0,2.0,0.0,2.0,80.0,0.0,80.0
2480320,27,979952,LA LAGUNA TOYOTA  ADAREVA,AWAY,1613926,M. Gomez Fernandez,,2151715,J. Nogués Martí,,2816766,A. Coulibaly,,2735173,M. Forsyth,,2246211,L. Yohann Siverio,,1.1,68.0,0.0,4.0,-4.0,0.0,141.2,-141.2
2480320,27,979952,LA LAGUNA TOYOTA  ADAREVA,AWAY,1613926,M. Gomez Fernandez,,2341227,A. Montaño Muñoz,,2246211,L. Yohann Siverio,,1128614,I. Arregui Mariezcurrena,,1878753,N. Ibañez Silvestre,,3.0999999999999996,189.0,0.0,3.0,-3.0,0.0,38.1,-38.1
2480320,27,979952,LA LAGUNA TOYOTA  ADAREVA,AWAY,1613926,M. Gomez Fernandez,,2816766,A. Coulibaly,,2735173,M. Forsyth,,2246211,L. Yohann Siverio,,1128614,I. Arregui Mariezcurrena,,3.0,177.0,3.0,6.0,-3.0,40.7,81.4,-40.7
2480320,27,979952,LA LAGUNA TOYOTA  ADAREVA,AWAY,2151715,J. Nogués Martí,,1613926,M. Gomez Fernandez,,2246211,L. Yohann Siverio,,2735173,M. Forsyth,,1878753,N. Ibañez Silvestre,,4.7,282.0,8.0,10.0,-2.0,68.1,85.1,-17.0
2480320,27,979952,LA LAGUNA TOYOTA  ADAREVA,AWAY,2151715,J. Nogués Martí,,1613926,M. Gomez Fernandez,,2341227,A. Montaño Muñoz,,1128614,I. Arregui Mariezcurrena,,1878753,N. Ibañez Silvestre,,2.4,142.0,5.0,4.0,1.0,84.5,67.6,16.9
2480320,27,979952,LA LAGUNA TOYOTA  ADAREVA,AWAY,2151715,J. Nogués Martí,,1613926,M. Gomez Fernandez,,2341227,A. Montaño Muñoz,,2246211,L. Yohann Siverio,,1878753,N. Ibañez Silvestre,,4.6,277.0,4.0,11.0,-7.0,34.7,95.3,-60.6
2480320,27,979952,LA LAGUNA TOYOTA  ADAREVA,AWAY,2151715,J. Nogués Martí,,1613926,M. Gomez Fernandez,,2735173,M. Forsyth,,1128614,I. Arregui Mariezcurrena,,1878753,N. Ibañez Silvestre,,2.1,122.0,1.0,8.0,-7.0,19.7,157.4,-137.7
2480320,27,979952,LA LAGUNA TOYOTA  ADAREVA,AWAY,2151715,J. Nogués Martí,,1613926,M. Gomez Fernandez,,2816766,A. Coulibaly,,2735173,M. Forsyth,,1128614,I. Arregui Mariezcurrena,,9.3,555.0,7.0,17.0,-10.0,30.3,73.5,-43.2
2480320,27,979952,LA LAGUNA TOYOTA  ADAREVA,AWAY,2151715,J. Nogués Martí,,1613926,M. Gomez Fernandez,,2816766,A. Coulibaly,,2735173,M. Forsyth,,2246211,L. Yohann Siverio,,0.3,21.0,0.0,3.0,-3.0,0.0,342.9,-342.9
2480320,27,979952,LA LAGUNA TOYOTA  ADAREVA,AWAY,2151715,J. Nogués Martí,,2341227,A. Montaño Muñoz,,2246211,L. Yohann Siverio,,2735173,M. Forsyth,,1878753,N. Ibañez Silvestre,,1.6,95.0,4.0,5.0,-1.0,101.1,126.3,-25.3
2480320,27,979952,LA LAGUNA TOYOTA  ADAREVA,AWAY,2151715,J. Nogués Martí,,2816766,A. Coulibaly,,2735173,M. Forsyth,,2246211,L. Yohann Siverio,,1878753,N. Ibañez Silvestre,,2.5999999999999996,152.0,3.0,2.0,1.0,47.4,31.6,15.8
2480320,27,979952,LA LAGUNA TOYOTA  ADAREVA,AWAY,2341227,A. Montaño Muñoz,,2246211,L. Yohann Siverio,,2735173,M. Forsyth,,1128614,I. Arregui Mariezcurrena,,1878753,N. Ibañez Silvestre,,1.2,75.0,0.0,2.0,-2.0,0.0,64.0,-64.0
2480320,27,979952,LA LAGUNA TOYOTA  ADAREVA,AWAY,2341227,A. Montaño Muñoz,,2735173,M. Forsyth,,2246211,L. Yohann Siverio,,1128614,I. Arregui Mariezcurrena,,1878753,N. Ibañez Silvestre,,4.1,245.0,9.0,12.0,-3.0,88.2,117.6,-29.4
2480320,27,981346,LA CORDÁ DE PATERNA NB,HOME,1632609,C. Che Tortola,,2163606,C. Sancho Mauri,,2864802,N. Lagowski,,2071471,P. Saravia Logroño,,2024557,M. Bleda Ortega,,4.1,245.0,12.0,9.0,3.0,117.6,88.2,29.4
2480320,27,981346,LA CORDÁ DE PATERNA NB,HOME,1687305,L. Segura Moreno,,1632609,C. Che Tortola,,2024557,M. Bleda Ortega,,2653963,A. Traore,,2049442,I. Broncano Avellaneda,,3.6,215.0,5.0,2.0,3.0,55.8,22.3,33.5
2480320,27,981346,LA CORDÁ DE PATERNA NB,HOME,2173687,M. Llompart Perello,,1687305,L. Segura Moreno,,2024557,M. Bleda Ortega,,2653963,A. Traore,,2049442,I. Broncano Avellaneda,,1.7,100.0,4.0,3.0,1.0,96.0,72.0,24.0
2480320,27,981346,LA CORDÁ DE PATERNA NB,HOME,2173687,M. Llompart Perello,,2163606,C. Sancho Mauri,,2561096,A. Prim Giro,,2796302,P. Gabriel,,2071471,P. Saravia Logroño,,3.0,177.0,6.0,3.0,3.0,81.4,40.7,40.7
2480320,27,981346,LA CORDÁ DE PATERNA NB,HOME,2173687,M. Llompart Perello,,2653963,A. Traore,,1632609,C. Che Tortola,,1687305,L. Segura Moreno,,2071471,P. Saravia Logroño,,1.6,95.0,5.0,4.0,1.0,126.3,101.1,25.3
2480320,27,981346,LA CORDÁ DE PATERNA NB,HOME,2173687,M. Llompart Perello,,2653963,A. Traore,,2049442,I. Broncano Avellaneda,,2561096,A. Prim Giro,,1687305,L. Segura Moreno,,3.8,227.0,8.0,2.0,6.0,84.6,21.1,63.4
2480320,27,981346,LA CORDÁ DE PATERNA NB,HOME,2173687,M. Llompart Perello,,2653963,A. Traore,,2561096,A. Prim Giro,,2049442,I. Broncano Avellaneda,,2071471,P. Saravia Logroño,,2.3,138.0,5.0,3.0,2.0,87.0,52.2,34.8
2480320,27,981346,LA CORDÁ DE PATERNA NB,HOME,2173687,M. Llompart Perello,,2653963,A. Traore,,2561096,A. Prim Giro,,2163606,C. Sancho Mauri,,2071471,P. Saravia Logroño,,1.4,82.0,1.0,0.0,1.0,29.3,0.0,29.3
2480320,27,981346,LA CORDÁ DE PATERNA NB,HOME,2173687,M. Llompart Perello,,2796302,P. Gabriel,,1632609,C. Che Tortola,,1687305,L. Segura Moreno,,2071471,P. Saravia Logroño,,1.4,83.0,2.0,2.0,0.0,57.8,57.8,0.0
2480320,27,981346,LA CORDÁ DE PATERNA NB,HOME,2173687,M. Llompart Perello,,2796302,P. Gabriel,,2049442,I. Broncano Avellaneda,,2561096,A. Prim Giro,,1687305,L. Segura Moreno,,1.7,102.0,6.0,2.0,4.0,141.2,47.1,94.1
2480320,27,981346,LA CORDÁ DE PATERNA NB,HOME,2173687,M. Llompart Perello,,2796302,P. Gabriel,,2561096,A. Prim Giro,,1687305,L. Segura Moreno,,2024557,M. Bleda Ortega,,1.4,85.0,0.0,0.0,0.0,0.0,0.0,0.0
2480320,27,981346,LA CORDÁ DE PATERNA NB,HOME,2173687,M. Llompart Perello,,2796302,P. Gabriel,,2561096,A. Prim Giro,,1687305,L. Segura Moreno,,2071471,P. Saravia Logroño,,2.2,133.0,7.0,1.0,6.0,126.3,18.0,108.3
2480320,27,981346,LA CORDÁ DE PATERNA NB,HOME,2173687,M. Llompart Perello,,2796302,P. Gabriel,,2561096,A. Prim Giro,,2163606,C. Sancho Mauri,,2071471,P. Saravia Logroño,,2.9,173.0,7.0,6.0,1.0,97.1,83.2,13.9
2480320,27,981346,LA CORDÁ DE PATERNA NB,HOME,2173687,M. Llompart Perello,,2796302,P. Gabriel,,2561096,A. Prim Giro,,2864802,N. Lagowski,,2071471,P. Saravia Logroño,,1.7000000000000002,99.0,4.0,2.0,2.0,97.0,48.5,48.5
2480320,27,981346,LA CORDÁ DE PATERNA NB,HOME,2653963,A. Traore,,2049442,I. Broncano Avellaneda,,1632609,C. Che Tortola,,1687305,L. Segura Moreno,,2024557,M. Bleda Ortega,,2.4,149.0,6.0,2.0,4.0,96.6,32.2,64.4
2480320,27,981346,LA CORDÁ DE PATERNA NB,HOME,2653963,A. Traore,,2163606,C. Sancho Mauri,,2049442,I. Broncano Avellaneda,,1632609,C. Che Tortola,,2024557,M. Bleda Ortega,,0.7,41.0,0.0,3.0,-3.0,0.0,175.6,-175.6
2480320,27,981346,LA CORDÁ DE PATERNA NB,HOME,2796302,P. Gabriel,,1632609,C. Che Tortola,,1687305,L. Segura Moreno,,2071471,P. Saravia Logroño,,2024557,M. Bleda Ortega,,0.3,19.0,2.0,0.0,2.0,252.6,0.0,252.6
2480320,27,981346,LA CORDÁ DE PATERNA NB,HOME,2796302,P. Gabriel,,1632609,C. Che Tortola,,2163606,C. Sancho Mauri,,2071471,P. Saravia Logroño,,2024557,M. Bleda Ortega,,2.5,155.0,4.0,0.0,4.0,61.9,0.0,61.9
2480320,27,981346,LA CORDÁ DE PATERNA NB,HOME,2796302,P. Gabriel,,2049442,I. Broncano Avellaneda,,1632609,C. Che Tortola,,1687305,L. Segura Moreno,,2024557,M. Bleda Ortega,,0.9,55.0,3.0,0.0,3.0,130.9,0.0,130.9
2480320,27,981346,LA CORDÁ DE PATERNA NB,HOME,2796302,P. Gabriel,,2163606,C. Sancho Mauri,,2049442,I. Broncano Avellaneda,,1632609,C. Che Tortola,,2024557,M. Bleda Ortega,,0.5,27.0,0.0,0.0,0.0,0.0,0.0,0.0
2480321,28,981206,MCR LIMA-HORTA BARCELONA,AWAY,1908281,M. Aguado Tortella,PG,1959765,J. Rueda Choni,SG,1886093,E. Escuder Gonzalez,SG,1912814,N. Barrientos Pereira,SF,1494221,L. Soler Madariaga,C,1.4,84.0,5.0,6.0,-1.0,142.9,171.4,-28.6
2480321,28,981206,MCR LIMA-HORTA BARCELONA,AWAY,1908281,M. Aguado Tortella,PG,1959765,J. Rueda Choni,SG,1886093,E. Escuder Gonzalez,SG,1912814,N. Barrientos Pereira,SF,2235190,E. Morales López,C,0.0,2.0,0.0,0.0,0.0,0.0,0.0,0.0
2480321,28,981206,MCR LIMA-HORTA BARCELONA,AWAY,1908281,M. Aguado Tortella,PG,1959765,J. Rueda Choni,SG,1912814,N. Barrientos Pereira,SF,2049841,E. Trawally Porta,PF,2235190,E. Morales López,C,5.5,325.0,11.0,8.0,3.0,81.2,59.1,22.2
2480321,28,981206,MCR LIMA-HORTA BARCELONA,AWAY,1908281,M. Aguado Tortella,PG,1959765,J. Rueda Choni,SG,2042157,C. Ripoll Moya,SF,2049841,E. Trawally Porta,PF,1494221,L. Soler Madariaga,C,5.2,311.0,16.0,10.0,6.0,123.5,77.2,46.3
2480321,28,981206,MCR LIMA-HORTA BARCELONA,AWAY,1908281,M. Aguado Tortella,PG,1959765,J. Rueda Choni,SG,2042157,C. Ripoll Moya,SF,2049841,E. Trawally Porta,PF,2235190,E. Morales López,C,5.4,320.0,12.0,7.0,5.0,90.0,52.5,37.5
2480321,28,981206,MCR LIMA-HORTA BARCELONA,AWAY,1958425,L. Roig I Salrach,PG,1886093,E. Escuder Gonzalez,SG,1912814,N. Barrientos Pereira,SF,1494221,L. Soler Madariaga,C,2235190,E. Morales López,C,0.1,3.0,0.0,0.0,0.0,0.0,0.0,0.0
2480321,28,981206,MCR LIMA-HORTA BARCELONA,AWAY,1958425,L. Roig I Salrach,PG,1886093,E. Escuder Gonzalez,SG,1912814,N. Barrientos Pereira,SF,2049841,E. Trawally Porta,PF,1494221,L. Soler Madariaga,C,3.4000000000000004,204.0,11.0,7.0,4.0,129.4,82.4,47.1
2480321,28,981206,MCR LIMA-HORTA BARCELONA,AWAY,1958425,L. Roig I Salrach,PG,1886093,E. Escuder Gonzalez,SG,2042157,C. Ripoll Moya,SF,1912814,N. Barrientos Pereira,SF,1494221,L. Soler Madariaga,C,1.3,80.0,3.0,2.0,1.0,90.0,60.0,30.0
2480321,28,981206,MCR LIMA-HORTA BARCELONA,AWAY,1958425,L. Roig I Salrach,PG,1908281,M. Aguado Tortella,PG,1886093,E. Escuder Gonzalez,SG,1912814,N. Barrientos Pereira,SF,2235190,E. Morales López,C,0.9,52.0,0.0,0.0,0.0,0.0,0.0,0.0
2480321,28,981206,MCR LIMA-HORTA BARCELONA,AWAY,1958425,L. Roig I Salrach,PG,1908281,M. Aguado Tortella,PG,1886093,E. Escuder Gonzalez,SG,2049841,E. Trawally Porta,PF,2235190,E. Morales López,C,0.9,57.0,0.0,3.0,-3.0,0.0,126.3,-126.3
2480321,28,981206,MCR LIMA-HORTA BARCELONA,AWAY,1958425,L. Roig I Salrach,PG,1908281,M. Aguado Tortella,PG,1959765,J. Rueda Choni,SG,1886093,E. Escuder Gonzalez,SG,1912814,N. Barrientos Pereira,SF,0.2,12.0,2.0,0.0,2.0,400.0,0.0,400.0
2480321,28,981206,MCR LIMA-HORTA BARCELONA,AWAY,1958425,L. Roig I Salrach,PG,1908281,M. Aguado Tortella,PG,1959765,J. Rueda Choni,SG,2049841,E. Trawally Porta,PF,2235190,E. Morales López,C,1.5,88.0,0.0,2.0,-2.0,0.0,54.5,-54.5
2480321,28,981206,MCR LIMA-HORTA BARCELONA,AWAY,1958425,L. Roig I Salrach,PG,1959765,J. Rueda Choni,SG,1886093,E. Escuder Gonzalez,SG,1494221,L. Soler Madariaga,C,2235190,E. Morales López,C,2.6,156.0,8.0,4.0,4.0,123.1,61.5,61.5
2480321,28,981206,MCR LIMA-HORTA BARCELONA,AWAY,1958425,L. Roig I Salrach,PG,1959765,J. Rueda Choni,SG,1912814,N. Barrientos Pereira,SF,2049841,E. Trawally Porta,PF,2235190,E. Morales López,C,1.2,73.0,0.0,2.0,-2.0,0.0,65.8,-65.8
2480321,28,981206,MCR LIMA-HORTA BARCELONA,AWAY,1958425,L. Roig I Salrach,PG,1959765,J. Rueda Choni,SG,2042157,C. Ripoll Moya,SF,1912814,N. Barrientos Pereira,SF,1494221,L. Soler Madariaga,C,1.2,73.0,1.0,3.0,-2.0,32.9,98.6,-65.8
2480321,28,981206,MCR LIMA-HORTA BARCELONA,AWAY,1959765,J. Rueda Choni,SG,1886093,E. Escuder Gonzalez,SG,1912814,N. Barrientos Pereira,SF,2049841,E. Trawally Porta,PF,2235190,E. Morales López,C,1.0,60.0,2.0,2.0,0.0,80.0,80.0,0.0
2480321,28,981206,MCR LIMA-HORTA BARCELONA,AWAY,1959765,J. Rueda Choni,SG,1886093,E. Escuder Gonzalez,SG,2042157,C. Ripoll Moya,SF,1912814,N. Barrientos Pereira,SF,1494221,L. Soler Madariaga,C,5.6,336.0,14.0,12.0,2.0,100.0,85.7,14.3
2480321,28,981206,MCR LIMA-HORTA BARCELONA,AWAY,1959765,J. Rueda Choni,SG,1886093,E. Escuder Gonzalez,SG,2042157,C. Ripoll Moya,SF,1912814,N. Barrientos Pereira,SF,2049841,E. Trawally Porta,PF,0.1,6.0,0.0,0.0,0.0,0.0,0.0,0.0
2480321,28,981206,MCR LIMA-HORTA BARCELONA,AWAY,1959765,J. Rueda Choni,SG,1886093,E. Escuder Gonzalez,SG,2042157,C. Ripoll Moya,SF,1912814,N. Barrientos Pereira,SF,2235190,E. Morales López,C,0.7,40.0,1.0,0.0,1.0,60.0,0.0,60.0
2480321,28,981206,MCR LIMA-HORTA BARCELONA,AWAY,1959765,J. Rueda Choni,SG,1886093,E. Escuder Gonzalez,SG,2042157,C. Ripoll Moya,SF,2049841,E. Trawally Porta,PF,1494221,L. Soler Madariaga,C,0.2,13.0,1.0,2.0,-1.0,184.6,369.2,-184.6
2480321,28,981206,MCR LIMA-HORTA BARCELONA,AWAY,1959765,J. Rueda Choni,SG,1886093,E. Escuder Gonzalez,SG,2042157,C. Ripoll Moya,SF,2049841,E. Trawally Porta,PF,2235190,E. Morales López,C,1.8,105.0,3.0,3.0,0.0,68.6,68.6,0.0
2480321,28,981346,LA CORDÁ DE PATERNA NB,HOME,1632609,C. Che Tortola,PG,2024557,M. Bleda Ortega,SG,2049442,I. Broncano Avellaneda,SF,1687305,L. Segura Moreno,SF,2796302,P. Gabriel,C,4.7,285.0,10.0,10.0,0.0,84.2,84.2,0.0
2480321,28,981346,LA CORDÁ DE PATERNA NB,HOME,1632609,C. Che Tortola,PG,2024557,M. Bleda Ortega,SG,2049442,I. Broncano Avellaneda,SF,2163606,C. Sancho Mauri,PF,2796302,P. Gabriel,C,0.3,21.0,3.0,1.0,2.0,342.9,114.3,228.6
2480321,28,981346,LA CORDÁ DE PATERNA NB,HOME,1632609,C. Che Tortola,PG,2024557,M. Bleda Ortega,SG,2049442,I. Broncano Avellaneda,SF,2864802,N. Lagowski,C,2796302,P. Gabriel,C,2.8,165.0,2.0,5.0,-3.0,29.1,72.7,-43.6
2480321,28,981346,LA CORDÁ DE PATERNA NB,HOME,1632609,C. Che Tortola,PG,2071471,P. Saravia Logroño,SG,2024557,M. Bleda Ortega,SG,1687305,L. Segura Moreno,SF,2653963,A. Traore,C,4.6,275.0,6.0,7.0,-1.0,52.4,61.1,-8.7
2480321,28,981346,LA CORDÁ DE PATERNA NB,HOME,1632609,C. Che Tortola,PG,2071471,P. Saravia Logroño,SG,2049442,I. Broncano Avellaneda,SF,1687305,L. Segura Moreno,SF,2163606,C. Sancho Mauri,PF,0.2,12.0,0.0,2.0,-2.0,0.0,400.0,-400.0
2480321,28,981346,LA CORDÁ DE PATERNA NB,HOME,1632609,C. Che Tortola,PG,2071471,P. Saravia Logroño,SG,2049442,I. Broncano Avellaneda,SF,1687305,L. Segura Moreno,SF,2653963,A. Traore,C,4.1,242.0,9.0,13.0,-4.0,89.3,128.9,-39.7
2480321,28,981346,LA CORDÁ DE PATERNA NB,HOME,1632609,C. Che Tortola,PG,2071471,P. Saravia Logroño,SG,2049442,I. Broncano Avellaneda,SF,1687305,L. Segura Moreno,SF,2796302,P. Gabriel,C,3.2,190.0,6.0,8.0,-2.0,75.8,101.1,-25.3
2480321,28,981346,LA CORDÁ DE PATERNA NB,HOME,1632609,C. Che Tortola,PG,2071471,P. Saravia Logroño,SG,2049442,I. Broncano Avellaneda,SF,2864802,N. Lagowski,C,2653963,A. Traore,C,1.1,65.0,0.0,5.0,-5.0,0.0,184.6,-184.6
2480321,28,981346,LA CORDÁ DE PATERNA NB,HOME,1632609,C. Che Tortola,PG,2561096,A. Prim Giro,SG,2049442,I. Broncano Avellaneda,SF,2864802,N. Lagowski,C,2796302,P. Gabriel,C,2.8,165.0,5.0,5.0,0.0,72.7,72.7,0.0
2480321,28,981346,LA CORDÁ DE PATERNA NB,HOME,2024557,M. Bleda Ortega,SG,2561096,A. Prim Giro,SG,2049442,I. Broncano Avellaneda,SF,1687305,L. Segura Moreno,SF,2864802,N. Lagowski,C,3.1,188.0,4.0,8.0,-4.0,51.1,102.1,-51.1
2480321,28,981346,LA CORDÁ DE PATERNA NB,HOME,2071471,P. Saravia Logroño,SG,2024557,M. Bleda Ortega,SG,2561096,A. Prim Giro,SG,1687305,L. Segura Moreno,SF,2653963,A. Traore,C,0.7999999999999999,45.0,2.0,2.0,0.0,106.7,106.7,0.0
2480321,28,981346,LA CORDÁ DE PATERNA NB,HOME,2071471,P. Saravia Logroño,SG,2024557,M. Bleda Ortega,SG,2561096,A. Prim Giro,SG,2049442,I. Broncano Avellaneda,SF,2864802,N. Lagowski,C,2.0,118.0,4.0,5.0,-1.0,81.4,101.7,-20.3
2480321,28,981346,LA CORDÁ DE PATERNA NB,HOME,2071471,P. Saravia Logroño,SG,2024557,M. Bleda Ortega,SG,2561096,A. Prim Giro,SG,2163606,C. Sancho Mauri,PF,2653963,A. Traore,C,1.3,78.0,2.0,0.0,2.0,61.5,0.0,61.5
2480321,28,981346,LA CORDÁ DE PATERNA NB,HOME,2071471,P. Saravia Logroño,SG,2561096,A. Prim Giro,SG,1687305,L. Segura Moreno,SF,2163606,C. Sancho Mauri,PF,2653963,A. Traore,C,3.4,205.0,9.0,5.0,4.0,105.4,58.5,46.8
2480321,28,981346,LA CORDÁ DE PATERNA NB,HOME,2071471,P. Saravia Logroño,SG,2561096,A. Prim Giro,SG,2049442,I. Broncano Avellaneda,SF,1687305,L. Segura Moreno,SF,2796302,P. Gabriel,C,1.1,66.0,2.0,3.0,-1.0,72.7,109.1,-36.4
2480321,28,981346,LA CORDÁ DE PATERNA NB,HOME,2071471,P. Saravia Logroño,SG,2561096,A. Prim Giro,SG,2049442,I. Broncano Avellaneda,SF,2864802,N. Lagowski,C,2653963,A. Traore,C,1.2,73.0,2.0,0.0,2.0,65.8,0.0,65.8
2480321,28,981346,LA CORDÁ DE PATERNA NB,HOME,2071471,P. Saravia Logroño,SG,2561096,A. Prim Giro,SG,2163606,C. Sancho Mauri,PF,2864802,N. Lagowski,C,2796302,P. Gabriel,C,1.7000000000000002,100.0,4.0,3.0,1.0,96.0,72.0,24.0
2480321,28,981346,LA CORDÁ DE PATERNA NB,HOME,2561096,A. Prim Giro,SG,2049442,I. Broncano Avellaneda,SF,2163606,C. Sancho Mauri,PF,2864802,N. Lagowski,C,2796302,P. Gabriel,C,1.8,107.0,3.0,8.0,-5.0,67.3,179.4,-112.1
2480322,28,979912,DOMUSA TEKNIK ISB,AWAY,1721468,C. Villamor Aparicio,PG,2364470,G. Leaupepe,SG,1826917,J. Azcue Jauregui,SF,2021400,M. Gutierrez Ibañez,PF,2818717,S. Van,PF,4.800000000000001,287.0,8.0,8.0,0.0,66.9,66.9,0.0
2480322,28,979912,DOMUSA TEKNIK ISB,AWAY,1721468,C. Villamor Aparicio,PG,2364470,G. Leaupepe,SG,2145033,A. Lizundia Arozena,SF,2021400,M. Gutierrez Ibañez,PF,2818717,S. Van,PF,4.1,243.0,7.0,5.0,2.0,69.1,49.4,19.8
2480322,28,979912,DOMUSA TEKNIK ISB,AWAY,1721468,C. Villamor Aparicio,PG,2364470,G. Leaupepe,SG,2145033,A. Lizundia Arozena,SF,2021400,M. Gutierrez Ibañez,PF,2818813,E. Lalotte,C,1.3,76.0,0.0,0.0,0.0,0.0,0.0,0.0
2480322,28,979912,DOMUSA TEKNIK ISB,AWAY,1721468,C. Villamor Aparicio,PG,2364470,G. Leaupepe,SG,2145033,A. Lizundia Arozena,SF,2818717,S. Van,PF,2818813,E. Lalotte,C,1.0,60.0,4.0,2.0,2.0,160.0,80.0,80.0
2480322,28,979912,DOMUSA TEKNIK ISB,AWAY,2137901,M. Otaegi Albizu,PG,1721468,C. Villamor Aparicio,PG,1826917,J. Azcue Jauregui,SF,2818717,S. Van,PF,2818813,E. Lalotte,C,1.6,92.0,1.0,2.0,-1.0,26.1,52.2,-26.1
2480322,28,979912,DOMUSA TEKNIK ISB,AWAY,2137901,M. Otaegi Albizu,PG,1721468,C. Villamor Aparicio,PG,1894119,S. Iparraguirre Alustiza,SG,1826917,J. Azcue Jauregui,SF,2818813,E. Lalotte,C,3.1,188.0,2.0,0.0,2.0,25.5,0.0,25.5
2480322,28,979912,DOMUSA TEKNIK ISB,AWAY,2137901,M. Otaegi Albizu,PG,1721468,C. Villamor Aparicio,PG,2818816,I. Araújo Gouveia Vieira,PG,2145033,A. Lizundia Arozena,SF,2818717,S. Van,PF,0.3,21.0,3.0,0.0,3.0,342.9,0.0,342.9
2480322,28,979912,DOMUSA TEKNIK ISB,AWAY,2137901,M. Otaegi Albizu,PG,2818816,I. Araújo Gouveia Vieira,PG,1894119,S. Iparraguirre Alustiza,SG,2021400,M. Gutierrez Ibañez,PF,2818813,E. Lalotte,C,1.9,111.0,2.0,2.0,0.0,43.2,43.2,0.0
2480322,28,979912,DOMUSA TEKNIK ISB,AWAY,2137901,M. Otaegi Albizu,PG,2818816,I. Araújo Gouveia Vieira,PG,1894119,S. Iparraguirre Alustiza,SG,2818717,S. Van,PF,2818813,E. Lalotte,C,2.6,157.0,7.0,2.0,5.0,107.0,30.6,76.4
2480322,28,979912,DOMUSA TEKNIK ISB,AWAY,2137901,M. Otaegi Albizu,PG,2818816,I. Araújo Gouveia Vieira,PG,2145033,A. Lizundia Arozena,SF,2021400,M. Gutierrez Ibañez,PF,2818717,S. Van,PF,2.8,165.0,9.0,9.0,0.0,130.9,130.9,0.0
2480322,28,979912,DOMUSA TEKNIK ISB,AWAY,2137901,M. Otaegi Albizu,PG,2818816,I. Araújo Gouveia Vieira,PG,2145033,A. Lizundia Arozena,SF,2818717,S. Van,PF,2818813,E. Lalotte,C,1.0,57.0,2.0,0.0,2.0,84.2,0.0,84.2
2480322,28,979912,DOMUSA TEKNIK ISB,AWAY,2818816,I. Araújo Gouveia Vieira,PG,1894119,S. Iparraguirre Alustiza,SG,1826917,J. Azcue Jauregui,SF,2818717,S. Van,PF,2818813,E. Lalotte,C,5.2,312.0,14.0,8.0,6.0,107.7,61.5,46.2
2480322,28,979912,DOMUSA TEKNIK ISB,AWAY,2818816,I. Araújo Gouveia Vieira,PG,1894119,S. Iparraguirre Alustiza,SG,2145033,A. Lizundia Arozena,SF,2818717,S. Van,PF,2818813,E. Lalotte,C,6.4,384.0,17.0,12.0,5.0,106.2,75.0,31.2
2480322,28,979912,DOMUSA TEKNIK ISB,AWAY,2818816,I. Araújo Gouveia Vieira,PG,1894119,S. Iparraguirre Alustiza,SG,2364470,G. Leaupepe,SG,1826917,J. Azcue Jauregui,SF,2818813,E. Lalotte,C,0.2,12.0,0.0,0.0,0.0,0.0,0.0,0.0
2480322,28,979912,DOMUSA TEKNIK ISB,AWAY,2818816,I. Araújo Gouveia Vieira,PG,2364470,G. Leaupepe,SG,1826917,J. Azcue Jauregui,SF,2021400,M. Gutierrez Ibañez,PF,2818813,E. Lalotte,C,2.9,172.0,2.0,4.0,-2.0,27.9,55.8,-27.9
2480322,28,979912,DOMUSA TEKNIK ISB,AWAY,2818816,I. Araújo Gouveia Vieira,PG,2364470,G. Leaupepe,SG,2145033,A. Lizundia Arozena,SF,2021400,M. Gutierrez Ibañez,PF,2818813,E. Lalotte,C,1.1,63.0,0.0,5.0,-5.0,0.0,190.5,-190.5
2480322,28,979952,LA LAGUNA TOYOTA  ADAREVA,HOME,1128614,I. Arregui Mariezcurrena,PG,1613926,M. Gomez Fernandez,SF,2735173,M. Forsyth,SF,2816766,A. Coulibaly,C,1878753,N. Ibañez Silvestre,C,1.9,112.0,6.0,3.0,3.0,128.6,64.3,64.3
2480322,28,979952,LA LAGUNA TOYOTA  ADAREVA,HOME,1128614,I. Arregui Mariezcurrena,PG,2151715,J. Nogués Martí,PG,1613926,M. Gomez Fernandez,SF,1878753,N. Ibañez Silvestre,C,2838365,E. Koristová,,2.2,129.0,4.0,6.0,-2.0,74.4,111.6,-37.2
2480322,28,979952,LA LAGUNA TOYOTA  ADAREVA,HOME,1128614,I. Arregui Mariezcurrena,PG,2151715,J. Nogués Martí,PG,1613926,M. Gomez Fernandez,SF,2735173,M. Forsyth,SF,1878753,N. Ibañez Silvestre,C,6.0,354.0,9.0,5.0,4.0,61.0,33.9,27.1
2480322,28,979952,LA LAGUNA TOYOTA  ADAREVA,HOME,1128614,I. Arregui Mariezcurrena,PG,2151715,J. Nogués Martí,PG,1613926,M. Gomez Fernandez,SF,2735173,M. Forsyth,SF,2816766,A. Coulibaly,C,17.8,1063.0,30.0,38.0,-8.0,67.7,85.8,-18.1
2480322,28,979952,LA LAGUNA TOYOTA  ADAREVA,HOME,1128614,I. Arregui Mariezcurrena,PG,2151715,J. Nogués Martí,PG,1613926,M. Gomez Fernandez,SF,2816766,A. Coulibaly,C,1878753,N. Ibañez Silvestre,C,3.4000000000000004,202.0,2.0,9.0,-7.0,23.8,106.9,-83.2
2480322,28,979952,LA LAGUNA TOYOTA  ADAREVA,HOME,1128614,I. Arregui Mariezcurrena,PG,2151715,J. Nogués Martí,PG,2735173,M. Forsyth,SF,2816766,A. Coulibaly,C,2838365,E. Koristová,,4.1,246.0,2.0,3.0,-1.0,19.5,29.3,-9.8
2480322,28,979952,LA LAGUNA TOYOTA  ADAREVA,HOME,2151715,J. Nogués Martí,PG,1613926,M. Gomez Fernandez,SF,2735173,M. Forsyth,SF,2816766,A. Coulibaly,C,1878753,N. Ibañez Silvestre,C,4.9,294.0,6.0,14.0,-8.0,49.0,114.3,-65.3
2480323,28,981242,C.B. SANTFELIUENC,AWAY,2050086,M. Muñoz Moyano,PG,2073654,C. Gil Abad,PG,2190844,S. Pares Vilaseca,PG,2458281,B. Martinez Valcarce,SF,2155489,X. Salzmann Romeu,PF,5.0,297.0,7.0,21.0,-14.0,56.6,169.7,-113.1
2480323,28,981242,C.B. SANTFELIUENC,AWAY,2050086,M. Muñoz Moyano,PG,2190844,S. Pares Vilaseca,PG,2073654,C. Gil Abad,PG,2458281,B. Martinez Valcarce,SF,2155489,X. Salzmann Romeu,PF,6.6000000000000005,397.0,5.0,12.0,-7.0,30.2,72.5,-42.3
2480323,28,981242,C.B. SANTFELIUENC,AWAY,2050086,M. Muñoz Moyano,PG,2190844,S. Pares Vilaseca,PG,2073654,C. Gil Abad,PG,2458281,B. Martinez Valcarce,SF,2334120,L. Loran Sureda,SF,0.1,3.0,0.0,0.0,0.0,0.0,0.0,0.0
2480323,28,981242,C.B. SANTFELIUENC,AWAY,2050086,M. Muñoz Moyano,PG,2190844,S. Pares Vilaseca,PG,2321377,C. Romeo Coll,SF,2458281,B. Martinez Valcarce,SF,2155489,X. Salzmann Romeu,PF,3.5,206.0,6.0,11.0,-5.0,69.9,128.2,-58.3
2480323,28,981242,C.B. SANTFELIUENC,AWAY,2050086,M. Muñoz Moyano,PG,2190844,S. Pares Vilaseca,PG,2321377,C. Romeo Coll,SF,2458281,B. Martinez Valcarce,SF,2334120,L. Loran Sureda,SF,1.5,90.0,3.0,3.0,0.0,80.0,80.0,0.0
2480323,28,981242,C.B. SANTFELIUENC,AWAY,2050086,M. Muñoz Moyano,PG,2190844,S. Pares Vilaseca,PG,2458281,B. Martinez Valcarce,SF,2155489,X. Salzmann Romeu,PF,2864042,K. Trehub,C,4.6,277.0,4.0,19.0,-15.0,34.7,164.6,-130.0
2480323,28,981242,C.B. SANTFELIUENC,AWAY,2050086,M. Muñoz Moyano,PG,2190844,S. Pares Vilaseca,PG,2458281,B. Martinez Valcarce,SF,2864042,K. Trehub,C,2257209,A. Segura Freixenet,C,2.3,136.0,0.0,2.0,-2.0,0.0,35.3,-35.3
2480323,28,981242,C.B. SANTFELIUENC,AWAY,2050086,M. Muñoz Moyano,PG,2458281,B. Martinez Valcarce,SF,2334120,L. Loran Sureda,SF,2864042,K. Trehub,C,2257209,A. Segura Freixenet,C,1.4,81.0,2.0,4.0,-2.0,59.3,118.5,-59.3
2480323,28,981242,C.B. SANTFELIUENC,AWAY,2073654,C. Gil Abad,PG,2321377,C. Romeo Coll,SF,2458281,B. Martinez Valcarce,SF,2334120,L. Loran Sureda,SF,2155489,X. Salzmann Romeu,PF,0.5,28.0,0.0,2.0,-2.0,0.0,171.4,-171.4
2480323,28,981242,C.B. SANTFELIUENC,AWAY,2073654,C. Gil Abad,PG,2321377,C. Romeo Coll,SF,2458281,B. Martinez Valcarce,SF,2334120,L. Loran Sureda,SF,2864042,K. Trehub,C,3.0,178.0,8.0,0.0,8.0,107.9,0.0,107.9
2480323,28,981242,C.B. SANTFELIUENC,AWAY,2190844,S. Pares Vilaseca,PG,2050086,M. Muñoz Moyano,PG,2155489,X. Salzmann Romeu,PF,2864042,K. Trehub,C,2257209,A. Segura Freixenet,C,2.7,163.0,4.0,9.0,-5.0,58.9,132.5,-73.6
2480323,28,981242,C.B. SANTFELIUENC,AWAY,2190844,S. Pares Vilaseca,PG,2050086,M. Muñoz Moyano,PG,2321377,C. Romeo Coll,SF,2334120,L. Loran Sureda,SF,2155489,X. Salzmann Romeu,PF,3.4,204.0,5.0,8.0,-3.0,58.8,94.1,-35.3
2480323,28,981242,C.B. SANTFELIUENC,AWAY,2190844,S. Pares Vilaseca,PG,2050086,M. Muñoz Moyano,PG,2334120,L. Loran Sureda,SF,2155489,X. Salzmann Romeu,PF,2257209,A. Segura Freixenet,C,0.5,29.0,2.0,0.0,2.0,165.5,0.0,165.5
2480323,28,981242,C.B. SANTFELIUENC,AWAY,2190844,S. Pares Vilaseca,PG,2073654,C. Gil Abad,PG,2050086,M. Muñoz Moyano,PG,2155489,X. Salzmann Romeu,PF,2864042,K. Trehub,C,2.9,176.0,2.0,4.0,-2.0,27.3,54.5,-27.3
2480323,28,981242,C.B. SANTFELIUENC,AWAY,2190844,S. Pares Vilaseca,PG,2073654,C. Gil Abad,PG,2458281,B. Martinez Valcarce,SF,2155489,X. Salzmann Romeu,PF,2864042,K. Trehub,C,0.2,13.0,0.0,0.0,0.0,0.0,0.0,0.0
2480323,28,981242,C.B. SANTFELIUENC,AWAY,2190844,S. Pares Vilaseca,PG,2073654,C. Gil Abad,PG,2458281,B. Martinez Valcarce,SF,2334120,L. Loran Sureda,SF,2155489,X. Salzmann Romeu,PF,0.8,48.0,0.0,2.0,-2.0,0.0,100.0,-100.0
2480323,28,981242,C.B. SANTFELIUENC,AWAY,2190844,S. Pares Vilaseca,PG,2073654,C. Gil Abad,PG,2458281,B. Martinez Valcarce,SF,2334120,L. Loran Sureda,SF,2864042,K. Trehub,C,1.2,74.0,2.0,3.0,-1.0,64.9,97.3,-32.4
2480323,28,981492,CELTA  FEMXA ZORKA,HOME,1898932,M. Gea Becerra,PG,2049773,D. Bermejo Escribano,PG,2121212,P. Salinas Mascuñana,SG,2651124,A. Boquete Manna,SF,2179703,N. Martínez Quintana,,3.0,178.0,0.0,8.0,-8.0,0.0,107.9,-107.9
2480323,28,981492,CELTA  FEMXA ZORKA,HOME,1898932,M. Gea Becerra,PG,2049773,D. Bermejo Escribano,PG,2121212,P. Salinas Mascuñana,SG,2651124,A. Boquete Manna,SF,2179984,U. Rodríguez Silva,SF,2.0,121.0,5.0,6.0,-1.0,99.2,119.0,-19.8
2480323,28,981492,CELTA  FEMXA ZORKA,HOME,1898932,M. Gea Becerra,PG,2049773,D. Bermejo Escribano,PG,2121212,P. Salinas Mascuñana,SG,2651124,A. Boquete Manna,SF,2814638,J. Kelliher,PF,1.5999999999999999,96.0,6.0,2.0,4.0,150.0,50.0,100.0
2480323,28,981492,CELTA  FEMXA ZORKA,HOME,1898932,M. Gea Becerra,PG,2121212,P. Salinas Mascuñana,SG,2179984,U. Rodríguez Silva,SF,2814638,J. Kelliher,PF,2644595,I. Vennema,PF,0.7,39.0,2.0,0.0,2.0,123.1,0.0,123.1
2480323,28,981492,CELTA  FEMXA ZORKA,HOME,1898932,M. Gea Becerra,PG,2121212,P. Salinas Mascuñana,SG,2651124,A. Boquete Manna,SF,2179984,U. Rodríguez Silva,SF,2179703,N. Martínez Quintana,,2.4,140.0,4.0,2.0,2.0,68.6,34.3,34.3
2480323,28,981492,CELTA  FEMXA ZORKA,HOME,1898932,M. Gea Becerra,PG,2121212,P. Salinas Mascuñana,SG,2651124,A. Boquete Manna,SF,2179984,U. Rodríguez Silva,SF,2276545,M. Vizmanos Iglesis,PF,1.6,93.0,3.0,3.0,0.0,77.4,77.4,0.0
2480323,28,981492,CELTA  FEMXA ZORKA,HOME,1898932,M. Gea Becerra,PG,2121212,P. Salinas Mascuñana,SG,2651124,A. Boquete Manna,SF,2644595,I. Vennema,PF,2179703,N. Martínez Quintana,,1.0,61.0,3.0,3.0,0.0,118.0,118.0,0.0
2480323,28,981492,CELTA  FEMXA ZORKA,HOME,1898932,M. Gea Becerra,PG,2121212,P. Salinas Mascuñana,SG,2651124,A. Boquete Manna,SF,2644595,I. Vennema,PF,2276545,M. Vizmanos Iglesis,PF,5.199999999999999,307.0,13.0,4.0,9.0,101.6,31.3,70.4
2480323,28,981492,CELTA  FEMXA ZORKA,HOME,1898932,M. Gea Becerra,PG,2121212,P. Salinas Mascuñana,SG,2651124,A. Boquete Manna,SF,2814638,J. Kelliher,PF,2276545,M. Vizmanos Iglesis,PF,2.3,142.0,2.0,0.0,2.0,33.8,0.0,33.8
2480323,28,981492,CELTA  FEMXA ZORKA,HOME,1898932,M. Gea Becerra,PG,2121212,P. Salinas Mascuñana,SG,2651124,A. Boquete Manna,SF,2814638,J. Kelliher,PF,2644595,I. Vennema,PF,0.5,31.0,3.0,0.0,3.0,232.3,0.0,232.3
2480323,28,981492,CELTA  FEMXA ZORKA,HOME,2049773,D. Bermejo Escribano,PG,2121212,P. Salinas Mascuñana,SG,2179984,U. Rodríguez Silva,SF,2644595,I. Vennema,PF,2276545,M. Vizmanos Iglesis,PF,1.9,112.0,10.0,5.0,5.0,214.3,107.1,107.1
2480323,28,981492,CELTA  FEMXA ZORKA,HOME,2049773,D. Bermejo Escribano,PG,2121212,P. Salinas Mascuñana,SG,2179984,U. Rodríguez Silva,SF,2814638,J. Kelliher,PF,2644595,I. Vennema,PF,6.800000000000001,405.0,16.0,5.0,11.0,94.8,29.6,65.2
2480323,28,981492,CELTA  FEMXA ZORKA,HOME,2049773,D. Bermejo Escribano,PG,2121212,P. Salinas Mascuñana,SG,2651124,A. Boquete Manna,SF,2179984,U. Rodríguez Silva,SF,2814638,J. Kelliher,PF,1.9,113.0,7.0,2.0,5.0,148.7,42.5,106.2
2480323,28,981492,CELTA  FEMXA ZORKA,HOME,2049773,D. Bermejo Escribano,PG,2121212,P. Salinas Mascuñana,SG,2814638,J. Kelliher,PF,2644595,I. Vennema,PF,2276545,M. Vizmanos Iglesis,PF,3.2,194.0,13.0,2.0,11.0,160.8,24.7,136.1
2480323,28,981492,CELTA  FEMXA ZORKA,HOME,2049773,D. Bermejo Escribano,PG,2179984,U. Rodríguez Silva,SF,2814638,J. Kelliher,PF,2644595,I. Vennema,PF,2276545,M. Vizmanos Iglesis,PF,6.1,368.0,13.0,8.0,5.0,84.8,52.2,32.6
2480324,28,979971,OSES CONSTRUCCION,HOME,1588922,L. Gutierrez Lancho,PG,1044456,M. Asurmendi Villaverde,PG,1824910,S. Castro Marrero,SF,1820835,A. Wone Aranaz,PF,1593987,M. Recarte Mendive,C,0.3,17.0,1.0,0.0,1.0,141.2,0.0,141.2
2480324,28,979971,OSES CONSTRUCCION,HOME,1588922,L. Gutierrez Lancho,PG,1044456,M. Asurmendi Villaverde,PG,1824910,S. Castro Marrero,SF,2432778,J. Mungo Lanzetti,PF,1820835,A. Wone Aranaz,PF,0.6,35.0,0.0,0.0,0.0,0.0,0.0,0.0
2480324,28,979971,OSES CONSTRUCCION,HOME,1588922,L. Gutierrez Lancho,PG,1044456,M. Asurmendi Villaverde,PG,2364706,F. Parra,SG,1820835,A. Wone Aranaz,PF,1593987,M. Recarte Mendive,C,3.2,195.0,5.0,10.0,-5.0,61.5,123.1,-61.5
2480324,28,979971,OSES CONSTRUCCION,HOME,1588922,L. Gutierrez Lancho,PG,1044456,M. Asurmendi Villaverde,PG,2364706,F. Parra,SG,2432778,J. Mungo Lanzetti,PF,1593987,M. Recarte Mendive,C,1.3,80.0,0.0,4.0,-4.0,0.0,120.0,-120.0
2480324,28,979971,OSES CONSTRUCCION,HOME,1588922,L. Gutierrez Lancho,PG,1044456,M. Asurmendi Villaverde,PG,2432778,J. Mungo Lanzetti,PF,1820835,A. Wone Aranaz,PF,1593987,M. Recarte Mendive,C,2.9000000000000004,175.0,8.0,3.0,5.0,109.7,41.1,68.6
2480324,28,979971,OSES CONSTRUCCION,HOME,1588922,L. Gutierrez Lancho,PG,1044456,M. Asurmendi Villaverde,PG,2561097,A. Diez Pastor,SF,1820835,A. Wone Aranaz,PF,1593987,M. Recarte Mendive,C,2.9,172.0,4.0,13.0,-9.0,55.8,181.4,-125.6
2480324,28,979971,OSES CONSTRUCCION,HOME,1588922,L. Gutierrez Lancho,PG,1044456,M. Asurmendi Villaverde,PG,2561097,A. Diez Pastor,SF,2432778,J. Mungo Lanzetti,PF,1593987,M. Recarte Mendive,C,5.9,353.0,19.0,6.0,13.0,129.2,40.8,88.4
2480324,28,979971,OSES CONSTRUCCION,HOME,1588922,L. Gutierrez Lancho,PG,2364706,F. Parra,SG,1824910,S. Castro Marrero,SF,2432778,J. Mungo Lanzetti,PF,1820835,A. Wone Aranaz,PF,0.4,23.0,0.0,0.0,0.0,0.0,0.0,0.0
2480324,28,979971,OSES CONSTRUCCION,HOME,1588922,L. Gutierrez Lancho,PG,2561102,M. Blanco Morcillo,PG,1044456,M. Asurmendi Villaverde,PG,1824910,S. Castro Marrero,SF,1820835,A. Wone Aranaz,PF,0.1,7.0,0.0,0.0,0.0,0.0,0.0,0.0
2480324,28,979971,OSES CONSTRUCCION,HOME,1588922,L. Gutierrez Lancho,PG,2561102,M. Blanco Morcillo,PG,1824910,S. Castro Marrero,SF,2432778,J. Mungo Lanzetti,PF,1820835,A. Wone Aranaz,PF,1.6,97.0,5.0,2.0,3.0,123.7,49.5,74.2
2480324,28,979971,OSES CONSTRUCCION,HOME,1588922,L. Gutierrez Lancho,PG,2561102,M. Blanco Morcillo,PG,2364706,F. Parra,SG,2432778,J. Mungo Lanzetti,PF,1593987,M. Recarte Mendive,C,1.4,87.0,0.0,0.0,0.0,0.0,0.0,0.0
2480324,28,979971,OSES CONSTRUCCION,HOME,2561102,M. Blanco Morcillo,PG,1044456,M. Asurmendi Villaverde,PG,1824910,S. Castro Marrero,SF,2432778,J. Mungo Lanzetti,PF,1820835,A. Wone Aranaz,PF,1.6,101.0,2.0,4.0,-2.0,47.5,95.0,-47.5
2480324,28,979971,OSES CONSTRUCCION,HOME,2561102,M. Blanco Morcillo,PG,2364706,F. Parra,SG,1824910,S. Castro Marrero,SF,1820835,A. Wone Aranaz,PF,1593987,M. Recarte Mendive,C,0.2,15.0,1.0,0.0,1.0,160.0,0.0,160.0
2480324,28,979971,OSES CONSTRUCCION,HOME,2561102,M. Blanco Morcillo,PG,2364706,F. Parra,SG,1824910,S. Castro Marrero,SF,2432778,J. Mungo Lanzetti,PF,1593987,M. Recarte Mendive,C,0.9,54.0,2.0,3.0,-1.0,88.9,133.3,-44.4
2480324,28,979971,OSES CONSTRUCCION,HOME,2561102,M. Blanco Morcillo,PG,2364706,F. Parra,SG,1824910,S. Castro Marrero,SF,2432778,J. Mungo Lanzetti,PF,1820835,A. Wone Aranaz,PF,16.2,969.0,32.0,22.0,10.0,79.3,54.5,24.8
2480324,28,979971,OSES CONSTRUCCION,HOME,2561102,M. Blanco Morcillo,PG,2364706,F. Parra,SG,2561097,A. Diez Pastor,SF,1824910,S. Castro Marrero,SF,1593987,M. Recarte Mendive,C,0.3,20.0,3.0,0.0,3.0,360.0,0.0,360.0
2480324,28,981356,BOSONIT UNIBASKET,AWAY,1626810,C. Aldecoa Rodriguez,SG,1678734,M. Llorente Ruiz,SG,2735759,L. Van Schaik,SF,1778980,I. Losada Gonzalez-Babe,PF,2819119,T. Sedláková,C,3.2,195.0,10.0,5.0,5.0,123.1,61.5,61.5
2480324,28,981356,BOSONIT UNIBASKET,AWAY,1626810,C. Aldecoa Rodriguez,SG,1678734,M. Llorente Ruiz,SG,2735759,L. Van Schaik,SF,1834784,E. Florez Pascual,SF,2819119,T. Sedláková,C,1.5,88.0,3.0,0.0,3.0,81.8,0.0,81.8
2480324,28,981356,BOSONIT UNIBASKET,AWAY,1626810,C. Aldecoa Rodriguez,SG,1678734,M. Llorente Ruiz,SG,2735759,L. Van Schaik,SF,1834784,E. Florez Pascual,SF,2819121,H. Forster,C,0.5,35.0,0.0,4.0,-4.0,0.0,274.3,-274.3
2480324,28,981356,BOSONIT UNIBASKET,AWAY,1821692,M. Alonso Guadaño,PG,1626810,C. Aldecoa Rodriguez,SG,2561556,C. Sañudo Trillo,SG,1834784,E. Florez Pascual,SF,2819119,T. Sedláková,C,0.5,30.0,0.0,3.0,-3.0,0.0,240.0,-240.0
2480324,28,981356,BOSONIT UNIBASKET,AWAY,1821692,M. Alonso Guadaño,PG,1626810,C. Aldecoa Rodriguez,SG,2561556,C. Sañudo Trillo,SG,1834784,E. Florez Pascual,SF,2819121,H. Forster,C,5.9,357.0,18.0,6.0,12.0,121.0,40.3,80.7
2480324,28,981356,BOSONIT UNIBASKET,AWAY,1821692,M. Alonso Guadaño,PG,1626810,C. Aldecoa Rodriguez,SG,2735759,L. Van Schaik,SF,1834784,E. Florez Pascual,SF,2819121,H. Forster,C,0.9,52.0,2.0,2.0,0.0,92.3,92.3,0.0
2480324,28,981356,BOSONIT UNIBASKET,AWAY,1821692,M. Alonso Guadaño,PG,1678734,M. Llorente Ruiz,SG,2735759,L. Van Schaik,SF,1778980,I. Losada Gonzalez-Babe,PF,2819119,T. Sedláková,C,8.0,482.0,14.0,20.0,-6.0,69.7,99.6,-29.9
2480324,28,981356,BOSONIT UNIBASKET,AWAY,1821692,M. Alonso Guadaño,PG,1678734,M. Llorente Ruiz,SG,2735759,L. Van Schaik,SF,1834784,E. Florez Pascual,SF,2819119,T. Sedláková,C,1.2,71.0,0.0,3.0,-3.0,0.0,101.4,-101.4
2480324,28,981356,BOSONIT UNIBASKET,AWAY,1821692,M. Alonso Guadaño,PG,2561556,C. Sañudo Trillo,SG,2735759,L. Van Schaik,SF,1834784,E. Florez Pascual,SF,2819121,H. Forster,C,2.4,145.0,3.0,7.0,-4.0,49.7,115.9,-66.2
2480324,28,981356,BOSONIT UNIBASKET,AWAY,2151019,N. Padrosa Mons,PG,1626810,C. Aldecoa Rodriguez,SG,1678734,M. Llorente Ruiz,SG,1778980,I. Losada Gonzalez-Babe,PF,2819119,T. Sedláková,C,1.1,68.0,0.0,5.0,-5.0,0.0,176.5,-176.5
2480324,28,981356,BOSONIT UNIBASKET,AWAY,2151019,N. Padrosa Mons,PG,1626810,C. Aldecoa Rodriguez,SG,2561556,C. Sañudo Trillo,SG,1778980,I. Losada Gonzalez-Babe,PF,2819119,T. Sedláková,C,1.2000000000000002,68.0,0.0,2.0,-2.0,0.0,70.6,-70.6
2480324,28,981356,BOSONIT UNIBASKET,AWAY,2151019,N. Padrosa Mons,PG,1626810,C. Aldecoa Rodriguez,SG,2735759,L. Van Schaik,SF,1834784,E. Florez Pascual,SF,2819121,H. Forster,C,3.2,192.0,3.0,12.0,-9.0,37.5,150.0,-112.5
2480324,28,981356,BOSONIT UNIBASKET,AWAY,2151019,N. Padrosa Mons,PG,1678734,M. Llorente Ruiz,SG,2735759,L. Van Schaik,SF,1778980,I. Losada Gonzalez-Babe,PF,2819119,T. Sedláková,C,5.7,343.0,7.0,11.0,-4.0,49.0,77.0,-28.0
2480324,28,981356,BOSONIT UNIBASKET,AWAY,2151019,N. Padrosa Mons,PG,2561556,C. Sañudo Trillo,SG,2735759,L. Van Schaik,SF,1778980,I. Losada Gonzalez-Babe,PF,2819119,T. Sedláková,C,0.9,53.0,0.0,0.0,0.0,0.0,0.0,0.0
2480324,28,981356,BOSONIT UNIBASKET,AWAY,2151019,N. Padrosa Mons,PG,2561556,C. Sañudo Trillo,SG,2735759,L. Van Schaik,SF,1834784,E. Florez Pascual,SF,2819121,H. Forster,C,3.5999999999999996,221.0,7.0,2.0,5.0,76.0,21.7,54.3
2480325,28,979988,FUSTECMA NBF CASTELLÓ,HOME,1932094,J. Gomez Guimera,PG,2087212,L. Ruiz De La Hermosa Arce,PG,2383616,F. Asemota Augustine,PG,1680760,S. Carli Del Pino,SG,1618451,L. Campos De Bengoa,SF,4.699999999999999,284.0,4.0,8.0,-4.0,33.8,67.6,-33.8
2480325,28,979988,FUSTECMA NBF CASTELLÓ,HOME,1932094,J. Gomez Guimera,PG,2087212,L. Ruiz De La Hermosa Arce,PG,2383616,F. Asemota Augustine,PG,1680760,S. Carli Del Pino,SG,2131367,S. Basaez Narvaez,SF,7.9,485.0,11.0,17.0,-6.0,54.4,84.1,-29.7
2480325,28,979988,FUSTECMA NBF CASTELLÓ,HOME,1932094,J. Gomez Guimera,PG,2087212,L. Ruiz De La Hermosa Arce,PG,2383616,F. Asemota Augustine,PG,1680760,S. Carli Del Pino,SG,2274867,L. De Giacomo,PF,1.9,122.0,1.0,4.0,-3.0,19.7,78.7,-59.0
2480325,28,979988,FUSTECMA NBF CASTELLÓ,HOME,1932094,J. Gomez Guimera,PG,2383616,F. Asemota Augustine,PG,1680760,S. Carli Del Pino,SG,2131367,S. Basaez Narvaez,SF,1618451,L. Campos De Bengoa,SF,2.5,148.0,3.0,2.0,1.0,48.6,32.4,16.2
2480325,28,979988,FUSTECMA NBF CASTELLÓ,HOME,1932094,J. Gomez Guimera,PG,2383616,F. Asemota Augustine,PG,1680760,S. Carli Del Pino,SG,2131367,S. Basaez Narvaez,SF,2274867,L. De Giacomo,PF,3.9000000000000004,238.0,4.0,0.0,4.0,40.3,0.0,40.3
2480325,28,979988,FUSTECMA NBF CASTELLÓ,HOME,1932094,J. Gomez Guimera,PG,2383616,F. Asemota Augustine,PG,1680760,S. Carli Del Pino,SG,2131367,S. Basaez Narvaez,SF,2829993,G. Aiello,C,5.7,336.0,11.0,9.0,2.0,78.6,64.3,14.3
2480325,28,979988,FUSTECMA NBF CASTELLÓ,HOME,2087212,L. Ruiz De La Hermosa Arce,PG,1680760,S. Carli Del Pino,SG,1618451,L. Campos De Bengoa,SF,2274867,L. De Giacomo,PF,2829993,G. Aiello,C,5.2,310.0,11.0,11.0,0.0,85.2,85.2,0.0
2480325,28,979988,FUSTECMA NBF CASTELLÓ,HOME,2087212,L. Ruiz De La Hermosa Arce,PG,2383616,F. Asemota Augustine,PG,1680760,S. Carli Del Pino,SG,1618451,L. Campos De Bengoa,SF,2274867,L. De Giacomo,PF,2.5999999999999996,152.0,2.0,3.0,-1.0,31.6,47.4,-15.8
2480325,28,979988,FUSTECMA NBF CASTELLÓ,HOME,2087212,L. Ruiz De La Hermosa Arce,PG,2383616,F. Asemota Augustine,PG,1680760,S. Carli Del Pino,SG,2131367,S. Basaez Narvaez,SF,1618451,L. Campos De Bengoa,SF,5.5,325.0,9.0,3.0,6.0,66.5,22.2,44.3
2480325,28,981334,UNICAJA MIJAS,AWAY,1949233,A. Orois Aznarez,PG,1317227,C. Garcia Paunero,SG,1884837,M. Roters Dubinina,PF,1723860,S. Galeron Alvarez,PF,2096249,T. Eke Benitez,C,1.4,83.0,3.0,0.0,3.0,86.7,0.0,86.7
2480325,28,981334,UNICAJA MIJAS,AWAY,1949233,A. Orois Aznarez,PG,1317227,C. Garcia Paunero,SG,1884837,M. Roters Dubinina,PF,2096249,T. Eke Benitez,C,2646984,L. Rivers,C,3.0,178.0,6.0,2.0,4.0,80.9,27.0,53.9
2480325,28,981334,UNICAJA MIJAS,AWAY,1949233,A. Orois Aznarez,PG,1317227,C. Garcia Paunero,SG,1884837,M. Roters Dubinina,PF,2646984,L. Rivers,C,2096249,T. Eke Benitez,C,5.2,310.0,11.0,11.0,0.0,85.2,85.2,0.0
2480325,28,981334,UNICAJA MIJAS,AWAY,1949233,A. Orois Aznarez,PG,2643500,C. Capellan Santana,SG,1317227,C. Garcia Paunero,SG,1884837,M. Roters Dubinina,PF,1723860,S. Galeron Alvarez,PF,3.0999999999999996,188.0,4.0,4.0,0.0,51.1,51.1,0.0
2480325,28,981334,UNICAJA MIJAS,AWAY,1949233,A. Orois Aznarez,PG,2643500,C. Capellan Santana,SG,1317227,C. Garcia Paunero,SG,1884837,M. Roters Dubinina,PF,2096249,T. Eke Benitez,C,1.2999999999999998,82.0,2.0,0.0,2.0,58.5,0.0,58.5
2480325,28,981334,UNICAJA MIJAS,AWAY,1949233,A. Orois Aznarez,PG,2643500,C. Capellan Santana,SG,1317227,C. Garcia Paunero,SG,1884837,M. Roters Dubinina,PF,2646984,L. Rivers,C,4.3999999999999995,269.0,2.0,6.0,-4.0,17.8,53.5,-35.7
2480325,28,981334,UNICAJA MIJAS,AWAY,1949233,A. Orois Aznarez,PG,2643500,C. Capellan Santana,SG,1884837,M. Roters Dubinina,PF,1723860,S. Galeron Alvarez,PF,2096249,T. Eke Benitez,C,1.4,84.0,4.0,0.0,4.0,114.3,0.0,114.3
2480325,28,981334,UNICAJA MIJAS,AWAY,1954737,E. Puiggros Rovira,PG,1317227,C. Garcia Paunero,SG,1884837,M. Roters Dubinina,PF,1723860,S. Galeron Alvarez,PF,2413042,C. Guillen Uriguen,,0.2,14.0,0.0,1.0,-1.0,0.0,171.4,-171.4
2480325,28,981334,UNICAJA MIJAS,AWAY,1954737,E. Puiggros Rovira,PG,1317227,C. Garcia Paunero,SG,1884837,M. Roters Dubinina,PF,1723860,S. Galeron Alvarez,PF,2646984,L. Rivers,C,1.6,98.0,0.0,2.0,-2.0,0.0,49.0,-49.0
2480325,28,981334,UNICAJA MIJAS,AWAY,1954737,E. Puiggros Rovira,PG,2643500,C. Capellan Santana,SG,1317227,C. Garcia Paunero,SG,1884837,M. Roters Dubinina,PF,1723860,S. Galeron Alvarez,PF,8.600000000000001,523.0,11.0,10.0,1.0,50.5,45.9,4.6
2480325,28,981334,UNICAJA MIJAS,AWAY,1954737,E. Puiggros Rovira,PG,2643500,C. Capellan Santana,SG,1884837,M. Roters Dubinina,PF,1723860,S. Galeron Alvarez,PF,2096249,T. Eke Benitez,C,3.4000000000000004,200.0,3.0,11.0,-8.0,36.0,132.0,-96.0
2480325,28,981334,UNICAJA MIJAS,AWAY,1954737,E. Puiggros Rovira,PG,2643500,C. Capellan Santana,SG,1884837,M. Roters Dubinina,PF,1723860,S. Galeron Alvarez,PF,2413042,C. Guillen Uriguen,,2.3,137.0,2.0,4.0,-2.0,35.0,70.1,-35.0
2480325,28,981334,UNICAJA MIJAS,AWAY,1954737,E. Puiggros Rovira,PG,2643500,C. Capellan Santana,SG,1884837,M. Roters Dubinina,PF,1723860,S. Galeron Alvarez,PF,2646984,L. Rivers,C,1.4,81.0,4.0,0.0,4.0,118.5,0.0,118.5
2480325,28,981334,UNICAJA MIJAS,AWAY,2643500,C. Capellan Santana,SG,1317227,C. Garcia Paunero,SG,1884837,M. Roters Dubinina,PF,1723860,S. Galeron Alvarez,PF,2096249,T. Eke Benitez,C,0.7,40.0,0.0,0.0,0.0,0.0,0.0,0.0
2480325,28,981334,UNICAJA MIJAS,AWAY,2643500,C. Capellan Santana,SG,1317227,C. Garcia Paunero,SG,1884837,M. Roters Dubinina,PF,2096249,T. Eke Benitez,C,2646984,L. Rivers,C,1.9000000000000001,113.0,5.0,5.0,0.0,106.2,106.2,0.0
2480326,28,981288,SERNOVA RENOVABLES REAL CANOE,HOME,2037982,M. Nagore Sanchez,PG,2097038,P. De Mier Espina,PG,1787143,C. Mato De Prada,SF,1242234,C. Rodriguez Nuñez,PF,2818945,O. Santana Moldavsky,PF,1.0,59.0,2.0,2.0,0.0,81.4,81.4,0.0
2480326,28,981288,SERNOVA RENOVABLES REAL CANOE,HOME,2097038,P. De Mier Espina,PG,1787143,C. Mato De Prada,SF,2866005,E. Zemoura,PF,1242234,C. Rodriguez Nuñez,PF,2818945,O. Santana Moldavsky,PF,2.2,132.0,6.0,2.0,4.0,109.1,36.4,72.7
2480326,28,981288,SERNOVA RENOVABLES REAL CANOE,HOME,2097038,P. De Mier Espina,PG,1859345,L. Fleta Robles,SG,1787143,C. Mato De Prada,SF,2866005,E. Zemoura,PF,1242234,C. Rodriguez Nuñez,PF,1.2,72.0,3.0,4.0,-1.0,100.0,133.3,-33.3
2480326,28,981288,SERNOVA RENOVABLES REAL CANOE,HOME,2097038,P. De Mier Espina,PG,1927626,C. Flores Garcia,SG,1859345,L. Fleta Robles,SG,1787143,C. Mato De Prada,SF,2034380,A. Lozano Davila,SF,2.0,120.0,0.0,5.0,-5.0,0.0,100.0,-100.0
2480326,28,981288,SERNOVA RENOVABLES REAL CANOE,HOME,2097038,P. De Mier Espina,PG,1927626,C. Flores Garcia,SG,1859345,L. Fleta Robles,SG,1787143,C. Mato De Prada,SF,2866005,E. Zemoura,PF,2.4000000000000004,142.0,4.0,0.0,4.0,67.6,0.0,67.6
2480326,28,981288,SERNOVA RENOVABLES REAL CANOE,HOME,2097038,P. De Mier Espina,PG,2021397,A. Esnal Aguirre,PG,1787143,C. Mato De Prada,SF,1242234,C. Rodriguez Nuñez,PF,2818945,O. Santana Moldavsky,PF,0.6,36.0,0.0,0.0,0.0,0.0,0.0,0.0
2480326,28,981288,SERNOVA RENOVABLES REAL CANOE,HOME,2097038,P. De Mier Espina,PG,2021397,A. Esnal Aguirre,PG,1787143,C. Mato De Prada,SF,2866005,E. Zemoura,PF,1242234,C. Rodriguez Nuñez,PF,7.1,427.0,11.0,10.0,1.0,61.8,56.2,5.6
2480326,28,981288,SERNOVA RENOVABLES REAL CANOE,HOME,2097038,P. De Mier Espina,PG,2021397,A. Esnal Aguirre,PG,1787143,C. Mato De Prada,SF,2866005,E. Zemoura,PF,2818945,O. Santana Moldavsky,PF,2.5,152.0,5.0,3.0,2.0,78.9,47.4,31.6
2480326,28,981288,SERNOVA RENOVABLES REAL CANOE,HOME,2097038,P. De Mier Espina,PG,2021397,A. Esnal Aguirre,PG,1859345,L. Fleta Robles,SG,1787143,C. Mato De Prada,SF,1242234,C. Rodriguez Nuñez,PF,2.0,120.0,7.0,2.0,5.0,140.0,40.0,100.0
2480326,28,981288,SERNOVA RENOVABLES REAL CANOE,HOME,2097038,P. De Mier Espina,PG,2021397,A. Esnal Aguirre,PG,1859345,L. Fleta Robles,SG,1787143,C. Mato De Prada,SF,2866005,E. Zemoura,PF,1.9,115.0,7.0,2.0,5.0,146.1,41.7,104.3
2480326,28,981288,SERNOVA RENOVABLES REAL CANOE,HOME,2097038,P. De Mier Espina,PG,2021397,A. Esnal Aguirre,PG,1927626,C. Flores Garcia,SG,1787143,C. Mato De Prada,SF,2034380,A. Lozano Davila,SF,0.9,52.0,0.0,2.0,-2.0,0.0,92.3,-92.3
2480326,28,981288,SERNOVA RENOVABLES REAL CANOE,HOME,2097038,P. De Mier Espina,PG,2021397,A. Esnal Aguirre,PG,1927626,C. Flores Garcia,SG,1859345,L. Fleta Robles,SG,2034380,A. Lozano Davila,SF,0.1,3.0,0.0,0.0,0.0,0.0,0.0,0.0
2480326,28,981288,SERNOVA RENOVABLES REAL CANOE,HOME,2097038,P. De Mier Espina,PG,2021397,A. Esnal Aguirre,PG,1927626,C. Flores Garcia,SG,1859345,L. Fleta Robles,SG,2866005,E. Zemoura,PF,5.5,329.0,18.0,3.0,15.0,131.3,21.9,109.4
2480326,28,981288,SERNOVA RENOVABLES REAL CANOE,HOME,2097038,P. De Mier Espina,PG,2021397,A. Esnal Aguirre,PG,1927626,C. Flores Garcia,SG,2034380,A. Lozano Davila,SF,1242234,C. Rodriguez Nuñez,PF,1.0,61.0,0.0,0.0,0.0,0.0,0.0,0.0
2480326,28,981288,SERNOVA RENOVABLES REAL CANOE,HOME,2097038,P. De Mier Espina,PG,2021397,A. Esnal Aguirre,PG,1927626,C. Flores Garcia,SG,2034380,A. Lozano Davila,SF,2818945,O. Santana Moldavsky,PF,2.5,147.0,5.0,10.0,-5.0,81.6,163.3,-81.6
2480326,28,981288,SERNOVA RENOVABLES REAL CANOE,HOME,2097038,P. De Mier Espina,PG,2021397,A. Esnal Aguirre,PG,2866005,E. Zemoura,PF,1242234,C. Rodriguez Nuñez,PF,2818945,O. Santana Moldavsky,PF,5.3,319.0,4.0,10.0,-6.0,30.1,75.2,-45.1
2480326,28,981288,SERNOVA RENOVABLES REAL CANOE,HOME,2185085,A. Hernandez Casa,PG,2037982,M. Nagore Sanchez,PG,2097038,P. De Mier Espina,PG,1242234,C. Rodriguez Nuñez,PF,2818945,O. Santana Moldavsky,PF,0.2,14.0,1.0,2.0,-1.0,171.4,342.9,-171.4
2480326,28,981288,SERNOVA RENOVABLES REAL CANOE,HOME,2185085,A. Hernandez Casa,PG,2037982,M. Nagore Sanchez,PG,2097038,P. De Mier Espina,PG,2034380,A. Lozano Davila,SF,1242234,C. Rodriguez Nuñez,PF,1.7,100.0,3.0,4.0,-1.0,72.0,96.0,-24.0
2480326,28,981306,CAJASOL BALONCESTO SEVILLA FEMENINO,AWAY,2791616,L. Vorphal,PG,1522827,M. Recio Gonzalez,PG,2004240,N. Sanchez Robayo,PG,1999405,N. Anitua Garcia,SG,1695079,A. Vendrell Girbes,SF,34.8,2081.0,51.0,72.0,-21.0,58.8,83.0,-24.2
2480326,28,981306,CAJASOL BALONCESTO SEVILLA FEMENINO,AWAY,2791616,L. Vorphal,PG,2004240,N. Sanchez Robayo,PG,1999405,N. Anitua Garcia,SG,1695079,A. Vendrell Girbes,SF,2867807,F. Pouye,PF,1.7,103.0,3.0,0.0,3.0,69.9,0.0,69.9
2480326,28,981306,CAJASOL BALONCESTO SEVILLA FEMENINO,AWAY,2791616,L. Vorphal,PG,2004240,N. Sanchez Robayo,PG,1999405,N. Anitua Garcia,SG,2867807,F. Pouye,PF,2053354,F. Gassama Dansoko,C,3.6,216.0,7.0,4.0,3.0,77.8,44.4,33.3
2480327,28,979770,MELILLA CIUDAD DEL DEPORTE LA SALLE,HOME,1454479,A. Senosiain Vergarachea,PG,1715165,M. Torreblanca Ginel,SG,1587316,C. Caceres Ayala,SG,1713801,C. Torrubia Cano,PF,1946976,L. Moya Blanch,PF,0.8,48.0,4.0,3.0,1.0,200.0,150.0,50.0
2480327,28,979770,MELILLA CIUDAD DEL DEPORTE LA SALLE,HOME,1454479,A. Senosiain Vergarachea,PG,1715165,M. Torreblanca Ginel,SG,1587316,C. Caceres Ayala,SG,1829640,A. Sanchez Davila,SF,1713801,C. Torrubia Cano,PF,11.8,699.0,17.0,32.0,-15.0,58.4,109.9,-51.5
2480327,28,979770,MELILLA CIUDAD DEL DEPORTE LA SALLE,HOME,1454479,A. Senosiain Vergarachea,PG,1715165,M. Torreblanca Ginel,SG,1587316,C. Caceres Ayala,SG,1829640,A. Sanchez Davila,SF,1946976,L. Moya Blanch,PF,7.1,422.0,12.0,16.0,-4.0,68.2,91.0,-22.7
2480327,28,979770,MELILLA CIUDAD DEL DEPORTE LA SALLE,HOME,1454479,A. Senosiain Vergarachea,PG,1715165,M. Torreblanca Ginel,SG,1587316,C. Caceres Ayala,SG,1829640,A. Sanchez Davila,SF,2432929,M. Davydova,C,4.0,237.0,8.0,12.0,-4.0,81.0,121.5,-40.5
2480327,28,979770,MELILLA CIUDAD DEL DEPORTE LA SALLE,HOME,1454479,A. Senosiain Vergarachea,PG,1715165,M. Torreblanca Ginel,SG,1587316,C. Caceres Ayala,SG,1946976,L. Moya Blanch,PF,2104399,C. Garcia Muñoz,C,1.0,60.0,0.0,2.0,-2.0,0.0,80.0,-80.0
2480327,28,979770,MELILLA CIUDAD DEL DEPORTE LA SALLE,HOME,1454479,A. Senosiain Vergarachea,PG,1715165,M. Torreblanca Ginel,SG,1587316,C. Caceres Ayala,SG,1946976,L. Moya Blanch,PF,2432929,M. Davydova,C,4.0,240.0,5.0,2.0,3.0,50.0,20.0,30.0
2480327,28,979770,MELILLA CIUDAD DEL DEPORTE LA SALLE,HOME,1454479,A. Senosiain Vergarachea,PG,1715165,M. Torreblanca Ginel,SG,1587316,C. Caceres Ayala,SG,2432929,M. Davydova,C,2104399,C. Garcia Muñoz,C,1.1,65.0,2.0,5.0,-3.0,73.8,184.6,-110.8
2480327,28,979770,MELILLA CIUDAD DEL DEPORTE LA SALLE,HOME,1454479,A. Senosiain Vergarachea,PG,1715165,M. Torreblanca Ginel,SG,1713801,C. Torrubia Cano,PF,2432929,M. Davydova,C,2104399,C. Garcia Muñoz,C,1.8,108.0,4.0,5.0,-1.0,88.9,111.1,-22.2
2480327,28,979770,MELILLA CIUDAD DEL DEPORTE LA SALLE,HOME,1454479,A. Senosiain Vergarachea,PG,1715165,M. Torreblanca Ginel,SG,1829640,A. Sanchez Davila,SF,1713801,C. Torrubia Cano,PF,2104399,C. Garcia Muñoz,C,1.5,87.0,3.0,3.0,0.0,82.8,82.8,0.0
2480327,28,979770,MELILLA CIUDAD DEL DEPORTE LA SALLE,HOME,1454479,A. Senosiain Vergarachea,PG,1715165,M. Torreblanca Ginel,SG,1829640,A. Sanchez Davila,SF,1713801,C. Torrubia Cano,PF,2432929,M. Davydova,C,4.9,298.0,6.0,10.0,-4.0,48.3,80.5,-32.2
2480327,28,979770,MELILLA CIUDAD DEL DEPORTE LA SALLE,HOME,1454479,A. Senosiain Vergarachea,PG,1715165,M. Torreblanca Ginel,SG,1946976,L. Moya Blanch,PF,2104399,C. Garcia Muñoz,C,2204396,L. Gonzalez Moreno,,0.8,51.0,2.0,2.0,0.0,94.1,94.1,0.0
2480327,28,979770,MELILLA CIUDAD DEL DEPORTE LA SALLE,HOME,1454479,A. Senosiain Vergarachea,PG,1715165,M. Torreblanca Ginel,SG,1946976,L. Moya Blanch,PF,2432929,M. Davydova,C,2204396,L. Gonzalez Moreno,,1.4,85.0,0.0,2.0,-2.0,0.0,56.5,-56.5
2480327,28,981213,AZULMARINO MALLORCA PALMA,AWAY,2074390,M. Aviñoa Canals,PG,975683,A. Torrens Salom,PG,1434977,C. Grande Pardo,PG,1527601,I. Junio Mbulito,SG,1083354,M. España Almendro,SF,1.5,85.0,5.0,2.0,3.0,141.2,56.5,84.7
2480327,28,981213,AZULMARINO MALLORCA PALMA,AWAY,2074390,M. Aviñoa Canals,PG,975683,A. Torrens Salom,PG,1434977,C. Grande Pardo,PG,1527601,I. Junio Mbulito,SG,2815892,A. Siciliano,SG,32.7,1957.0,78.0,47.0,31.0,95.7,57.6,38.0
2480327,28,981213,AZULMARINO MALLORCA PALMA,AWAY,975683,A. Torrens Salom,PG,1434977,C. Grande Pardo,PG,1527601,I. Junio Mbulito,SG,1083354,M. España Almendro,SF,2073955,G. Capel Cilla,PF,1.4,81.0,4.0,4.0,0.0,118.5,118.5,0.0
2480327,28,981213,AZULMARINO MALLORCA PALMA,AWAY,975683,A. Torrens Salom,PG,1434977,C. Grande Pardo,PG,1527601,I. Junio Mbulito,SG,2791252,A. Bulgak,C,1865395,M. Garcia Mateo,C,4.6,277.0,7.0,10.0,-3.0,60.6,86.6,-26.0
2480328,28,979919,RECOLETAS ZAMORA,AWAY,1516234,A. Moyano Medina,PG,1828742,I. Gimenez Monserrat,SG,1942017,A. Martin Tejedor,SG,2110765,A. Perez Relancio,PF,1259670,B. Sanchez Marrufo,C,2.3,136.0,5.0,2.0,3.0,88.2,35.3,52.9
2480328,28,979919,RECOLETAS ZAMORA,AWAY,1516234,A. Moyano Medina,PG,1828742,I. Gimenez Monserrat,SG,1942017,A. Martin Tejedor,SG,2239381,D. Angel Villen,SF,2817152,F. Filor,C,2.1,127.0,2.0,0.0,2.0,37.8,0.0,37.8
2480328,28,979919,RECOLETAS ZAMORA,AWAY,1516234,A. Moyano Medina,PG,1942017,A. Martin Tejedor,SG,2239381,D. Angel Villen,SF,2110765,A. Perez Relancio,PF,2817152,F. Filor,C,2.1,129.0,7.0,8.0,-1.0,130.2,148.8,-18.6
2480328,28,979919,RECOLETAS ZAMORA,AWAY,1516234,A. Moyano Medina,PG,2432306,F. Niski Castelao,SG,1828742,I. Gimenez Monserrat,SG,1942017,A. Martin Tejedor,SG,2239381,D. Angel Villen,SF,0.8,45.0,1.0,5.0,-4.0,53.3,266.7,-213.3
2480328,28,979919,RECOLETAS ZAMORA,AWAY,1516234,A. Moyano Medina,PG,2432306,F. Niski Castelao,SG,1942017,A. Martin Tejedor,SG,2239381,D. Angel Villen,SF,1259670,B. Sanchez Marrufo,C,1.6,94.0,3.0,0.0,3.0,76.6,0.0,76.6
2480328,28,979919,RECOLETAS ZAMORA,AWAY,1516234,A. Moyano Medina,PG,2734310,E. Resende Carregosa,PG,1828742,I. Gimenez Monserrat,SG,1942017,A. Martin Tejedor,SG,2110765,A. Perez Relancio,PF,7.7,466.0,7.0,7.0,0.0,36.1,36.1,0.0
2480328,28,979919,RECOLETAS ZAMORA,AWAY,1516234,A. Moyano Medina,PG,2734310,E. Resende Carregosa,PG,1828742,I. Gimenez Monserrat,SG,1942017,A. Martin Tejedor,SG,2239381,D. Angel Villen,SF,0.6,40.0,0.0,2.0,-2.0,0.0,120.0,-120.0
2480328,28,979919,RECOLETAS ZAMORA,AWAY,1516234,A. Moyano Medina,PG,2734310,E. Resende Carregosa,PG,1942017,A. Martin Tejedor,SG,2239381,D. Angel Villen,SF,1259670,B. Sanchez Marrufo,C,0.1,3.0,2.0,0.0,2.0,1600.0,0.0,1600.0
2480328,28,979919,RECOLETAS ZAMORA,AWAY,1516234,A. Moyano Medina,PG,2734310,E. Resende Carregosa,PG,1942017,A. Martin Tejedor,SG,2239381,D. Angel Villen,SF,2110765,A. Perez Relancio,PF,5.2,313.0,9.0,5.0,4.0,69.0,38.3,30.7
2480328,28,979919,RECOLETAS ZAMORA,AWAY,1516234,A. Moyano Medina,PG,2734310,E. Resende Carregosa,PG,2432306,F. Niski Castelao,SG,1828742,I. Gimenez Monserrat,SG,1942017,A. Martin Tejedor,SG,2.6,157.0,7.0,8.0,-1.0,107.0,122.3,-15.3
2480328,28,979919,RECOLETAS ZAMORA,AWAY,1516234,A. Moyano Medina,PG,2734310,E. Resende Carregosa,PG,2432306,F. Niski Castelao,SG,1942017,A. Martin Tejedor,SG,2110765,A. Perez Relancio,PF,11.7,705.0,13.0,22.0,-9.0,44.3,74.9,-30.6
2480328,28,979919,RECOLETAS ZAMORA,AWAY,1516234,A. Moyano Medina,PG,2734310,E. Resende Carregosa,PG,2432306,F. Niski Castelao,SG,1942017,A. Martin Tejedor,SG,2239381,D. Angel Villen,SF,2.3,141.0,5.0,6.0,-1.0,85.1,102.1,-17.0
2480328,28,979919,RECOLETAS ZAMORA,AWAY,2734310,E. Resende Carregosa,PG,2432306,F. Niski Castelao,SG,1828742,I. Gimenez Monserrat,SG,1942017,A. Martin Tejedor,SG,2239381,D. Angel Villen,SF,2.1,126.0,2.0,4.0,-2.0,38.1,76.2,-38.1
2480328,28,979919,RECOLETAS ZAMORA,AWAY,2734310,E. Resende Carregosa,PG,2432306,F. Niski Castelao,SG,1942017,A. Martin Tejedor,SG,2110765,A. Perez Relancio,PF,1259670,B. Sanchez Marrufo,C,3.6,218.0,5.0,4.0,1.0,55.0,44.0,11.0
2480328,28,981208,ALTER ENERSUN AL-QÁZERES EXTREMADURA,HOME,1860325,L. Fontela Cabaleiro,SG,2815234,I. Tavares Ramos,SG,2432389,J. De Barros Filipe,SF,2815153,V. Gauna,C,1902336,N. Liste Alfonsin,C,4.2,253.0,4.0,5.0,-1.0,37.9,47.4,-9.5
2480328,28,981208,ALTER ENERSUN AL-QÁZERES EXTREMADURA,HOME,1889214,C. Prieto Pereda,PG,2735904,R. De Lima Viegas Laneiro,PG,2432389,J. De Barros Filipe,SF,1112483,L. Mendez Lamas,PF,1902336,N. Liste Alfonsin,C,0.5,30.0,0.0,0.0,0.0,0.0,0.0,0.0
2480328,28,981208,ALTER ENERSUN AL-QÁZERES EXTREMADURA,HOME,1889214,C. Prieto Pereda,PG,2815234,I. Tavares Ramos,SG,2432389,J. De Barros Filipe,SF,2815153,V. Gauna,C,1902336,N. Liste Alfonsin,C,4.2,257.0,7.0,3.0,4.0,65.4,28.0,37.4
2480328,28,981208,ALTER ENERSUN AL-QÁZERES EXTREMADURA,HOME,2056237,L. Salmeron Segu,PG,1860325,L. Fontela Cabaleiro,SG,2815234,I. Tavares Ramos,SG,2432389,J. De Barros Filipe,SF,2815153,V. Gauna,C,2.4000000000000004,139.0,5.0,4.0,1.0,86.3,69.1,17.3
2480328,28,981208,ALTER ENERSUN AL-QÁZERES EXTREMADURA,HOME,2056237,L. Salmeron Segu,PG,2735904,R. De Lima Viegas Laneiro,PG,1860325,L. Fontela Cabaleiro,SG,2815234,I. Tavares Ramos,SG,2432389,J. De Barros Filipe,SF,0.1,8.0,2.0,0.0,2.0,600.0,0.0,600.0
2480328,28,981208,ALTER ENERSUN AL-QÁZERES EXTREMADURA,HOME,2056237,L. Salmeron Segu,PG,2735904,R. De Lima Viegas Laneiro,PG,2432389,J. De Barros Filipe,SF,1112483,L. Mendez Lamas,PF,2815153,V. Gauna,C,1.9,114.0,0.0,2.0,-2.0,0.0,42.1,-42.1
2480328,28,981208,ALTER ENERSUN AL-QÁZERES EXTREMADURA,HOME,2056237,L. Salmeron Segu,PG,2735904,R. De Lima Viegas Laneiro,PG,2432389,J. De Barros Filipe,SF,2815153,V. Gauna,C,1902336,N. Liste Alfonsin,C,3.8,233.0,5.0,0.0,5.0,51.5,0.0,51.5
2480328,28,981208,ALTER ENERSUN AL-QÁZERES EXTREMADURA,HOME,2056237,L. Salmeron Segu,PG,2735904,R. De Lima Viegas Laneiro,PG,2815234,I. Tavares Ramos,SG,2432389,J. De Barros Filipe,SF,1112483,L. Mendez Lamas,PF,2.1,129.0,8.0,7.0,1.0,148.8,130.2,18.6
2480328,28,981208,ALTER ENERSUN AL-QÁZERES EXTREMADURA,HOME,2056237,L. Salmeron Segu,PG,2735904,R. De Lima Viegas Laneiro,PG,2815234,I. Tavares Ramos,SG,2815153,V. Gauna,C,1902336,N. Liste Alfonsin,C,1.3,79.0,3.0,5.0,-2.0,91.1,151.9,-60.8
2480328,28,981208,ALTER ENERSUN AL-QÁZERES EXTREMADURA,HOME,2056237,L. Salmeron Segu,PG,2815234,I. Tavares Ramos,SG,2432389,J. De Barros Filipe,SF,1112483,L. Mendez Lamas,PF,2815153,V. Gauna,C,0.8,48.0,0.0,0.0,0.0,0.0,0.0,0.0
2480328,28,981208,ALTER ENERSUN AL-QÁZERES EXTREMADURA,HOME,2056237,L. Salmeron Segu,PG,2815234,I. Tavares Ramos,SG,2432389,J. De Barros Filipe,SF,2815153,V. Gauna,C,1902336,N. Liste Alfonsin,C,1.4,86.0,5.0,2.0,3.0,139.5,55.8,83.7
2480328,28,981208,ALTER ENERSUN AL-QÁZERES EXTREMADURA,HOME,2735904,R. De Lima Viegas Laneiro,PG,1860325,L. Fontela Cabaleiro,SG,2044012,C. Suárez Fernández,SF,2815153,V. Gauna,C,1902336,N. Liste Alfonsin,C,1.0,62.0,1.0,1.0,0.0,38.7,38.7,0.0
2480328,28,981208,ALTER ENERSUN AL-QÁZERES EXTREMADURA,HOME,2735904,R. De Lima Viegas Laneiro,PG,1860325,L. Fontela Cabaleiro,SG,2432389,J. De Barros Filipe,SF,2815153,V. Gauna,C,1902336,N. Liste Alfonsin,C,1.8,108.0,0.0,0.0,0.0,0.0,0.0,0.0
2480328,28,981208,ALTER ENERSUN AL-QÁZERES EXTREMADURA,HOME,2735904,R. De Lima Viegas Laneiro,PG,1860325,L. Fontela Cabaleiro,SG,2815234,I. Tavares Ramos,SG,1112483,L. Mendez Lamas,PF,1902336,N. Liste Alfonsin,C,4.0,237.0,6.0,14.0,-8.0,60.8,141.8,-81.0
2480328,28,981208,ALTER ENERSUN AL-QÁZERES EXTREMADURA,HOME,2735904,R. De Lima Viegas Laneiro,PG,1860325,L. Fontela Cabaleiro,SG,2815234,I. Tavares Ramos,SG,2432389,J. De Barros Filipe,SF,1902336,N. Liste Alfonsin,C,11.3,673.0,19.0,20.0,-1.0,67.8,71.3,-3.6
2480328,28,981208,ALTER ENERSUN AL-QÁZERES EXTREMADURA,HOME,2735904,R. De Lima Viegas Laneiro,PG,1860325,L. Fontela Cabaleiro,SG,2815234,I. Tavares Ramos,SG,2815153,V. Gauna,C,1902336,N. Liste Alfonsin,C,1.3,83.0,2.0,2.0,0.0,57.8,57.8,0.0
2480328,28,981208,ALTER ENERSUN AL-QÁZERES EXTREMADURA,HOME,2735904,R. De Lima Viegas Laneiro,PG,2815234,I. Tavares Ramos,SG,2432389,J. De Barros Filipe,SF,1112483,L. Mendez Lamas,PF,1902336,N. Liste Alfonsin,C,2.7,161.0,6.0,3.0,3.0,89.4,44.7,44.7
2480329,29,981206,MCR LIMA-HORTA BARCELONA,AWAY,1908281,M. Aguado Tortella,PG,1958425,L. Roig I Salrach,PG,1886093,E. Escuder Gonzalez,SG,2049841,E. Trawally Porta,PF,1494221,L. Soler Madariaga,C,0.2,14.0,2.0,0.0,2.0,342.9,0.0,342.9
2480329,29,981206,MCR LIMA-HORTA BARCELONA,AWAY,1908281,M. Aguado Tortella,PG,1958425,L. Roig I Salrach,PG,1912814,N. Barrientos Pereira,SF,2235190,E. Morales López,C,1494221,L. Soler Madariaga,C,2.5,150.0,5.0,2.0,3.0,80.0,32.0,48.0
2480329,29,981206,MCR LIMA-HORTA BARCELONA,AWAY,1908281,M. Aguado Tortella,PG,1958425,L. Roig I Salrach,PG,1959765,J. Rueda Choni,SG,1912814,N. Barrientos Pereira,SF,2049841,E. Trawally Porta,PF,0.2,14.0,0.0,0.0,0.0,0.0,0.0,0.0
2480329,29,981206,MCR LIMA-HORTA BARCELONA,AWAY,1908281,M. Aguado Tortella,PG,1958425,L. Roig I Salrach,PG,1959765,J. Rueda Choni,SG,2049841,E. Trawally Porta,PF,1494221,L. Soler Madariaga,C,5.4,327.0,7.0,5.0,2.0,51.4,36.7,14.7
2480329,29,981206,MCR LIMA-HORTA BARCELONA,AWAY,1908281,M. Aguado Tortella,PG,1958425,L. Roig I Salrach,PG,1959765,J. Rueda Choni,SG,2049841,E. Trawally Porta,PF,2235190,E. Morales López,C,3.4000000000000004,202.0,5.0,9.0,-4.0,59.4,106.9,-47.5
2480329,29,981206,MCR LIMA-HORTA BARCELONA,AWAY,1908281,M. Aguado Tortella,PG,1958425,L. Roig I Salrach,PG,1959765,J. Rueda Choni,SG,2235190,E. Morales López,C,1494221,L. Soler Madariaga,C,2.4000000000000004,147.0,3.0,4.0,-1.0,49.0,65.3,-16.3
2480329,29,981206,MCR LIMA-HORTA BARCELONA,AWAY,1908281,M. Aguado Tortella,PG,1958425,L. Roig I Salrach,PG,2042157,C. Ripoll Moya,SF,2049841,E. Trawally Porta,PF,2235190,E. Morales López,C,1.1,69.0,3.0,2.0,1.0,104.3,69.6,34.8
2480329,29,981206,MCR LIMA-HORTA BARCELONA,AWAY,1908281,M. Aguado Tortella,PG,1959765,J. Rueda Choni,SG,1912814,N. Barrientos Pereira,SF,2049841,E. Trawally Porta,PF,1494221,L. Soler Madariaga,C,1.4,86.0,5.0,0.0,5.0,139.5,0.0,139.5
2480329,29,981206,MCR LIMA-HORTA BARCELONA,AWAY,1908281,M. Aguado Tortella,PG,1959765,J. Rueda Choni,SG,1912814,N. Barrientos Pereira,SF,2049841,E. Trawally Porta,PF,2235190,E. Morales López,C,1.2,72.0,4.0,3.0,1.0,133.3,100.0,33.3
2480329,29,981206,MCR LIMA-HORTA BARCELONA,AWAY,1908281,M. Aguado Tortella,PG,1959765,J. Rueda Choni,SG,2042157,C. Ripoll Moya,SF,2049841,E. Trawally Porta,PF,2235190,E. Morales López,C,11.0,663.0,21.0,15.0,6.0,76.0,54.3,21.7
2480329,29,981206,MCR LIMA-HORTA BARCELONA,AWAY,1958425,L. Roig I Salrach,PG,1886093,E. Escuder Gonzalez,SG,1912814,N. Barrientos Pereira,SF,2049841,E. Trawally Porta,PF,1494221,L. Soler Madariaga,C,0.4,24.0,2.0,0.0,2.0,200.0,0.0,200.0
2480329,29,981206,MCR LIMA-HORTA BARCELONA,AWAY,1958425,L. Roig I Salrach,PG,1886093,E. Escuder Gonzalez,SG,1912814,N. Barrientos Pereira,SF,2235190,E. Morales López,C,1494221,L. Soler Madariaga,C,3.9,233.0,3.0,9.0,-6.0,30.9,92.7,-61.8
2480329,29,981206,MCR LIMA-HORTA BARCELONA,AWAY,1958425,L. Roig I Salrach,PG,1886093,E. Escuder Gonzalez,SG,1959765,J. Rueda Choni,SG,2049841,E. Trawally Porta,PF,1494221,L. Soler Madariaga,C,0.7,42.0,0.0,1.0,-1.0,0.0,57.1,-57.1
2480329,29,981206,MCR LIMA-HORTA BARCELONA,AWAY,1958425,L. Roig I Salrach,PG,1959765,J. Rueda Choni,SG,1886093,E. Escuder Gonzalez,SG,2049841,E. Trawally Porta,PF,2235190,E. Morales López,C,2.1,128.0,3.0,3.0,0.0,56.2,56.2,0.0
2480329,29,981206,MCR LIMA-HORTA BARCELONA,AWAY,1958425,L. Roig I Salrach,PG,1959765,J. Rueda Choni,SG,1912814,N. Barrientos Pereira,SF,2049841,E. Trawally Porta,PF,1494221,L. Soler Madariaga,C,2.9,174.0,5.0,5.0,0.0,69.0,69.0,0.0
2480329,29,981206,MCR LIMA-HORTA BARCELONA,AWAY,1959765,J. Rueda Choni,SG,2042157,C. Ripoll Moya,SF,1912814,N. Barrientos Pereira,SF,2049841,E. Trawally Porta,PF,1494221,L. Soler Madariaga,C,0.9,55.0,3.0,5.0,-2.0,130.9,218.2,-87.3
2480329,29,981208,ALTER ENERSUN AL-QÁZERES EXTREMADURA,HOME,1860325,L. Fontela Cabaleiro,SG,2815234,I. Tavares Ramos,SG,2432389,J. De Barros Filipe,SF,1902336,N. Liste Alfonsin,C,2815153,V. Gauna,C,3.8,229.0,3.0,7.0,-4.0,31.4,73.4,-41.9
2480329,29,981208,ALTER ENERSUN AL-QÁZERES EXTREMADURA,HOME,1889214,C. Prieto Pereda,PG,1860325,L. Fontela Cabaleiro,SG,2815234,I. Tavares Ramos,SG,1112483,L. Mendez Lamas,PF,1902336,N. Liste Alfonsin,C,0.2,14.0,0.0,2.0,-2.0,0.0,342.9,-342.9
2480329,29,981208,ALTER ENERSUN AL-QÁZERES EXTREMADURA,HOME,1889214,C. Prieto Pereda,PG,2735904,R. De Lima Viegas Laneiro,PG,1860325,L. Fontela Cabaleiro,SG,1112483,L. Mendez Lamas,PF,1902336,N. Liste Alfonsin,C,2.9000000000000004,177.0,4.0,6.0,-2.0,54.2,81.4,-27.1
2480329,29,981208,ALTER ENERSUN AL-QÁZERES EXTREMADURA,HOME,1889214,C. Prieto Pereda,PG,2735904,R. De Lima Viegas Laneiro,PG,1860325,L. Fontela Cabaleiro,SG,2432389,J. De Barros Filipe,SF,1902336,N. Liste Alfonsin,C,2.3,138.0,3.0,4.0,-1.0,52.2,69.6,-17.4
2480329,29,981208,ALTER ENERSUN AL-QÁZERES EXTREMADURA,HOME,1889214,C. Prieto Pereda,PG,2735904,R. De Lima Viegas Laneiro,PG,2323830,M. Asprella Chacón,SF,2432389,J. De Barros Filipe,SF,1112483,L. Mendez Lamas,PF,1.0,59.0,2.0,0.0,2.0,81.4,0.0,81.4
2480329,29,981208,ALTER ENERSUN AL-QÁZERES EXTREMADURA,HOME,1889214,C. Prieto Pereda,PG,2735904,R. De Lima Viegas Laneiro,PG,2432389,J. De Barros Filipe,SF,1112483,L. Mendez Lamas,PF,1902336,N. Liste Alfonsin,C,2.1,128.0,3.0,3.0,0.0,56.2,56.2,0.0
2480329,29,981208,ALTER ENERSUN AL-QÁZERES EXTREMADURA,HOME,1889214,C. Prieto Pereda,PG,2735904,R. De Lima Viegas Laneiro,PG,2432389,J. De Barros Filipe,SF,1902336,N. Liste Alfonsin,C,2815153,V. Gauna,C,1.3,79.0,0.0,2.0,-2.0,0.0,60.8,-60.8
2480329,29,981208,ALTER ENERSUN AL-QÁZERES EXTREMADURA,HOME,1889214,C. Prieto Pereda,PG,2815234,I. Tavares Ramos,SG,2432389,J. De Barros Filipe,SF,1902336,N. Liste Alfonsin,C,2815153,V. Gauna,C,1.6,98.0,10.0,3.0,7.0,244.9,73.5,171.4
2480329,29,981208,ALTER ENERSUN AL-QÁZERES EXTREMADURA,HOME,2056237,L. Salmeron Segu,PG,1860325,L. Fontela Cabaleiro,SG,2815234,I. Tavares Ramos,SG,1112483,L. Mendez Lamas,PF,1902336,N. Liste Alfonsin,C,3.4000000000000004,205.0,6.0,1.0,5.0,70.2,11.7,58.5
2480329,29,981208,ALTER ENERSUN AL-QÁZERES EXTREMADURA,HOME,2056237,L. Salmeron Segu,PG,2815234,I. Tavares Ramos,SG,2432389,J. De Barros Filipe,SF,1112483,L. Mendez Lamas,PF,1902336,N. Liste Alfonsin,C,0.8,51.0,0.0,2.0,-2.0,0.0,94.1,-94.1
2480329,29,981208,ALTER ENERSUN AL-QÁZERES EXTREMADURA,HOME,2056237,L. Salmeron Segu,PG,2815234,I. Tavares Ramos,SG,2432389,J. De Barros Filipe,SF,1902336,N. Liste Alfonsin,C,2815153,V. Gauna,C,7.3999999999999995,446.0,10.0,18.0,-8.0,53.8,96.9,-43.0
2480329,29,981208,ALTER ENERSUN AL-QÁZERES EXTREMADURA,HOME,2735904,R. De Lima Viegas Laneiro,PG,1860325,L. Fontela Cabaleiro,SG,2815234,I. Tavares Ramos,SG,1112483,L. Mendez Lamas,PF,1902336,N. Liste Alfonsin,C,1.6,97.0,5.0,2.0,3.0,123.7,49.5,74.2
2480329,29,981208,ALTER ENERSUN AL-QÁZERES EXTREMADURA,HOME,2735904,R. De Lima Viegas Laneiro,PG,1860325,L. Fontela Cabaleiro,SG,2815234,I. Tavares Ramos,SG,2432389,J. De Barros Filipe,SF,1112483,L. Mendez Lamas,PF,2.4,143.0,2.0,5.0,-3.0,33.6,83.9,-50.3
2480329,29,981208,ALTER ENERSUN AL-QÁZERES EXTREMADURA,HOME,2735904,R. De Lima Viegas Laneiro,PG,2056237,L. Salmeron Segu,PG,1860325,L. Fontela Cabaleiro,SG,2432389,J. De Barros Filipe,SF,1902336,N. Liste Alfonsin,C,1.6,95.0,7.0,2.0,5.0,176.8,50.5,126.3
2480329,29,981208,ALTER ENERSUN AL-QÁZERES EXTREMADURA,HOME,2735904,R. De Lima Viegas Laneiro,PG,2056237,L. Salmeron Segu,PG,1860325,L. Fontela Cabaleiro,SG,2815234,I. Tavares Ramos,SG,2432389,J. De Barros Filipe,SF,0.2,14.0,0.0,0.0,0.0,0.0,0.0,0.0
2480329,29,981208,ALTER ENERSUN AL-QÁZERES EXTREMADURA,HOME,2735904,R. De Lima Viegas Laneiro,PG,2815234,I. Tavares Ramos,SG,2432389,J. De Barros Filipe,SF,1112483,L. Mendez Lamas,PF,1902336,N. Liste Alfonsin,C,7.1,427.0,8.0,14.0,-6.0,45.0,78.7,-33.7
2480330,29,979770,MELILLA CIUDAD DEL DEPORTE LA SALLE,AWAY,1454479,A. Senosiain Vergarachea,PG,1715165,M. Torreblanca Ginel,SG,1587316,C. Caceres Ayala,SG,1713801,C. Torrubia Cano,PF,1946976,L. Moya Blanch,PF,7.1,426.0,10.0,15.0,-5.0,56.3,84.5,-28.2
2480330,29,979770,MELILLA CIUDAD DEL DEPORTE LA SALLE,AWAY,1454479,A. Senosiain Vergarachea,PG,1715165,M. Torreblanca Ginel,SG,1587316,C. Caceres Ayala,SG,1756623,A. Hernangomez Geuer,PF,1713801,C. Torrubia Cano,PF,2.5,148.0,9.0,7.0,2.0,145.9,113.5,32.4
2480330,29,979770,MELILLA CIUDAD DEL DEPORTE LA SALLE,AWAY,1454479,A. Senosiain Vergarachea,PG,1715165,M. Torreblanca Ginel,SG,1587316,C. Caceres Ayala,SG,1756623,A. Hernangomez Geuer,PF,1946976,L. Moya Blanch,PF,1.7,102.0,4.0,2.0,2.0,94.1,47.1,47.1
2480330,29,979770,MELILLA CIUDAD DEL DEPORTE LA SALLE,AWAY,1454479,A. Senosiain Vergarachea,PG,1715165,M. Torreblanca Ginel,SG,1587316,C. Caceres Ayala,SG,1756623,A. Hernangomez Geuer,PF,2432929,M. Davydova,C,2.6,160.0,2.0,5.0,-3.0,30.0,75.0,-45.0
2480330,29,979770,MELILLA CIUDAD DEL DEPORTE LA SALLE,AWAY,1454479,A. Senosiain Vergarachea,PG,1715165,M. Torreblanca Ginel,SG,1587316,C. Caceres Ayala,SG,1829640,A. Sanchez Davila,SF,1756623,A. Hernangomez Geuer,PF,10.1,606.0,21.0,26.0,-5.0,83.2,103.0,-19.8
2480330,29,979770,MELILLA CIUDAD DEL DEPORTE LA SALLE,AWAY,1454479,A. Senosiain Vergarachea,PG,1715165,M. Torreblanca Ginel,SG,1587316,C. Caceres Ayala,SG,1829640,A. Sanchez Davila,SF,1946976,L. Moya Blanch,PF,2.2,137.0,2.0,0.0,2.0,35.0,0.0,35.0
2480330,29,979770,MELILLA CIUDAD DEL DEPORTE LA SALLE,AWAY,1454479,A. Senosiain Vergarachea,PG,1715165,M. Torreblanca Ginel,SG,1587316,C. Caceres Ayala,SG,1946976,L. Moya Blanch,PF,2432929,M. Davydova,C,5.4,321.0,13.0,8.0,5.0,97.2,59.8,37.4
2480330,29,979770,MELILLA CIUDAD DEL DEPORTE LA SALLE,AWAY,1454479,A. Senosiain Vergarachea,PG,1715165,M. Torreblanca Ginel,SG,1829640,A. Sanchez Davila,SF,1756623,A. Hernangomez Geuer,PF,1713801,C. Torrubia Cano,PF,1.4,82.0,5.0,3.0,2.0,146.3,87.8,58.5
2480330,29,979770,MELILLA CIUDAD DEL DEPORTE LA SALLE,AWAY,1454479,A. Senosiain Vergarachea,PG,1715165,M. Torreblanca Ginel,SG,1829640,A. Sanchez Davila,SF,1756623,A. Hernangomez Geuer,PF,2104399,C. Garcia Muñoz,C,2.0,122.0,2.0,0.0,2.0,39.3,0.0,39.3
2480330,29,979770,MELILLA CIUDAD DEL DEPORTE LA SALLE,AWAY,1454479,A. Senosiain Vergarachea,PG,1715165,M. Torreblanca Ginel,SG,1829640,A. Sanchez Davila,SF,1756623,A. Hernangomez Geuer,PF,2432929,M. Davydova,C,3.2,186.0,4.0,9.0,-5.0,51.6,116.1,-64.5
2480330,29,979770,MELILLA CIUDAD DEL DEPORTE LA SALLE,AWAY,1454479,A. Senosiain Vergarachea,PG,1715165,M. Torreblanca Ginel,SG,1829640,A. Sanchez Davila,SF,1946976,L. Moya Blanch,PF,2432929,M. Davydova,C,1.8,110.0,0.0,0.0,0.0,0.0,0.0,0.0
2480330,29,979919,RECOLETAS ZAMORA,HOME,1516234,A. Moyano Medina,PG,1942017,A. Martin Tejedor,SG,1828742,I. Gimenez Monserrat,SG,2110765,A. Perez Relancio,PF,1259670,B. Sanchez Marrufo,C,2.0,121.0,0.0,0.0,0.0,0.0,0.0,0.0
2480330,29,979919,RECOLETAS ZAMORA,HOME,1516234,A. Moyano Medina,PG,1942017,A. Martin Tejedor,SG,1828742,I. Gimenez Monserrat,SG,2239381,D. Angel Villen,SF,1259670,B. Sanchez Marrufo,C,0.4,22.0,2.0,2.0,0.0,218.2,218.2,0.0
2480330,29,979919,RECOLETAS ZAMORA,HOME,1516234,A. Moyano Medina,PG,2432306,F. Niski Castelao,SG,1942017,A. Martin Tejedor,SG,1828742,I. Gimenez Monserrat,SG,2110765,A. Perez Relancio,PF,1.3,79.0,0.0,1.0,-1.0,0.0,30.4,-30.4
2480330,29,979919,RECOLETAS ZAMORA,HOME,1516234,A. Moyano Medina,PG,2432306,F. Niski Castelao,SG,1942017,A. Martin Tejedor,SG,1828742,I. Gimenez Monserrat,SG,2239381,D. Angel Villen,SF,4.3,261.0,5.0,6.0,-1.0,46.0,55.2,-9.2
2480330,29,979919,RECOLETAS ZAMORA,HOME,1516234,A. Moyano Medina,PG,2432306,F. Niski Castelao,SG,1942017,A. Martin Tejedor,SG,2110765,A. Perez Relancio,PF,1259670,B. Sanchez Marrufo,C,1.2,74.0,2.0,4.0,-2.0,64.9,129.7,-64.9
2480330,29,979919,RECOLETAS ZAMORA,HOME,1516234,A. Moyano Medina,PG,2432306,F. Niski Castelao,SG,1942017,A. Martin Tejedor,SG,2239381,D. Angel Villen,SF,1259670,B. Sanchez Marrufo,C,2.0,123.0,5.0,2.0,3.0,97.6,39.0,58.5
2480330,29,979919,RECOLETAS ZAMORA,HOME,1516234,A. Moyano Medina,PG,2734310,E. Resende Carregosa,PG,1942017,A. Martin Tejedor,SG,1828742,I. Gimenez Monserrat,SG,2110765,A. Perez Relancio,PF,5.6000000000000005,338.0,13.0,14.0,-1.0,92.3,99.4,-7.1
2480330,29,979919,RECOLETAS ZAMORA,HOME,1516234,A. Moyano Medina,PG,2734310,E. Resende Carregosa,PG,1942017,A. Martin Tejedor,SG,1828742,I. Gimenez Monserrat,SG,2239381,D. Angel Villen,SF,6.2,372.0,14.0,14.0,0.0,90.3,90.3,0.0
2480330,29,979919,RECOLETAS ZAMORA,HOME,1516234,A. Moyano Medina,PG,2734310,E. Resende Carregosa,PG,1942017,A. Martin Tejedor,SG,2110765,A. Perez Relancio,PF,1259670,B. Sanchez Marrufo,C,1.9,112.0,6.0,2.0,4.0,128.6,42.9,85.7
2480330,29,979919,RECOLETAS ZAMORA,HOME,1516234,A. Moyano Medina,PG,2734310,E. Resende Carregosa,PG,1942017,A. Martin Tejedor,SG,2110765,A. Perez Relancio,PF,2817152,F. Filor,C,1.9,111.0,2.0,7.0,-5.0,43.2,151.4,-108.1
2480330,29,979919,RECOLETAS ZAMORA,HOME,1516234,A. Moyano Medina,PG,2734310,E. Resende Carregosa,PG,2432306,F. Niski Castelao,SG,1942017,A. Martin Tejedor,SG,1828742,I. Gimenez Monserrat,SG,1.5999999999999999,95.0,3.0,5.0,-2.0,75.8,126.3,-50.5
2480330,29,979919,RECOLETAS ZAMORA,HOME,1516234,A. Moyano Medina,PG,2734310,E. Resende Carregosa,PG,2432306,F. Niski Castelao,SG,1942017,A. Martin Tejedor,SG,2110765,A. Perez Relancio,PF,9.4,562.0,17.0,11.0,6.0,72.6,47.0,25.6
2480330,29,979919,RECOLETAS ZAMORA,HOME,2734310,E. Resende Carregosa,PG,2432306,F. Niski Castelao,SG,1942017,A. Martin Tejedor,SG,2110765,A. Perez Relancio,PF,2817152,F. Filor,C,2.2,130.0,6.0,4.0,2.0,110.8,73.8,36.9
2480331,29,981213,AZULMARINO MALLORCA PALMA,HOME,975683,A. Torrens Salom,PG,1434977,C. Grande Pardo,PG,1527601,I. Junio Mbulito,SG,2073955,G. Capel Cilla,PF,2791252,A. Bulgak,C,4.9,293.0,14.0,9.0,5.0,114.7,73.7,41.0
2480331,29,981213,AZULMARINO MALLORCA PALMA,HOME,975683,A. Torrens Salom,PG,2074390,M. Aviñoa Canals,PG,1434977,C. Grande Pardo,PG,1527601,I. Junio Mbulito,SG,1083354,M. España Almendro,SF,3.3,197.0,13.0,5.0,8.0,158.4,60.9,97.5
2480331,29,981213,AZULMARINO MALLORCA PALMA,HOME,975683,A. Torrens Salom,PG,2074390,M. Aviñoa Canals,PG,1434977,C. Grande Pardo,PG,1527601,I. Junio Mbulito,SG,2073955,G. Capel Cilla,PF,1.1,68.0,2.0,4.0,-2.0,70.6,141.2,-70.6
2480331,29,981213,AZULMARINO MALLORCA PALMA,HOME,975683,A. Torrens Salom,PG,2074390,M. Aviñoa Canals,PG,1434977,C. Grande Pardo,PG,1527601,I. Junio Mbulito,SG,2793759,J. Asinde,SF,0.7,42.0,2.0,0.0,2.0,114.3,0.0,114.3
2480331,29,981213,AZULMARINO MALLORCA PALMA,HOME,975683,A. Torrens Salom,PG,2074390,M. Aviñoa Canals,PG,1434977,C. Grande Pardo,PG,2815892,A. Siciliano,SG,1527601,I. Junio Mbulito,SG,30.1,1800.0,76.0,47.0,29.0,101.3,62.7,38.7
2480331,29,981288,SERNOVA RENOVABLES REAL CANOE,AWAY,2021397,A. Esnal Aguirre,PG,2097038,P. De Mier Espina,PG,1787143,C. Mato De Prada,SF,1242234,C. Rodriguez Nuñez,PF,2866005,E. Zemoura,PF,6.0,361.0,13.0,16.0,-3.0,86.4,106.4,-19.9
2480331,29,981288,SERNOVA RENOVABLES REAL CANOE,AWAY,2021397,A. Esnal Aguirre,PG,2097038,P. De Mier Espina,PG,1787143,C. Mato De Prada,SF,2818945,O. Santana Moldavsky,PF,2866005,E. Zemoura,PF,3.3,196.0,7.0,6.0,1.0,85.7,73.5,12.2
2480331,29,981288,SERNOVA RENOVABLES REAL CANOE,AWAY,2021397,A. Esnal Aguirre,PG,2097038,P. De Mier Espina,PG,1859345,L. Fleta Robles,SG,1787143,C. Mato De Prada,SF,1242234,C. Rodriguez Nuñez,PF,5.5,331.0,5.0,10.0,-5.0,36.3,72.5,-36.3
2480331,29,981288,SERNOVA RENOVABLES REAL CANOE,AWAY,2021397,A. Esnal Aguirre,PG,2097038,P. De Mier Espina,PG,1859345,L. Fleta Robles,SG,1787143,C. Mato De Prada,SF,2818945,O. Santana Moldavsky,PF,0.6,33.0,0.0,4.0,-4.0,0.0,290.9,-290.9
2480331,29,981288,SERNOVA RENOVABLES REAL CANOE,AWAY,2021397,A. Esnal Aguirre,PG,2097038,P. De Mier Espina,PG,1927626,C. Flores Garcia,SG,1787143,C. Mato De Prada,SF,1242234,C. Rodriguez Nuñez,PF,0.7,42.0,0.0,2.0,-2.0,0.0,114.3,-114.3
2480331,29,981288,SERNOVA RENOVABLES REAL CANOE,AWAY,2021397,A. Esnal Aguirre,PG,2097038,P. De Mier Espina,PG,1927626,C. Flores Garcia,SG,1859345,L. Fleta Robles,SG,1242234,C. Rodriguez Nuñez,PF,4.6,274.0,5.0,18.0,-13.0,43.8,157.7,-113.9
2480331,29,981288,SERNOVA RENOVABLES REAL CANOE,AWAY,2021397,A. Esnal Aguirre,PG,2097038,P. De Mier Espina,PG,1927626,C. Flores Garcia,SG,1859345,L. Fleta Robles,SG,2818945,O. Santana Moldavsky,PF,0.6,35.0,2.0,0.0,2.0,137.1,0.0,137.1
2480331,29,981288,SERNOVA RENOVABLES REAL CANOE,AWAY,2021397,A. Esnal Aguirre,PG,2097038,P. De Mier Espina,PG,1927626,C. Flores Garcia,SG,2034380,A. Lozano Davila,SF,2818945,O. Santana Moldavsky,PF,2.6,159.0,5.0,9.0,-4.0,75.5,135.8,-60.4
2480331,29,981288,SERNOVA RENOVABLES REAL CANOE,AWAY,2021397,A. Esnal Aguirre,PG,2097038,P. De Mier Espina,PG,1927626,C. Flores Garcia,SG,2818945,O. Santana Moldavsky,PF,2866005,E. Zemoura,PF,0.7,40.0,1.0,5.0,-4.0,60.0,300.0,-240.0
2480331,29,981288,SERNOVA RENOVABLES REAL CANOE,AWAY,2097038,P. De Mier Espina,PG,1787143,C. Mato De Prada,SF,1242234,C. Rodriguez Nuñez,PF,2818945,O. Santana Moldavsky,PF,2866005,E. Zemoura,PF,3.8,228.0,5.0,12.0,-7.0,52.6,126.3,-73.7
2480331,29,981288,SERNOVA RENOVABLES REAL CANOE,AWAY,2097038,P. De Mier Espina,PG,1859345,L. Fleta Robles,SG,1787143,C. Mato De Prada,SF,1242234,C. Rodriguez Nuñez,PF,2818945,O. Santana Moldavsky,PF,1.9,111.0,0.0,7.0,-7.0,0.0,151.4,-151.4
2480331,29,981288,SERNOVA RENOVABLES REAL CANOE,AWAY,2097038,P. De Mier Espina,PG,1927626,C. Flores Garcia,SG,2034380,A. Lozano Davila,SF,1787143,C. Mato De Prada,SF,2818945,O. Santana Moldavsky,PF,4.5,272.0,12.0,4.0,8.0,105.9,35.3,70.6
2480331,29,981288,SERNOVA RENOVABLES REAL CANOE,AWAY,2097038,P. De Mier Espina,PG,2034380,A. Lozano Davila,SF,1787143,C. Mato De Prada,SF,1242234,C. Rodriguez Nuñez,PF,2866005,E. Zemoura,PF,2.5,149.0,0.0,12.0,-12.0,0.0,193.3,-193.3
2480331,29,981288,SERNOVA RENOVABLES REAL CANOE,AWAY,2097038,P. De Mier Espina,PG,2034380,A. Lozano Davila,SF,1787143,C. Mato De Prada,SF,2818945,O. Santana Moldavsky,PF,2866005,E. Zemoura,PF,2.8,169.0,10.0,2.0,8.0,142.0,28.4,113.6
2480332,29,979988,FUSTECMA NBF CASTELLÓ,AWAY,2383616,F. Asemota Augustine,PG,1618451,L. Campos De Bengoa,SF,2131367,S. Basaez Narvaez,SF,1460562,C. Perez Relancio,C,2829993,G. Aiello,C,0.8,51.0,0.0,0.0,0.0,0.0,0.0,0.0
2480332,29,979988,FUSTECMA NBF CASTELLÓ,AWAY,2383616,F. Asemota Augustine,PG,1680760,S. Carli Del Pino,SG,1618451,L. Campos De Bengoa,SF,2131367,S. Basaez Narvaez,SF,1460562,C. Perez Relancio,C,7.4,448.0,14.0,13.0,1.0,75.0,69.6,5.4
2480332,29,979988,FUSTECMA NBF CASTELLÓ,AWAY,2383616,F. Asemota Augustine,PG,1680760,S. Carli Del Pino,SG,1618451,L. Campos De Bengoa,SF,2131367,S. Basaez Narvaez,SF,2274867,L. De Giacomo,PF,1.6,95.0,0.0,2.0,-2.0,0.0,50.5,-50.5
2480332,29,979988,FUSTECMA NBF CASTELLÓ,AWAY,2383616,F. Asemota Augustine,PG,1932094,J. Gomez Guimera,PG,1680760,S. Carli Del Pino,SG,1460562,C. Perez Relancio,C,2829993,G. Aiello,C,0.8,45.0,1.0,3.0,-2.0,53.3,160.0,-106.7
2480332,29,979988,FUSTECMA NBF CASTELLÓ,AWAY,2383616,F. Asemota Augustine,PG,1932094,J. Gomez Guimera,PG,1680760,S. Carli Del Pino,SG,1618451,L. Campos De Bengoa,SF,2131367,S. Basaez Narvaez,SF,8.3,504.0,13.0,11.0,2.0,61.9,52.4,9.5
2480332,29,979988,FUSTECMA NBF CASTELLÓ,AWAY,2383616,F. Asemota Augustine,PG,1932094,J. Gomez Guimera,PG,1680760,S. Carli Del Pino,SG,2131367,S. Basaez Narvaez,SF,2274867,L. De Giacomo,PF,3.0,184.0,7.0,1.0,6.0,91.3,13.0,78.3
2480332,29,979988,FUSTECMA NBF CASTELLÓ,AWAY,2383616,F. Asemota Augustine,PG,2087212,L. Ruiz De La Hermosa Arce,PG,1618451,L. Campos De Bengoa,SF,1460562,C. Perez Relancio,C,2829993,G. Aiello,C,2.0,120.0,0.0,0.0,0.0,0.0,0.0,0.0
2480332,29,979988,FUSTECMA NBF CASTELLÓ,AWAY,2383616,F. Asemota Augustine,PG,2087212,L. Ruiz De La Hermosa Arce,PG,1680760,S. Carli Del Pino,SG,1618451,L. Campos De Bengoa,SF,2131367,S. Basaez Narvaez,SF,4.3,258.0,7.0,3.0,4.0,65.1,27.9,37.2
2480332,29,979988,FUSTECMA NBF CASTELLÓ,AWAY,2383616,F. Asemota Augustine,PG,2087212,L. Ruiz De La Hermosa Arce,PG,1680760,S. Carli Del Pino,SG,2131367,S. Basaez Narvaez,SF,2274867,L. De Giacomo,PF,3.0,177.0,5.0,5.0,0.0,67.8,67.8,0.0
2480332,29,979988,FUSTECMA NBF CASTELLÓ,AWAY,2383616,F. Asemota Augustine,PG,2087212,L. Ruiz De La Hermosa Arce,PG,1932094,J. Gomez Guimera,PG,1680760,S. Carli Del Pino,SG,1618451,L. Campos De Bengoa,SF,4.4,266.0,9.0,5.0,4.0,81.2,45.1,36.1
2480332,29,979988,FUSTECMA NBF CASTELLÓ,AWAY,2383616,F. Asemota Augustine,PG,2087212,L. Ruiz De La Hermosa Arce,PG,1932094,J. Gomez Guimera,PG,1680760,S. Carli Del Pino,SG,2131367,S. Basaez Narvaez,SF,1.6,94.0,4.0,0.0,4.0,102.1,0.0,102.1
2480332,29,979988,FUSTECMA NBF CASTELLÓ,AWAY,2383616,F. Asemota Augustine,PG,2087212,L. Ruiz De La Hermosa Arce,PG,1932094,J. Gomez Guimera,PG,1680760,S. Carli Del Pino,SG,2274867,L. De Giacomo,PF,2.6,158.0,2.0,5.0,-3.0,30.4,75.9,-45.6
2480332,29,981306,CAJASOL BALONCESTO SEVILLA FEMENINO,HOME,1522827,M. Recio Gonzalez,PG,2791616,L. Vorphal,PG,1999405,N. Anitua Garcia,SG,1695079,A. Vendrell Girbes,SF,2867807,F. Pouye,PF,0.9,54.0,2.0,0.0,2.0,88.9,0.0,88.9
2480332,29,981306,CAJASOL BALONCESTO SEVILLA FEMENINO,HOME,2004240,N. Sanchez Robayo,PG,1522827,M. Recio Gonzalez,PG,2791616,L. Vorphal,PG,1999405,N. Anitua Garcia,SG,1695079,A. Vendrell Girbes,SF,32.4,1952.0,43.0,54.0,-11.0,52.9,66.4,-13.5
2480332,29,981306,CAJASOL BALONCESTO SEVILLA FEMENINO,HOME,2791616,L. Vorphal,PG,1999405,N. Anitua Garcia,SG,1695079,A. Vendrell Girbes,SF,2867807,F. Pouye,PF,2053354,F. Gassama Dansoko,C,6.5,394.0,3.0,8.0,-5.0,18.3,48.7,-30.5
2480333,29,979971,OSES CONSTRUCCION,AWAY,1588922,L. Gutierrez Lancho,PG,1044456,M. Asurmendi Villaverde,PG,2364706,F. Parra,SG,1820835,A. Wone Aranaz,PF,1593987,M. Recarte Mendive,C,1.2,70.0,0.0,2.0,-2.0,0.0,68.6,-68.6
2480333,29,979971,OSES CONSTRUCCION,AWAY,1588922,L. Gutierrez Lancho,PG,1882395,A. Elso Aramendia,SG,2364706,F. Parra,SG,1820835,A. Wone Aranaz,PF,1593987,M. Recarte Mendive,C,1.2,71.0,0.0,3.0,-3.0,0.0,101.4,-101.4
2480333,29,979971,OSES CONSTRUCCION,AWAY,1588922,L. Gutierrez Lancho,PG,2364706,F. Parra,SG,1824910,S. Castro Marrero,SF,1820835,A. Wone Aranaz,PF,1593987,M. Recarte Mendive,C,0.7,41.0,0.0,3.0,-3.0,0.0,175.6,-175.6
2480333,29,979971,OSES CONSTRUCCION,AWAY,1588922,L. Gutierrez Lancho,PG,2364706,F. Parra,SG,1824910,S. Castro Marrero,SF,2432778,J. Mungo Lanzetti,PF,1820835,A. Wone Aranaz,PF,0.1,8.0,0.0,0.0,0.0,0.0,0.0,0.0
2480333,29,979971,OSES CONSTRUCCION,AWAY,1588922,L. Gutierrez Lancho,PG,2364706,F. Parra,SG,1824910,S. Castro Marrero,SF,2561097,A. Diez Pastor,SF,1820835,A. Wone Aranaz,PF,0.2,12.0,0.0,0.0,0.0,0.0,0.0,0.0
2480333,29,979971,OSES CONSTRUCCION,AWAY,1588922,L. Gutierrez Lancho,PG,2364706,F. Parra,SG,2561097,A. Diez Pastor,SF,1820835,A. Wone Aranaz,PF,1593987,M. Recarte Mendive,C,1.1,69.0,5.0,2.0,3.0,173.9,69.6,104.3
2480333,29,979971,OSES CONSTRUCCION,AWAY,1588922,L. Gutierrez Lancho,PG,2364706,F. Parra,SG,2561097,A. Diez Pastor,SF,2432778,J. Mungo Lanzetti,PF,1593987,M. Recarte Mendive,C,0.8,51.0,0.0,0.0,0.0,0.0,0.0,0.0
2480333,29,979971,OSES CONSTRUCCION,AWAY,1588922,L. Gutierrez Lancho,PG,2364706,F. Parra,SG,2561097,A. Diez Pastor,SF,2432778,J. Mungo Lanzetti,PF,1820835,A. Wone Aranaz,PF,8.7,525.0,7.0,8.0,-1.0,32.0,36.6,-4.6
2480333,29,979971,OSES CONSTRUCCION,AWAY,1882395,A. Elso Aramendia,SG,2364706,F. Parra,SG,1824910,S. Castro Marrero,SF,2432778,J. Mungo Lanzetti,PF,1593987,M. Recarte Mendive,C,4.8,286.0,3.0,10.0,-7.0,25.2,83.9,-58.7
2480333,29,979971,OSES CONSTRUCCION,AWAY,1882395,A. Elso Aramendia,SG,2364706,F. Parra,SG,1824910,S. Castro Marrero,SF,2432778,J. Mungo Lanzetti,PF,1820835,A. Wone Aranaz,PF,2.0,119.0,0.0,2.0,-2.0,0.0,40.3,-40.3
2480333,29,979971,OSES CONSTRUCCION,AWAY,2561102,M. Blanco Morcillo,PG,1044456,M. Asurmendi Villaverde,PG,1824910,S. Castro Marrero,SF,1820835,A. Wone Aranaz,PF,1593987,M. Recarte Mendive,C,3.3,200.0,3.0,2.0,1.0,36.0,24.0,12.0
2480333,29,979971,OSES CONSTRUCCION,AWAY,2561102,M. Blanco Morcillo,PG,1044456,M. Asurmendi Villaverde,PG,1824910,S. Castro Marrero,SF,2432778,J. Mungo Lanzetti,PF,1820835,A. Wone Aranaz,PF,1.1,67.0,0.0,4.0,-4.0,0.0,143.3,-143.3
2480333,29,979971,OSES CONSTRUCCION,AWAY,2561102,M. Blanco Morcillo,PG,1588922,L. Gutierrez Lancho,PG,1824910,S. Castro Marrero,SF,1820835,A. Wone Aranaz,PF,2432778,J. Mungo Lanzetti,PF,4.6000000000000005,276.0,8.0,7.0,1.0,69.6,60.9,8.7
2480333,29,979971,OSES CONSTRUCCION,AWAY,2561102,M. Blanco Morcillo,PG,1588922,L. Gutierrez Lancho,PG,2364706,F. Parra,SG,1820835,A. Wone Aranaz,PF,1593987,M. Recarte Mendive,C,0.7,44.0,2.0,0.0,2.0,109.1,0.0,109.1
2480333,29,979971,OSES CONSTRUCCION,AWAY,2561102,M. Blanco Morcillo,PG,1588922,L. Gutierrez Lancho,PG,2561097,A. Diez Pastor,SF,1820835,A. Wone Aranaz,PF,1593987,M. Recarte Mendive,C,2.7,161.0,2.0,6.0,-4.0,29.8,89.4,-59.6
2480333,29,979971,OSES CONSTRUCCION,AWAY,2561102,M. Blanco Morcillo,PG,1882395,A. Elso Aramendia,SG,1824910,S. Castro Marrero,SF,1820835,A. Wone Aranaz,PF,1593987,M. Recarte Mendive,C,1.8,105.0,2.0,7.0,-5.0,45.7,160.0,-114.3
2480333,29,979971,OSES CONSTRUCCION,AWAY,2561102,M. Blanco Morcillo,PG,2364706,F. Parra,SG,1824910,S. Castro Marrero,SF,1820835,A. Wone Aranaz,PF,1593987,M. Recarte Mendive,C,3.2,191.0,8.0,9.0,-1.0,100.5,113.1,-12.6
2480333,29,979971,OSES CONSTRUCCION,AWAY,2561102,M. Blanco Morcillo,PG,2364706,F. Parra,SG,1824910,S. Castro Marrero,SF,2432778,J. Mungo Lanzetti,PF,1820835,A. Wone Aranaz,PF,0.4,25.0,2.0,0.0,2.0,192.0,0.0,192.0
2480333,29,979971,OSES CONSTRUCCION,AWAY,2561102,M. Blanco Morcillo,PG,2364706,F. Parra,SG,2561097,A. Diez Pastor,SF,2432778,J. Mungo Lanzetti,PF,1820835,A. Wone Aranaz,PF,1.3,79.0,0.0,2.0,-2.0,0.0,60.8,-60.8
2480333,29,981334,UNICAJA MIJAS,HOME,1949233,A. Orois Aznarez,PG,1317227,C. Garcia Paunero,SG,1884837,M. Roters Dubinina,PF,1723860,S. Galeron Alvarez,PF,2096249,T. Eke Benitez,C,2.9,174.0,2.0,0.0,2.0,27.6,0.0,27.6
2480333,29,981334,UNICAJA MIJAS,HOME,1949233,A. Orois Aznarez,PG,1317227,C. Garcia Paunero,SG,1994192,E. Moreno Fernandez,SF,1884837,M. Roters Dubinina,PF,1723860,S. Galeron Alvarez,PF,1.6,95.0,6.0,0.0,6.0,151.6,0.0,151.6
2480333,29,981334,UNICAJA MIJAS,HOME,1949233,A. Orois Aznarez,PG,1317227,C. Garcia Paunero,SG,2643500,C. Capellan Santana,SG,1884837,M. Roters Dubinina,PF,1723860,S. Galeron Alvarez,PF,2.0,123.0,2.0,2.0,0.0,39.0,39.0,0.0
2480333,29,981334,UNICAJA MIJAS,HOME,1949233,A. Orois Aznarez,PG,1317227,C. Garcia Paunero,SG,2643500,C. Capellan Santana,SG,1884837,M. Roters Dubinina,PF,2096249,T. Eke Benitez,C,5.7,348.0,6.0,10.0,-4.0,41.4,69.0,-27.6
2480333,29,981334,UNICAJA MIJAS,HOME,1949233,A. Orois Aznarez,PG,1317227,C. Garcia Paunero,SG,2643500,C. Capellan Santana,SG,2096249,T. Eke Benitez,C,2646984,L. Rivers,C,4.4,266.0,7.0,8.0,-1.0,63.2,72.2,-9.0
2480333,29,981334,UNICAJA MIJAS,HOME,1949233,A. Orois Aznarez,PG,1954737,E. Puiggros Rovira,PG,2413042,C. Guillen Uriguen,PG,2643500,C. Capellan Santana,SG,1884837,M. Roters Dubinina,PF,0.4,25.0,0.0,0.0,0.0,0.0,0.0,0.0
2480333,29,981334,UNICAJA MIJAS,HOME,1949233,A. Orois Aznarez,PG,1954737,E. Puiggros Rovira,PG,2643500,C. Capellan Santana,SG,1884837,M. Roters Dubinina,PF,1723860,S. Galeron Alvarez,PF,1.6,94.0,2.0,0.0,2.0,51.1,0.0,51.1
2480333,29,981334,UNICAJA MIJAS,HOME,1949233,A. Orois Aznarez,PG,2413042,C. Guillen Uriguen,PG,1317227,C. Garcia Paunero,SG,1994192,E. Moreno Fernandez,SF,1884837,M. Roters Dubinina,PF,1.7,102.0,2.0,2.0,0.0,47.1,47.1,0.0
2480333,29,981334,UNICAJA MIJAS,HOME,1949233,A. Orois Aznarez,PG,2413042,C. Guillen Uriguen,PG,1994192,E. Moreno Fernandez,SF,1884837,M. Roters Dubinina,PF,2646984,L. Rivers,C,0.5,28.0,0.0,0.0,0.0,0.0,0.0,0.0
2480333,29,981334,UNICAJA MIJAS,HOME,1954737,E. Puiggros Rovira,PG,1317227,C. Garcia Paunero,SG,1884837,M. Roters Dubinina,PF,1723860,S. Galeron Alvarez,PF,2646984,L. Rivers,C,1.6,95.0,5.0,8.0,-3.0,126.3,202.1,-75.8
2480333,29,981334,UNICAJA MIJAS,HOME,1954737,E. Puiggros Rovira,PG,1317227,C. Garcia Paunero,SG,1994192,E. Moreno Fernandez,SF,1884837,M. Roters Dubinina,PF,1723860,S. Galeron Alvarez,PF,0.2,10.0,0.0,0.0,0.0,0.0,0.0,0.0
2480333,29,981334,UNICAJA MIJAS,HOME,1954737,E. Puiggros Rovira,PG,1317227,C. Garcia Paunero,SG,2643500,C. Capellan Santana,SG,1884837,M. Roters Dubinina,PF,1723860,S. Galeron Alvarez,PF,1.9000000000000001,116.0,4.0,0.0,4.0,82.8,0.0,82.8
2480333,29,981334,UNICAJA MIJAS,HOME,1954737,E. Puiggros Rovira,PG,1317227,C. Garcia Paunero,SG,2643500,C. Capellan Santana,SG,1884837,M. Roters Dubinina,PF,2096249,T. Eke Benitez,C,1.6,96.0,2.0,2.0,0.0,50.0,50.0,0.0
2480333,29,981334,UNICAJA MIJAS,HOME,1954737,E. Puiggros Rovira,PG,1994192,E. Moreno Fernandez,SF,1884837,M. Roters Dubinina,PF,1723860,S. Galeron Alvarez,PF,2096249,T. Eke Benitez,C,1.9,115.0,3.0,2.0,1.0,62.6,41.7,20.9
2480333,29,981334,UNICAJA MIJAS,HOME,1954737,E. Puiggros Rovira,PG,1994192,E. Moreno Fernandez,SF,1884837,M. Roters Dubinina,PF,1723860,S. Galeron Alvarez,PF,2646984,L. Rivers,C,1.4,81.0,2.0,0.0,2.0,59.3,0.0,59.3
2480333,29,981334,UNICAJA MIJAS,HOME,1954737,E. Puiggros Rovira,PG,2413042,C. Guillen Uriguen,PG,1317227,C. Garcia Paunero,SG,1884837,M. Roters Dubinina,PF,1723860,S. Galeron Alvarez,PF,2.0,121.0,4.0,2.0,2.0,79.3,39.7,39.7
2480333,29,981334,UNICAJA MIJAS,HOME,1954737,E. Puiggros Rovira,PG,2413042,C. Guillen Uriguen,PG,2643500,C. Capellan Santana,SG,1884837,M. Roters Dubinina,PF,1723860,S. Galeron Alvarez,PF,3.1,182.0,12.0,2.0,10.0,158.2,26.4,131.9
2480333,29,981334,UNICAJA MIJAS,HOME,1954737,E. Puiggros Rovira,PG,2413042,C. Guillen Uriguen,PG,2643500,C. Capellan Santana,SG,1884837,M. Roters Dubinina,PF,2646984,L. Rivers,C,0.3,19.0,0.0,1.0,-1.0,0.0,126.3,-126.3
2480333,29,981334,UNICAJA MIJAS,HOME,1954737,E. Puiggros Rovira,PG,2643500,C. Capellan Santana,SG,1884837,M. Roters Dubinina,PF,1723860,S. Galeron Alvarez,PF,2646984,L. Rivers,C,2.1,128.0,3.0,3.0,0.0,56.2,56.2,0.0
2480333,29,981334,UNICAJA MIJAS,HOME,1954737,E. Puiggros Rovira,PG,2643500,C. Capellan Santana,SG,1884837,M. Roters Dubinina,PF,2096249,T. Eke Benitez,C,2646984,L. Rivers,C,2.0,121.0,2.0,0.0,2.0,39.7,0.0,39.7
2480333,29,981334,UNICAJA MIJAS,HOME,1954737,E. Puiggros Rovira,PG,2643500,C. Capellan Santana,SG,1994192,E. Moreno Fernandez,SF,1884837,M. Roters Dubinina,PF,2096249,T. Eke Benitez,C,0.7999999999999999,49.0,3.0,0.0,3.0,146.9,0.0,146.9
2480333,29,981334,UNICAJA MIJAS,HOME,2643500,C. Capellan Santana,SG,1994192,E. Moreno Fernandez,SF,1884837,M. Roters Dubinina,PF,2096249,T. Eke Benitez,C,2646984,L. Rivers,C,0.2,12.0,0.0,0.0,0.0,0.0,0.0,0.0
2480334,29,981356,BOSONIT UNIBASKET,HOME,1821692,M. Alonso Guadaño,PG,1626810,C. Aldecoa Rodriguez,SG,1834784,E. Florez Pascual,SF,2735759,L. Van Schaik,SF,2819119,T. Sedláková,C,0.1,4.0,2.0,0.0,2.0,1200.0,0.0,1200.0
2480334,29,981356,BOSONIT UNIBASKET,HOME,1821692,M. Alonso Guadaño,PG,1626810,C. Aldecoa Rodriguez,SG,2735759,L. Van Schaik,SF,1778980,I. Losada Gonzalez-Babe,PF,2819119,T. Sedláková,C,2.2,132.0,2.0,2.0,0.0,36.4,36.4,0.0
2480334,29,981356,BOSONIT UNIBASKET,HOME,1821692,M. Alonso Guadaño,PG,1626810,C. Aldecoa Rodriguez,SG,2735759,L. Van Schaik,SF,1778980,I. Losada Gonzalez-Babe,PF,2819121,H. Forster,C,1.7999999999999998,110.0,3.0,2.0,1.0,65.5,43.6,21.8
2480334,29,981356,BOSONIT UNIBASKET,HOME,1821692,M. Alonso Guadaño,PG,1626810,C. Aldecoa Rodriguez,SG,2735759,L. Van Schaik,SF,1834784,E. Florez Pascual,SF,2819119,T. Sedláková,C,6.4,387.0,14.0,11.0,3.0,86.8,68.2,18.6
2480334,29,981356,BOSONIT UNIBASKET,HOME,1821692,M. Alonso Guadaño,PG,1626810,C. Aldecoa Rodriguez,SG,2735759,L. Van Schaik,SF,1834784,E. Florez Pascual,SF,2819121,H. Forster,C,1.0,58.0,0.0,0.0,0.0,0.0,0.0,0.0
2480334,29,981356,BOSONIT UNIBASKET,HOME,1821692,M. Alonso Guadaño,PG,1626810,C. Aldecoa Rodriguez,SG,2735759,L. Van Schaik,SF,2819121,H. Forster,C,2819119,T. Sedláková,C,4.1,251.0,6.0,6.0,0.0,57.4,57.4,0.0
2480334,29,981356,BOSONIT UNIBASKET,HOME,1821692,M. Alonso Guadaño,PG,1678734,M. Llorente Ruiz,SG,1626810,C. Aldecoa Rodriguez,SG,2735759,L. Van Schaik,SF,2819119,T. Sedláková,C,0.7999999999999999,48.0,2.0,7.0,-5.0,100.0,350.0,-250.0
2480334,29,981356,BOSONIT UNIBASKET,HOME,1821692,M. Alonso Guadaño,PG,1678734,M. Llorente Ruiz,SG,1626810,C. Aldecoa Rodriguez,SG,2819121,H. Forster,C,2819119,T. Sedláková,C,1.8,107.0,4.0,3.0,1.0,89.7,67.3,22.4
2480334,29,981356,BOSONIT UNIBASKET,HOME,1821692,M. Alonso Guadaño,PG,1678734,M. Llorente Ruiz,SG,2735759,L. Van Schaik,SF,1778980,I. Losada Gonzalez-Babe,PF,2819119,T. Sedláková,C,2.6,161.0,0.0,1.0,-1.0,0.0,14.9,-14.9
2480334,29,981356,BOSONIT UNIBASKET,HOME,1821692,M. Alonso Guadaño,PG,1678734,M. Llorente Ruiz,SG,2735759,L. Van Schaik,SF,1778980,I. Losada Gonzalez-Babe,PF,2819121,H. Forster,C,0.4,23.0,0.0,1.0,-1.0,0.0,104.3,-104.3
2480334,29,981356,BOSONIT UNIBASKET,HOME,1821692,M. Alonso Guadaño,PG,1678734,M. Llorente Ruiz,SG,2735759,L. Van Schaik,SF,1834784,E. Florez Pascual,SF,2819121,H. Forster,C,3.6,218.0,11.0,7.0,4.0,121.1,77.1,44.0
2480334,29,981356,BOSONIT UNIBASKET,HOME,1821692,M. Alonso Guadaño,PG,1678734,M. Llorente Ruiz,SG,2735759,L. Van Schaik,SF,2819121,H. Forster,C,2819119,T. Sedláková,C,1.1,64.0,2.0,2.0,0.0,75.0,75.0,0.0
2480334,29,981356,BOSONIT UNIBASKET,HOME,1821692,M. Alonso Guadaño,PG,2561556,C. Sañudo Trillo,SG,1626810,C. Aldecoa Rodriguez,SG,1834784,E. Florez Pascual,SF,2819119,T. Sedláková,C,2.3,136.0,3.0,2.0,1.0,52.9,35.3,17.6
2480334,29,981356,BOSONIT UNIBASKET,HOME,1821692,M. Alonso Guadaño,PG,2561556,C. Sañudo Trillo,SG,1678734,M. Llorente Ruiz,SG,1778980,I. Losada Gonzalez-Babe,PF,2819119,T. Sedláková,C,0.3,16.0,3.0,0.0,3.0,450.0,0.0,450.0
2480334,29,981356,BOSONIT UNIBASKET,HOME,1821692,M. Alonso Guadaño,PG,2561556,C. Sañudo Trillo,SG,1678734,M. Llorente Ruiz,SG,1778980,I. Losada Gonzalez-Babe,PF,2819121,H. Forster,C,1.4,84.0,0.0,3.0,-3.0,0.0,85.7,-85.7
2480334,29,981356,BOSONIT UNIBASKET,HOME,1821692,M. Alonso Guadaño,PG,2561556,C. Sañudo Trillo,SG,2735759,L. Van Schaik,SF,1778980,I. Losada Gonzalez-Babe,PF,2819121,H. Forster,C,1.5,91.0,1.0,4.0,-3.0,26.4,105.5,-79.1
2480334,29,981356,BOSONIT UNIBASKET,HOME,2151019,N. Padrosa Mons,PG,1626810,C. Aldecoa Rodriguez,SG,1834784,E. Florez Pascual,SF,2735759,L. Van Schaik,SF,2819119,T. Sedláková,C,3.4000000000000004,205.0,7.0,6.0,1.0,82.0,70.2,11.7
2480334,29,981356,BOSONIT UNIBASKET,HOME,2151019,N. Padrosa Mons,PG,1626810,C. Aldecoa Rodriguez,SG,1834784,E. Florez Pascual,SF,2735759,L. Van Schaik,SF,2819121,H. Forster,C,1.0,58.0,0.0,2.0,-2.0,0.0,82.8,-82.8
2480334,29,981356,BOSONIT UNIBASKET,HOME,2151019,N. Padrosa Mons,PG,1626810,C. Aldecoa Rodriguez,SG,2735759,L. Van Schaik,SF,2819121,H. Forster,C,2819119,T. Sedláková,C,1.9,116.0,0.0,0.0,0.0,0.0,0.0,0.0
2480334,29,981356,BOSONIT UNIBASKET,HOME,2151019,N. Padrosa Mons,PG,1678734,M. Llorente Ruiz,SG,1626810,C. Aldecoa Rodriguez,SG,2819121,H. Forster,C,2819119,T. Sedláková,C,1.5,90.0,2.0,2.0,0.0,53.3,53.3,0.0
2480334,29,981356,BOSONIT UNIBASKET,HOME,2151019,N. Padrosa Mons,PG,2561556,C. Sañudo Trillo,SG,1626810,C. Aldecoa Rodriguez,SG,1778980,I. Losada Gonzalez-Babe,PF,2819119,T. Sedláková,C,0.7,41.0,2.0,0.0,2.0,117.1,0.0,117.1
2480334,29,981492,CELTA  FEMXA ZORKA,AWAY,1898932,M. Gea Becerra,PG,2049773,D. Bermejo Escribano,PG,2121212,P. Salinas Mascuñana,SG,2179984,U. Rodríguez Silva,SF,2179703,N. Martínez Quintana,PF,7.9,470.0,13.0,14.0,-1.0,66.4,71.5,-5.1
2480334,29,981492,CELTA  FEMXA ZORKA,AWAY,1898932,M. Gea Becerra,PG,2049773,D. Bermejo Escribano,PG,2121212,P. Salinas Mascuñana,SG,2179984,U. Rodríguez Silva,SF,2814638,J. Kelliher,PF,0.4,22.0,0.0,0.0,0.0,0.0,0.0,0.0
2480334,29,981492,CELTA  FEMXA ZORKA,AWAY,1898932,M. Gea Becerra,PG,2049773,D. Bermejo Escribano,PG,2121212,P. Salinas Mascuñana,SG,2651124,A. Boquete Manna,SF,2179703,N. Martínez Quintana,PF,5.7,339.0,5.0,2.0,3.0,35.4,14.2,21.2
2480334,29,981492,CELTA  FEMXA ZORKA,AWAY,1898932,M. Gea Becerra,PG,2049773,D. Bermejo Escribano,PG,2121212,P. Salinas Mascuñana,SG,2651124,A. Boquete Manna,SF,2179984,U. Rodríguez Silva,SF,1.5,92.0,0.0,0.0,0.0,0.0,0.0,0.0
2480334,29,981492,CELTA  FEMXA ZORKA,AWAY,1898932,M. Gea Becerra,PG,2121212,P. Salinas Mascuñana,SG,2179984,U. Rodríguez Silva,SF,2644595,I. Vennema,PF,2814638,J. Kelliher,PF,2.8,167.0,4.0,5.0,-1.0,57.5,71.9,-14.4
2480334,29,981492,CELTA  FEMXA ZORKA,AWAY,1898932,M. Gea Becerra,PG,2121212,P. Salinas Mascuñana,SG,2651124,A. Boquete Manna,SF,2179703,N. Martínez Quintana,PF,2644595,I. Vennema,PF,1.3,80.0,0.0,2.0,-2.0,0.0,60.0,-60.0
2480334,29,981492,CELTA  FEMXA ZORKA,AWAY,1898932,M. Gea Becerra,PG,2121212,P. Salinas Mascuñana,SG,2651124,A. Boquete Manna,SF,2179984,U. Rodríguez Silva,SF,2179703,N. Martínez Quintana,PF,3.2,191.0,7.0,4.0,3.0,88.0,50.3,37.7
2480334,29,981492,CELTA  FEMXA ZORKA,AWAY,2049773,D. Bermejo Escribano,PG,1898932,M. Gea Becerra,PG,2121212,P. Salinas Mascuñana,SG,2179703,N. Martínez Quintana,PF,2644595,I. Vennema,PF,0.1,8.0,2.0,1.0,1.0,600.0,300.0,300.0
2480334,29,981492,CELTA  FEMXA ZORKA,AWAY,2049773,D. Bermejo Escribano,PG,1898932,M. Gea Becerra,PG,2121212,P. Salinas Mascuñana,SG,2651124,A. Boquete Manna,SF,2179703,N. Martínez Quintana,PF,2.3,133.0,8.0,5.0,3.0,144.4,90.2,54.1
2480334,29,981492,CELTA  FEMXA ZORKA,AWAY,2049773,D. Bermejo Escribano,PG,2121212,P. Salinas Mascuñana,SG,2179703,N. Martínez Quintana,PF,2644595,I. Vennema,PF,2814638,J. Kelliher,PF,0.7,43.0,0.0,0.0,0.0,0.0,0.0,0.0
2480334,29,981492,CELTA  FEMXA ZORKA,AWAY,2049773,D. Bermejo Escribano,PG,2121212,P. Salinas Mascuñana,SG,2651124,A. Boquete Manna,SF,2179703,N. Martínez Quintana,PF,2644595,I. Vennema,PF,8.4,512.0,11.0,20.0,-9.0,51.6,93.8,-42.2
2480334,29,981492,CELTA  FEMXA ZORKA,AWAY,2049773,D. Bermejo Escribano,PG,2121212,P. Salinas Mascuñana,SG,2651124,A. Boquete Manna,SF,2644595,I. Vennema,PF,2814638,J. Kelliher,PF,5.6,343.0,11.0,11.0,0.0,77.0,77.0,0.0
2480335,29,979952,LA LAGUNA TOYOTA  ADAREVA,AWAY,1128614,I. Arregui Mariezcurrena,PG,2735173,M. Forsyth,SF,1613926,M. Gomez Fernandez,SF,2432295,B. Stevanovic,PF,2816766,A. Coulibaly,C,1.1,63.0,3.0,2.0,1.0,114.3,76.2,38.1
2480335,29,979952,LA LAGUNA TOYOTA  ADAREVA,AWAY,2151715,J. Nogués Martí,PG,1128614,I. Arregui Mariezcurrena,PG,1613926,M. Gomez Fernandez,SF,2432295,B. Stevanovic,PF,1878753,N. Ibañez Silvestre,C,3.6999999999999997,220.0,11.0,4.0,7.0,120.0,43.6,76.4
2480335,29,979952,LA LAGUNA TOYOTA  ADAREVA,AWAY,2151715,J. Nogués Martí,PG,1128614,I. Arregui Mariezcurrena,PG,1613926,M. Gomez Fernandez,SF,2432295,B. Stevanovic,PF,2816766,A. Coulibaly,C,1.3,77.0,2.0,5.0,-3.0,62.3,155.8,-93.5
2480335,29,979952,LA LAGUNA TOYOTA  ADAREVA,AWAY,2151715,J. Nogués Martí,PG,1128614,I. Arregui Mariezcurrena,PG,1613926,M. Gomez Fernandez,SF,2816766,A. Coulibaly,C,1878753,N. Ibañez Silvestre,C,2.5,153.0,5.0,4.0,1.0,78.4,62.7,15.7
2480335,29,979952,LA LAGUNA TOYOTA  ADAREVA,AWAY,2151715,J. Nogués Martí,PG,1128614,I. Arregui Mariezcurrena,PG,2735173,M. Forsyth,SF,1613926,M. Gomez Fernandez,SF,1878753,N. Ibañez Silvestre,C,1.7,102.0,0.0,3.0,-3.0,0.0,70.6,-70.6
2480335,29,979952,LA LAGUNA TOYOTA  ADAREVA,AWAY,2151715,J. Nogués Martí,PG,1128614,I. Arregui Mariezcurrena,PG,2735173,M. Forsyth,SF,1613926,M. Gomez Fernandez,SF,2432295,B. Stevanovic,PF,2.2,133.0,5.0,0.0,5.0,90.2,0.0,90.2
2480335,29,979952,LA LAGUNA TOYOTA  ADAREVA,AWAY,2151715,J. Nogués Martí,PG,1128614,I. Arregui Mariezcurrena,PG,2735173,M. Forsyth,SF,1613926,M. Gomez Fernandez,SF,2816766,A. Coulibaly,C,11.7,704.0,30.0,13.0,17.0,102.3,44.3,58.0
2480335,29,979952,LA LAGUNA TOYOTA  ADAREVA,AWAY,2151715,J. Nogués Martí,PG,1128614,I. Arregui Mariezcurrena,PG,2735173,M. Forsyth,SF,2432295,B. Stevanovic,PF,1878753,N. Ibañez Silvestre,C,4.2,251.0,13.0,3.0,10.0,124.3,28.7,95.6
2480335,29,979952,LA LAGUNA TOYOTA  ADAREVA,AWAY,2151715,J. Nogués Martí,PG,1128614,I. Arregui Mariezcurrena,PG,2735173,M. Forsyth,SF,2432295,B. Stevanovic,PF,2816766,A. Coulibaly,C,2.0999999999999996,128.0,5.0,3.0,2.0,93.8,56.2,37.5
2480335,29,979952,LA LAGUNA TOYOTA  ADAREVA,AWAY,2151715,J. Nogués Martí,PG,1128614,I. Arregui Mariezcurrena,PG,2735173,M. Forsyth,SF,2816766,A. Coulibaly,C,1878753,N. Ibañez Silvestre,C,2.7,160.0,4.0,6.0,-2.0,60.0,90.0,-30.0
2480335,29,979952,LA LAGUNA TOYOTA  ADAREVA,AWAY,2151715,J. Nogués Martí,PG,2735173,M. Forsyth,SF,1613926,M. Gomez Fernandez,SF,2432295,B. Stevanovic,PF,1878753,N. Ibañez Silvestre,C,5.5,323.0,13.0,7.0,6.0,96.6,52.0,44.6
2480335,29,979952,LA LAGUNA TOYOTA  ADAREVA,AWAY,2151715,J. Nogués Martí,PG,2735173,M. Forsyth,SF,1613926,M. Gomez Fernandez,SF,2816766,A. Coulibaly,C,1878753,N. Ibañez Silvestre,C,1.4,86.0,8.0,3.0,5.0,223.3,83.7,139.5
2480335,29,981242,C.B. SANTFELIUENC,HOME,2050086,M. Muñoz Moyano,PG,2155489,X. Salzmann Romeu,PF,2864042,K. Trehub,C,2242362,B. Momblona Monrabal,C,2241297,P. Garcia Sanchez,,1.0,58.0,1.0,4.0,-3.0,41.4,165.5,-124.1
2480335,29,981242,C.B. SANTFELIUENC,HOME,2050086,M. Muñoz Moyano,PG,2273698,M. Ballesteros Erena,PG,2257209,A. Segura Freixenet,C,2864042,K. Trehub,C,2241297,P. Garcia Sanchez,,1.1,63.0,2.0,3.0,-1.0,76.2,114.3,-38.1
2480335,29,981242,C.B. SANTFELIUENC,HOME,2190844,S. Pares Vilaseca,PG,2050086,M. Muñoz Moyano,PG,2155489,X. Salzmann Romeu,PF,2257209,A. Segura Freixenet,C,2242362,B. Momblona Monrabal,C,1.4,81.0,2.0,5.0,-3.0,59.3,148.1,-88.9
2480335,29,981242,C.B. SANTFELIUENC,HOME,2190844,S. Pares Vilaseca,PG,2050086,M. Muñoz Moyano,PG,2155489,X. Salzmann Romeu,PF,2257209,A. Segura Freixenet,C,2864042,K. Trehub,C,11.7,703.0,17.0,28.0,-11.0,58.0,95.6,-37.6
2480335,29,981242,C.B. SANTFELIUENC,HOME,2190844,S. Pares Vilaseca,PG,2050086,M. Muñoz Moyano,PG,2155489,X. Salzmann Romeu,PF,2864042,K. Trehub,C,2241297,P. Garcia Sanchez,,1.1,66.0,0.0,4.0,-4.0,0.0,145.5,-145.5
2480335,29,981242,C.B. SANTFELIUENC,HOME,2190844,S. Pares Vilaseca,PG,2050086,M. Muñoz Moyano,PG,2155489,X. Salzmann Romeu,PF,2864042,K. Trehub,C,2242362,B. Momblona Monrabal,C,7.6,460.0,9.0,23.0,-14.0,47.0,120.0,-73.0
2480335,29,981242,C.B. SANTFELIUENC,HOME,2190844,S. Pares Vilaseca,PG,2050086,M. Muñoz Moyano,PG,2257209,A. Segura Freixenet,C,2864042,K. Trehub,C,2241297,P. Garcia Sanchez,,4.5,271.0,12.0,7.0,5.0,106.3,62.0,44.3
2480335,29,981242,C.B. SANTFELIUENC,HOME,2190844,S. Pares Vilaseca,PG,2155489,X. Salzmann Romeu,PF,2242362,B. Momblona Monrabal,C,2864042,K. Trehub,C,2241297,P. Garcia Sanchez,,1.8,106.0,3.0,1.0,2.0,67.9,22.6,45.3
2480335,29,981242,C.B. SANTFELIUENC,HOME,2190844,S. Pares Vilaseca,PG,2155489,X. Salzmann Romeu,PF,2257209,A. Segura Freixenet,C,2242362,B. Momblona Monrabal,C,2241297,P. Garcia Sanchez,,0.9,53.0,0.0,2.0,-2.0,0.0,90.6,-90.6
2480335,29,981242,C.B. SANTFELIUENC,HOME,2190844,S. Pares Vilaseca,PG,2273698,M. Ballesteros Erena,PG,2257209,A. Segura Freixenet,C,2864042,K. Trehub,C,2241297,P. Garcia Sanchez,,0.2,15.0,0.0,0.0,0.0,0.0,0.0,0.0
2480335,29,981242,C.B. SANTFELIUENC,HOME,2273698,M. Ballesteros Erena,PG,2155489,X. Salzmann Romeu,PF,2242362,B. Momblona Monrabal,C,2864042,K. Trehub,C,2241297,P. Garcia Sanchez,,3.2,190.0,4.0,9.0,-5.0,50.5,113.7,-63.2
2480335,29,981242,C.B. SANTFELIUENC,HOME,2273698,M. Ballesteros Erena,PG,2155489,X. Salzmann Romeu,PF,2257209,A. Segura Freixenet,C,2242362,B. Momblona Monrabal,C,2241297,P. Garcia Sanchez,,3.9,235.0,3.0,5.0,-2.0,30.6,51.1,-20.4
2480335,29,981242,C.B. SANTFELIUENC,HOME,2273698,M. Ballesteros Erena,PG,2257209,A. Segura Freixenet,C,2242362,B. Momblona Monrabal,C,2864042,K. Trehub,C,2241297,P. Garcia Sanchez,,0.5,27.0,0.0,3.0,-3.0,0.0,266.7,-266.7
2480335,29,981242,C.B. SANTFELIUENC,HOME,2273698,M. Ballesteros Erena,PG,2257209,A. Segura Freixenet,C,2864042,K. Trehub,C,2242362,B. Momblona Monrabal,C,2241297,P. Garcia Sanchez,,1.2,72.0,0.0,5.0,-5.0,0.0,166.7,-166.7
2480336,29,979912,DOMUSA TEKNIK ISB,HOME,1721468,C. Villamor Aparicio,PG,1894119,S. Iparraguirre Alustiza,SG,2145033,A. Lizundia Arozena,SF,2021400,M. Gutierrez Ibañez,PF,2818813,E. Lalotte,C,0.1,5.0,0.0,0.0,0.0,0.0,0.0,0.0
2480336,29,979912,DOMUSA TEKNIK ISB,HOME,1721468,C. Villamor Aparicio,PG,2137901,M. Otaegi Albizu,PG,2145033,A. Lizundia Arozena,SF,2021400,M. Gutierrez Ibañez,PF,2478361,N. Arozena Illarramendi,C,0.1,7.0,0.0,0.0,0.0,0.0,0.0,0.0
2480336,29,979912,DOMUSA TEKNIK ISB,HOME,1721468,C. Villamor Aparicio,PG,2137901,M. Otaegi Albizu,PG,2364470,G. Leaupepe,SG,2021400,M. Gutierrez Ibañez,PF,2818813,E. Lalotte,C,0.5,29.0,0.0,2.0,-2.0,0.0,165.5,-165.5
2480336,29,979912,DOMUSA TEKNIK ISB,HOME,1721468,C. Villamor Aparicio,PG,2364470,G. Leaupepe,SG,2145033,A. Lizundia Arozena,SF,2021400,M. Gutierrez Ibañez,PF,2478361,N. Arozena Illarramendi,C,4.0,235.0,8.0,9.0,-1.0,81.7,91.9,-10.2
2480336,29,979912,DOMUSA TEKNIK ISB,HOME,1721468,C. Villamor Aparicio,PG,2364470,G. Leaupepe,SG,2145033,A. Lizundia Arozena,SF,2021400,M. Gutierrez Ibañez,PF,2818813,E. Lalotte,C,3.6,217.0,7.0,13.0,-6.0,77.4,143.8,-66.4
2480336,29,979912,DOMUSA TEKNIK ISB,HOME,1721468,C. Villamor Aparicio,PG,2364470,G. Leaupepe,SG,2145033,A. Lizundia Arozena,SF,2818717,S. Van,PF,2818813,E. Lalotte,C,5.2,311.0,5.0,2.0,3.0,38.6,15.4,23.2
2480336,29,979912,DOMUSA TEKNIK ISB,HOME,2818816,I. Araújo Gouveia Vieira,PG,1894119,S. Iparraguirre Alustiza,SG,1826917,J. Azcue Jauregui,SF,2021400,M. Gutierrez Ibañez,PF,2478361,N. Arozena Illarramendi,C,3.0,178.0,5.0,4.0,1.0,67.4,53.9,13.5
2480336,29,979912,DOMUSA TEKNIK ISB,HOME,2818816,I. Araújo Gouveia Vieira,PG,1894119,S. Iparraguirre Alustiza,SG,1826917,J. Azcue Jauregui,SF,2818717,S. Van,PF,2021400,M. Gutierrez Ibañez,PF,4.1,243.0,17.0,4.0,13.0,167.9,39.5,128.4
2480336,29,979912,DOMUSA TEKNIK ISB,HOME,2818816,I. Araújo Gouveia Vieira,PG,1894119,S. Iparraguirre Alustiza,SG,1826917,J. Azcue Jauregui,SF,2818717,S. Van,PF,2818813,E. Lalotte,C,11.9,710.0,28.0,22.0,6.0,94.6,74.4,20.3
2480336,29,979912,DOMUSA TEKNIK ISB,HOME,2818816,I. Araújo Gouveia Vieira,PG,1894119,S. Iparraguirre Alustiza,SG,2145033,A. Lizundia Arozena,SF,2818717,S. Van,PF,2818813,E. Lalotte,C,1.4,81.0,2.0,2.0,0.0,59.3,59.3,0.0
2480336,29,979912,DOMUSA TEKNIK ISB,HOME,2818816,I. Araújo Gouveia Vieira,PG,2137901,M. Otaegi Albizu,PG,1826917,J. Azcue Jauregui,SF,2021400,M. Gutierrez Ibañez,PF,2478361,N. Arozena Illarramendi,C,0.4,22.0,0.0,0.0,0.0,0.0,0.0,0.0
2480336,29,979912,DOMUSA TEKNIK ISB,HOME,2818816,I. Araújo Gouveia Vieira,PG,2137901,M. Otaegi Albizu,PG,2364470,G. Leaupepe,SG,2021400,M. Gutierrez Ibañez,PF,2818813,E. Lalotte,C,3.1,184.0,8.0,11.0,-3.0,104.3,143.5,-39.1
2480336,29,979912,DOMUSA TEKNIK ISB,HOME,2818816,I. Araújo Gouveia Vieira,PG,2364470,G. Leaupepe,SG,2145033,A. Lizundia Arozena,SF,2021400,M. Gutierrez Ibañez,PF,2818813,E. Lalotte,C,1.2,74.0,0.0,8.0,-8.0,0.0,259.5,-259.5
2480336,29,979912,DOMUSA TEKNIK ISB,HOME,2818816,I. Araújo Gouveia Vieira,PG,2364470,G. Leaupepe,SG,2145033,A. Lizundia Arozena,SF,2818717,S. Van,PF,2478361,N. Arozena Illarramendi,C,1.7,104.0,4.0,3.0,1.0,92.3,69.2,23.1
2480336,29,981346,LA CORDÁ DE PATERNA NB,AWAY,1632609,C. Che Tortola,PG,2024557,M. Bleda Ortega,SG,1687305,L. Segura Moreno,SF,2049442,I. Broncano Avellaneda,SF,2796302,P. Gabriel,C,1.1,67.0,0.0,5.0,-5.0,0.0,179.1,-179.1
2480336,29,981346,LA CORDÁ DE PATERNA NB,AWAY,1632609,C. Che Tortola,PG,2024557,M. Bleda Ortega,SG,2049442,I. Broncano Avellaneda,SF,1687305,L. Segura Moreno,SF,2653963,A. Traore,C,1.7999999999999998,105.0,3.0,3.0,0.0,68.6,68.6,0.0
2480336,29,981346,LA CORDÁ DE PATERNA NB,AWAY,1632609,C. Che Tortola,PG,2024557,M. Bleda Ortega,SG,2049442,I. Broncano Avellaneda,SF,1687305,L. Segura Moreno,SF,2796302,P. Gabriel,C,2.4,141.0,3.0,5.0,-2.0,51.1,85.1,-34.0
2480336,29,981346,LA CORDÁ DE PATERNA NB,AWAY,1632609,C. Che Tortola,PG,2024557,M. Bleda Ortega,SG,2049442,I. Broncano Avellaneda,SF,1687305,L. Segura Moreno,SF,2864802,N. Lagowski,C,0.4,23.0,0.0,3.0,-3.0,0.0,313.0,-313.0
2480336,29,981346,LA CORDÁ DE PATERNA NB,AWAY,1632609,C. Che Tortola,PG,2024557,M. Bleda Ortega,SG,2049442,I. Broncano Avellaneda,SF,2864802,N. Lagowski,C,2653963,A. Traore,C,1.6,94.0,7.0,2.0,5.0,178.7,51.1,127.7
2480336,29,981346,LA CORDÁ DE PATERNA NB,AWAY,1632609,C. Che Tortola,PG,2024557,M. Bleda Ortega,SG,2071471,P. Saravia Logroño,SG,1687305,L. Segura Moreno,SF,2653963,A. Traore,C,5.2,311.0,2.0,5.0,-3.0,15.4,38.6,-23.2
2480336,29,981346,LA CORDÁ DE PATERNA NB,AWAY,1632609,C. Che Tortola,PG,2024557,M. Bleda Ortega,SG,2071471,P. Saravia Logroño,SG,1687305,L. Segura Moreno,SF,2796302,P. Gabriel,C,4.4,263.0,6.0,9.0,-3.0,54.8,82.1,-27.4
2480336,29,981346,LA CORDÁ DE PATERNA NB,AWAY,1632609,C. Che Tortola,PG,2049442,I. Broncano Avellaneda,SF,1687305,L. Segura Moreno,SF,2163606,C. Sancho Mauri,PF,2864802,N. Lagowski,C,0.9,52.0,0.0,2.0,-2.0,0.0,92.3,-92.3
2480336,29,981346,LA CORDÁ DE PATERNA NB,AWAY,1632609,C. Che Tortola,PG,2071471,P. Saravia Logroño,SG,1687305,L. Segura Moreno,SF,2049442,I. Broncano Avellaneda,SF,2796302,P. Gabriel,C,1.2,74.0,8.0,0.0,8.0,259.5,0.0,259.5
2480336,29,981346,LA CORDÁ DE PATERNA NB,AWAY,1632609,C. Che Tortola,PG,2561096,A. Prim Giro,SG,2049442,I. Broncano Avellaneda,SF,2163606,C. Sancho Mauri,PF,2864802,N. Lagowski,C,1.6,98.0,0.0,4.0,-4.0,0.0,98.0,-98.0
2480336,29,981346,LA CORDÁ DE PATERNA NB,AWAY,1632609,C. Che Tortola,PG,2561096,A. Prim Giro,SG,2071471,P. Saravia Logroño,SG,2049442,I. Broncano Avellaneda,SF,2864802,N. Lagowski,C,2.1,120.0,5.0,6.0,-1.0,100.0,120.0,-20.0
2480336,29,981346,LA CORDÁ DE PATERNA NB,AWAY,2024557,M. Bleda Ortega,SG,2561096,A. Prim Giro,SG,1687305,L. Segura Moreno,SF,2049442,I. Broncano Avellaneda,SF,2796302,P. Gabriel,C,2.3,138.0,7.0,4.0,3.0,121.7,69.6,52.2
2480336,29,981346,LA CORDÁ DE PATERNA NB,AWAY,2024557,M. Bleda Ortega,SG,2561096,A. Prim Giro,SG,1687305,L. Segura Moreno,SF,2049442,I. Broncano Avellaneda,SF,2864802,N. Lagowski,C,0.3,17.0,2.0,1.0,1.0,282.4,141.2,141.2
2480336,29,981346,LA CORDÁ DE PATERNA NB,AWAY,2024557,M. Bleda Ortega,SG,2561096,A. Prim Giro,SG,1687305,L. Segura Moreno,SF,2163606,C. Sancho Mauri,PF,2796302,P. Gabriel,C,2.1,125.0,6.0,2.0,4.0,115.2,38.4,76.8
2480336,29,981346,LA CORDÁ DE PATERNA NB,AWAY,2024557,M. Bleda Ortega,SG,2561096,A. Prim Giro,SG,2049442,I. Broncano Avellaneda,SF,2163606,C. Sancho Mauri,PF,2864802,N. Lagowski,C,0.2,15.0,2.0,0.0,2.0,320.0,0.0,320.0
2480336,29,981346,LA CORDÁ DE PATERNA NB,AWAY,2024557,M. Bleda Ortega,SG,2561096,A. Prim Giro,SG,2071471,P. Saravia Logroño,SG,1687305,L. Segura Moreno,SF,2796302,P. Gabriel,C,0.2,10.0,0.0,1.0,-1.0,0.0,240.0,-240.0
2480336,29,981346,LA CORDÁ DE PATERNA NB,AWAY,2024557,M. Bleda Ortega,SG,2561096,A. Prim Giro,SG,2071471,P. Saravia Logroño,SG,2049442,I. Broncano Avellaneda,SF,2864802,N. Lagowski,C,3.2,194.0,9.0,6.0,3.0,111.3,74.2,37.1
2480336,29,981346,LA CORDÁ DE PATERNA NB,AWAY,2561096,A. Prim Giro,SG,2049442,I. Broncano Avellaneda,SF,1687305,L. Segura Moreno,SF,2163606,C. Sancho Mauri,PF,2796302,P. Gabriel,C,1.7,104.0,3.0,4.0,-1.0,69.2,92.3,-23.1
2480336,29,981346,LA CORDÁ DE PATERNA NB,AWAY,2561096,A. Prim Giro,SG,2049442,I. Broncano Avellaneda,SF,1687305,L. Segura Moreno,SF,2163606,C. Sancho Mauri,PF,2864802,N. Lagowski,C,1.4,81.0,2.0,2.0,0.0,59.3,59.3,0.0
2480336,29,981346,LA CORDÁ DE PATERNA NB,AWAY,2561096,A. Prim Giro,SG,2071471,P. Saravia Logroño,SG,2049442,I. Broncano Avellaneda,SF,1687305,L. Segura Moreno,SF,2796302,P. Gabriel,C,0.5,31.0,2.0,2.0,0.0,154.8,154.8,0.0
2480336,29,981346,LA CORDÁ DE PATERNA NB,AWAY,2561096,A. Prim Giro,SG,2071471,P. Saravia Logroño,SG,2049442,I. Broncano Avellaneda,SF,2163606,C. Sancho Mauri,PF,2864802,N. Lagowski,C,3.1,183.0,13.0,6.0,7.0,170.5,78.7,91.8
2480336,29,981346,LA CORDÁ DE PATERNA NB,AWAY,2561096,A. Prim Giro,SG,2071471,P. Saravia Logroño,SG,2049442,I. Broncano Avellaneda,SF,2864802,N. Lagowski,C,2653963,A. Traore,C,1.1,66.0,0.0,5.0,-5.0,0.0,181.8,-181.8
2480336,29,981346,LA CORDÁ DE PATERNA NB,AWAY,2561096,A. Prim Giro,SG,2071471,P. Saravia Logroño,SG,2049442,I. Broncano Avellaneda,SF,2864802,N. Lagowski,C,2796302,P. Gabriel,C,1.5,88.0,0.0,7.0,-7.0,0.0,190.9,-190.9
2480337,30,979912,DOMUSA TEKNIK ISB,AWAY,1721468,C. Villamor Aparicio,PG,1894119,S. Iparraguirre Alustiza,SG,1826917,J. Azcue Jauregui,SF,2021400,M. Gutierrez Ibañez,PF,2818813,E. Lalotte,C,2.5,151.0,5.0,2.0,3.0,79.5,31.8,47.7
2480337,30,979912,DOMUSA TEKNIK ISB,AWAY,1721468,C. Villamor Aparicio,PG,2364470,G. Leaupepe,SG,1826917,J. Azcue Jauregui,SF,2021400,M. Gutierrez Ibañez,PF,2818813,E. Lalotte,C,3.2,188.0,7.0,7.0,0.0,89.4,89.4,0.0
2480337,30,979912,DOMUSA TEKNIK ISB,AWAY,1721468,C. Villamor Aparicio,PG,2364470,G. Leaupepe,SG,1826917,J. Azcue Jauregui,SF,2818717,S. Van,PF,2021400,M. Gutierrez Ibañez,PF,2.8,168.0,2.0,8.0,-6.0,28.6,114.3,-85.7
2480337,30,979912,DOMUSA TEKNIK ISB,AWAY,1721468,C. Villamor Aparicio,PG,2364470,G. Leaupepe,SG,1826917,J. Azcue Jauregui,SF,2818717,S. Van,PF,2818813,E. Lalotte,C,4.7,285.0,6.0,13.0,-7.0,50.5,109.5,-58.9
2480337,30,979912,DOMUSA TEKNIK ISB,AWAY,1721468,C. Villamor Aparicio,PG,2364470,G. Leaupepe,SG,2145033,A. Lizundia Arozena,SF,2021400,M. Gutierrez Ibañez,PF,2818813,E. Lalotte,C,2.5,150.0,4.0,4.0,0.0,64.0,64.0,0.0
2480337,30,979912,DOMUSA TEKNIK ISB,AWAY,1721468,C. Villamor Aparicio,PG,2364470,G. Leaupepe,SG,2145033,A. Lizundia Arozena,SF,2818717,S. Van,PF,2818813,E. Lalotte,C,1.5,88.0,2.0,5.0,-3.0,54.5,136.4,-81.8
2480337,30,979912,DOMUSA TEKNIK ISB,AWAY,1894119,S. Iparraguirre Alustiza,SG,2145033,A. Lizundia Arozena,SF,1826917,J. Azcue Jauregui,SF,2021400,M. Gutierrez Ibañez,PF,2818813,E. Lalotte,C,0.4,22.0,0.0,2.0,-2.0,0.0,218.2,-218.2
2480337,30,979912,DOMUSA TEKNIK ISB,AWAY,2818816,I. Araújo Gouveia Vieira,PG,1721468,C. Villamor Aparicio,PG,1894119,S. Iparraguirre Alustiza,SG,1826917,J. Azcue Jauregui,SF,2818717,S. Van,PF,2.5,149.0,5.0,2.0,3.0,80.5,32.2,48.3
2480337,30,979912,DOMUSA TEKNIK ISB,AWAY,2818816,I. Araújo Gouveia Vieira,PG,1721468,C. Villamor Aparicio,PG,2364470,G. Leaupepe,SG,1826917,J. Azcue Jauregui,SF,2818717,S. Van,PF,0.1,5.0,0.0,0.0,0.0,0.0,0.0,0.0
2480337,30,979912,DOMUSA TEKNIK ISB,AWAY,2818816,I. Araújo Gouveia Vieira,PG,1721468,C. Villamor Aparicio,PG,2364470,G. Leaupepe,SG,2021400,M. Gutierrez Ibañez,PF,2818813,E. Lalotte,C,3.5,209.0,5.0,2.0,3.0,57.4,23.0,34.4
2480337,30,979912,DOMUSA TEKNIK ISB,AWAY,2818816,I. Araújo Gouveia Vieira,PG,1894119,S. Iparraguirre Alustiza,SG,2145033,A. Lizundia Arozena,SF,1826917,J. Azcue Jauregui,SF,2818717,S. Van,PF,3.1,184.0,2.0,7.0,-5.0,26.1,91.3,-65.2
2480337,30,979912,DOMUSA TEKNIK ISB,AWAY,2818816,I. Araújo Gouveia Vieira,PG,1894119,S. Iparraguirre Alustiza,SG,2145033,A. Lizundia Arozena,SF,2021400,M. Gutierrez Ibañez,PF,2818813,E. Lalotte,C,1.0,59.0,0.0,5.0,-5.0,0.0,203.4,-203.4
2480337,30,979912,DOMUSA TEKNIK ISB,AWAY,2818816,I. Araújo Gouveia Vieira,PG,1894119,S. Iparraguirre Alustiza,SG,2145033,A. Lizundia Arozena,SF,2818717,S. Van,PF,2021400,M. Gutierrez Ibañez,PF,1.1,64.0,2.0,2.0,0.0,75.0,75.0,0.0
2480337,30,979912,DOMUSA TEKNIK ISB,AWAY,2818816,I. Araújo Gouveia Vieira,PG,1894119,S. Iparraguirre Alustiza,SG,2145033,A. Lizundia Arozena,SF,2818717,S. Van,PF,2818813,E. Lalotte,C,6.2,374.0,9.0,9.0,0.0,57.8,57.8,0.0
2480337,30,979912,DOMUSA TEKNIK ISB,AWAY,2818816,I. Araújo Gouveia Vieira,PG,2364470,G. Leaupepe,SG,1826917,J. Azcue Jauregui,SF,2818717,S. Van,PF,2021400,M. Gutierrez Ibañez,PF,0.8,47.0,0.0,2.0,-2.0,0.0,102.1,-102.1
2480337,30,979912,DOMUSA TEKNIK ISB,AWAY,2818816,I. Araújo Gouveia Vieira,PG,2364470,G. Leaupepe,SG,1894119,S. Iparraguirre Alustiza,SG,1826917,J. Azcue Jauregui,SF,2818717,S. Van,PF,1.0,62.0,0.0,0.0,0.0,0.0,0.0,0.0
2480337,30,979912,DOMUSA TEKNIK ISB,AWAY,2818816,I. Araújo Gouveia Vieira,PG,2364470,G. Leaupepe,SG,1894119,S. Iparraguirre Alustiza,SG,1826917,J. Azcue Jauregui,SF,2818813,E. Lalotte,C,1.2,73.0,4.0,0.0,4.0,131.5,0.0,131.5
2480337,30,979912,DOMUSA TEKNIK ISB,AWAY,2818816,I. Araújo Gouveia Vieira,PG,2364470,G. Leaupepe,SG,2145033,A. Lizundia Arozena,SF,2818717,S. Van,PF,2021400,M. Gutierrez Ibañez,PF,2.1,122.0,6.0,5.0,1.0,118.0,98.4,19.7
2480337,30,981206,MCR LIMA-HORTA BARCELONA,HOME,1886093,E. Escuder Gonzalez,SG,1959765,J. Rueda Choni,SG,1912814,N. Barrientos Pereira,SF,2049841,E. Trawally Porta,PF,1494221,L. Soler Madariaga,C,1.6,97.0,3.0,5.0,-2.0,74.2,123.7,-49.5
2480337,30,981206,MCR LIMA-HORTA BARCELONA,HOME,1908281,M. Aguado Tortella,PG,1886093,E. Escuder Gonzalez,SG,1912814,N. Barrientos Pereira,SF,2049841,E. Trawally Porta,PF,1494221,L. Soler Madariaga,C,0.5,29.0,0.0,0.0,0.0,0.0,0.0,0.0
2480337,30,981206,MCR LIMA-HORTA BARCELONA,HOME,1908281,M. Aguado Tortella,PG,1959765,J. Rueda Choni,SG,1912814,N. Barrientos Pereira,SF,2049841,E. Trawally Porta,PF,1494221,L. Soler Madariaga,C,1.4,87.0,7.0,0.0,7.0,193.1,0.0,193.1
2480337,30,981206,MCR LIMA-HORTA BARCELONA,HOME,1908281,M. Aguado Tortella,PG,1959765,J. Rueda Choni,SG,2042157,C. Ripoll Moya,SF,2049841,E. Trawally Porta,PF,1494221,L. Soler Madariaga,C,0.1,8.0,0.0,2.0,-2.0,0.0,600.0,-600.0
2480337,30,981206,MCR LIMA-HORTA BARCELONA,HOME,1908281,M. Aguado Tortella,PG,1959765,J. Rueda Choni,SG,2042157,C. Ripoll Moya,SF,2049841,E. Trawally Porta,PF,2235190,E. Morales López,C,6.2,375.0,16.0,4.0,12.0,102.4,25.6,76.8
2480337,30,981206,MCR LIMA-HORTA BARCELONA,HOME,1908281,M. Aguado Tortella,PG,1959765,J. Rueda Choni,SG,2042157,C. Ripoll Moya,SF,2235190,E. Morales López,C,1494221,L. Soler Madariaga,C,3.2,190.0,6.0,4.0,2.0,75.8,50.5,25.3
2480337,30,981206,MCR LIMA-HORTA BARCELONA,HOME,1908281,M. Aguado Tortella,PG,2042157,C. Ripoll Moya,SF,1912814,N. Barrientos Pereira,SF,2049841,E. Trawally Porta,PF,2235190,E. Morales López,C,0.8,45.0,2.0,2.0,0.0,106.7,106.7,0.0
2480337,30,981206,MCR LIMA-HORTA BARCELONA,HOME,1958425,L. Roig I Salrach,PG,1886093,E. Escuder Gonzalez,SG,1912814,N. Barrientos Pereira,SF,2049841,E. Trawally Porta,PF,1494221,L. Soler Madariaga,C,0.2,14.0,0.0,0.0,0.0,0.0,0.0,0.0
2480337,30,981206,MCR LIMA-HORTA BARCELONA,HOME,1958425,L. Roig I Salrach,PG,1886093,E. Escuder Gonzalez,SG,2042157,C. Ripoll Moya,SF,2049841,E. Trawally Porta,PF,1494221,L. Soler Madariaga,C,0.4,22.0,2.0,0.0,2.0,218.2,0.0,218.2
2480337,30,981206,MCR LIMA-HORTA BARCELONA,HOME,1958425,L. Roig I Salrach,PG,1908281,M. Aguado Tortella,PG,1912814,N. Barrientos Pereira,SF,2049841,E. Trawally Porta,PF,1494221,L. Soler Madariaga,C,1.6,94.0,4.0,2.0,2.0,102.1,51.1,51.1
2480337,30,981206,MCR LIMA-HORTA BARCELONA,HOME,1958425,L. Roig I Salrach,PG,1908281,M. Aguado Tortella,PG,1912814,N. Barrientos Pereira,SF,2049841,E. Trawally Porta,PF,2235190,E. Morales López,C,2.1,124.0,2.0,2.0,0.0,38.7,38.7,0.0
2480337,30,981206,MCR LIMA-HORTA BARCELONA,HOME,1958425,L. Roig I Salrach,PG,1908281,M. Aguado Tortella,PG,1912814,N. Barrientos Pereira,SF,2235190,E. Morales López,C,1494221,L. Soler Madariaga,C,2.0,116.0,2.0,4.0,-2.0,41.4,82.8,-41.4
2480337,30,981206,MCR LIMA-HORTA BARCELONA,HOME,1958425,L. Roig I Salrach,PG,1908281,M. Aguado Tortella,PG,1959765,J. Rueda Choni,SG,2049841,E. Trawally Porta,PF,2235190,E. Morales López,C,0.5,32.0,0.0,0.0,0.0,0.0,0.0,0.0
2480337,30,981206,MCR LIMA-HORTA BARCELONA,HOME,1958425,L. Roig I Salrach,PG,1908281,M. Aguado Tortella,PG,1959765,J. Rueda Choni,SG,2235190,E. Morales López,C,1494221,L. Soler Madariaga,C,4.0,239.0,6.0,8.0,-2.0,60.3,80.3,-20.1
2480337,30,981206,MCR LIMA-HORTA BARCELONA,HOME,1958425,L. Roig I Salrach,PG,1908281,M. Aguado Tortella,PG,2042157,C. Ripoll Moya,SF,2049841,E. Trawally Porta,PF,2235190,E. Morales López,C,5.0,300.0,9.0,6.0,3.0,72.0,48.0,24.0
2480337,30,981206,MCR LIMA-HORTA BARCELONA,HOME,1958425,L. Roig I Salrach,PG,1908281,M. Aguado Tortella,PG,2042157,C. Ripoll Moya,SF,2235190,E. Morales López,C,1494221,L. Soler Madariaga,C,1.2,73.0,0.0,4.0,-4.0,0.0,131.5,-131.5
2480337,30,981206,MCR LIMA-HORTA BARCELONA,HOME,1958425,L. Roig I Salrach,PG,1959765,J. Rueda Choni,SG,1912814,N. Barrientos Pereira,SF,2049841,E. Trawally Porta,PF,1494221,L. Soler Madariaga,C,1.4,81.0,2.0,2.0,0.0,59.3,59.3,0.0
2480337,30,981206,MCR LIMA-HORTA BARCELONA,HOME,1958425,L. Roig I Salrach,PG,1959765,J. Rueda Choni,SG,1912814,N. Barrientos Pereira,SF,2235190,E. Morales López,C,1494221,L. Soler Madariaga,C,4.1,242.0,7.0,9.0,-2.0,69.4,89.3,-19.8
2480337,30,981206,MCR LIMA-HORTA BARCELONA,HOME,1958425,L. Roig I Salrach,PG,1959765,J. Rueda Choni,SG,2042157,C. Ripoll Moya,SF,2049841,E. Trawally Porta,PF,2235190,E. Morales López,C,0.4,22.0,0.0,0.0,0.0,0.0,0.0,0.0
2480337,30,981206,MCR LIMA-HORTA BARCELONA,HOME,1958425,L. Roig I Salrach,PG,2042157,C. Ripoll Moya,SF,1912814,N. Barrientos Pereira,SF,2049841,E. Trawally Porta,PF,1494221,L. Soler Madariaga,C,1.3,78.0,0.0,3.0,-3.0,0.0,92.3,-92.3
2480337,30,981206,MCR LIMA-HORTA BARCELONA,HOME,1958425,L. Roig I Salrach,PG,2042157,C. Ripoll Moya,SF,1912814,N. Barrientos Pereira,SF,2049841,E. Trawally Porta,PF,2235190,E. Morales López,C,1.7,102.0,7.0,2.0,5.0,164.7,47.1,117.6
2480337,30,981206,MCR LIMA-HORTA BARCELONA,HOME,1958425,L. Roig I Salrach,PG,2042157,C. Ripoll Moya,SF,1912814,N. Barrientos Pereira,SF,2235190,E. Morales López,C,1494221,L. Soler Madariaga,C,0.5,30.0,0.0,0.0,0.0,0.0,0.0,0.0
2480338,30,981242,C.B. SANTFELIUENC,AWAY,2050086,M. Muñoz Moyano,PG,2190844,S. Pares Vilaseca,PG,2155489,X. Salzmann Romeu,PF,2864042,K. Trehub,C,2257209,A. Segura Freixenet,C,6.3,382.0,13.0,9.0,4.0,81.7,56.5,25.1
2480338,30,981242,C.B. SANTFELIUENC,AWAY,2050086,M. Muñoz Moyano,PG,2190844,S. Pares Vilaseca,PG,2155489,X. Salzmann Romeu,PF,2864042,K. Trehub,C,2321377,C. Romeo Coll,C,0.2,13.0,0.0,0.0,0.0,0.0,0.0,0.0
2480338,30,981242,C.B. SANTFELIUENC,AWAY,2050086,M. Muñoz Moyano,PG,2334120,L. Loran Sureda,SF,2155489,X. Salzmann Romeu,PF,2257209,A. Segura Freixenet,C,2321377,C. Romeo Coll,C,0.4,23.0,1.0,3.0,-2.0,104.3,313.0,-208.7
2480338,30,981242,C.B. SANTFELIUENC,AWAY,2190844,S. Pares Vilaseca,PG,2334120,L. Loran Sureda,SF,2155489,X. Salzmann Romeu,PF,2257209,A. Segura Freixenet,C,2321377,C. Romeo Coll,C,2.5,153.0,5.0,11.0,-6.0,78.4,172.5,-94.1
2480338,30,981242,C.B. SANTFELIUENC,AWAY,2190844,S. Pares Vilaseca,PG,2334120,L. Loran Sureda,SF,2155489,X. Salzmann Romeu,PF,2864042,K. Trehub,C,2257209,A. Segura Freixenet,C,0.5,31.0,0.0,0.0,0.0,0.0,0.0,0.0
2480338,30,981242,C.B. SANTFELIUENC,AWAY,2190844,S. Pares Vilaseca,PG,2334120,L. Loran Sureda,SF,2155489,X. Salzmann Romeu,PF,2864042,K. Trehub,C,2321377,C. Romeo Coll,C,3.0,182.0,4.0,6.0,-2.0,52.7,79.1,-26.4
2480338,30,981242,C.B. SANTFELIUENC,AWAY,2458281,B. Martinez Valcarce,PG,2050086,M. Muñoz Moyano,PG,2190844,S. Pares Vilaseca,PG,2155489,X. Salzmann Romeu,PF,2257209,A. Segura Freixenet,C,1.5,88.0,4.0,2.0,2.0,109.1,54.5,54.5
2480338,30,981242,C.B. SANTFELIUENC,AWAY,2458281,B. Martinez Valcarce,PG,2050086,M. Muñoz Moyano,PG,2190844,S. Pares Vilaseca,PG,2155489,X. Salzmann Romeu,PF,2864042,K. Trehub,C,7.0,424.0,13.0,13.0,0.0,73.6,73.6,0.0
2480338,30,981242,C.B. SANTFELIUENC,AWAY,2458281,B. Martinez Valcarce,PG,2050086,M. Muñoz Moyano,PG,2190844,S. Pares Vilaseca,PG,2197476,J. Simon Montejo,SF,2155489,X. Salzmann Romeu,PF,1.1,65.0,0.0,4.0,-4.0,0.0,147.7,-147.7
2480338,30,981242,C.B. SANTFELIUENC,AWAY,2458281,B. Martinez Valcarce,PG,2050086,M. Muñoz Moyano,PG,2190844,S. Pares Vilaseca,PG,2197476,J. Simon Montejo,SF,2864042,K. Trehub,C,7.2,434.0,16.0,9.0,7.0,88.5,49.8,38.7
2480338,30,981242,C.B. SANTFELIUENC,AWAY,2458281,B. Martinez Valcarce,PG,2050086,M. Muñoz Moyano,PG,2190844,S. Pares Vilaseca,PG,2334120,L. Loran Sureda,SF,2155489,X. Salzmann Romeu,PF,2.5,151.0,0.0,7.0,-7.0,0.0,111.3,-111.3
2480338,30,981242,C.B. SANTFELIUENC,AWAY,2458281,B. Martinez Valcarce,PG,2050086,M. Muñoz Moyano,PG,2190844,S. Pares Vilaseca,PG,2864042,K. Trehub,C,2321377,C. Romeo Coll,C,0.6,38.0,3.0,0.0,3.0,189.5,0.0,189.5
2480338,30,981242,C.B. SANTFELIUENC,AWAY,2458281,B. Martinez Valcarce,PG,2050086,M. Muñoz Moyano,PG,2334120,L. Loran Sureda,SF,2155489,X. Salzmann Romeu,PF,2257209,A. Segura Freixenet,C,1.3,76.0,0.0,4.0,-4.0,0.0,126.3,-126.3
2480338,30,981242,C.B. SANTFELIUENC,AWAY,2458281,B. Martinez Valcarce,PG,2050086,M. Muñoz Moyano,PG,2334120,L. Loran Sureda,SF,2155489,X. Salzmann Romeu,PF,2864042,K. Trehub,C,1.6,98.0,2.0,3.0,-1.0,49.0,73.5,-24.5
2480338,30,981242,C.B. SANTFELIUENC,AWAY,2458281,B. Martinez Valcarce,PG,2190844,S. Pares Vilaseca,PG,2155489,X. Salzmann Romeu,PF,2864042,K. Trehub,C,2257209,A. Segura Freixenet,C,0.9,57.0,0.0,2.0,-2.0,0.0,84.2,-84.2
2480338,30,981242,C.B. SANTFELIUENC,AWAY,2458281,B. Martinez Valcarce,PG,2190844,S. Pares Vilaseca,PG,2197476,J. Simon Montejo,SF,2864042,K. Trehub,C,2257209,A. Segura Freixenet,C,0.7,40.0,0.0,0.0,0.0,0.0,0.0,0.0
2480338,30,981242,C.B. SANTFELIUENC,AWAY,2458281,B. Martinez Valcarce,PG,2190844,S. Pares Vilaseca,PG,2334120,L. Loran Sureda,SF,2155489,X. Salzmann Romeu,PF,2257209,A. Segura Freixenet,C,2.4,145.0,0.0,5.0,-5.0,0.0,82.8,-82.8
2480338,30,981346,LA CORDÁ DE PATERNA NB,HOME,1632609,C. Che Tortola,PG,2024557,M. Bleda Ortega,SG,1687305,L. Segura Moreno,SF,2049442,I. Broncano Avellaneda,SF,2163606,C. Sancho Mauri,PF,2.9000000000000004,170.0,6.0,2.0,4.0,84.7,28.2,56.5
2480338,30,981346,LA CORDÁ DE PATERNA NB,HOME,1632609,C. Che Tortola,PG,2071471,P. Saravia Logroño,SG,2024557,M. Bleda Ortega,SG,1687305,L. Segura Moreno,SF,2163606,C. Sancho Mauri,PF,3.2,191.0,4.0,8.0,-4.0,50.3,100.5,-50.3
2480338,30,981346,LA CORDÁ DE PATERNA NB,HOME,1632609,C. Che Tortola,PG,2071471,P. Saravia Logroño,SG,2024557,M. Bleda Ortega,SG,2049442,I. Broncano Avellaneda,SF,2864802,N. Lagowski,C,7.3,440.0,11.0,17.0,-6.0,60.0,92.7,-32.7
2480338,30,981346,LA CORDÁ DE PATERNA NB,HOME,1632609,C. Che Tortola,PG,2071471,P. Saravia Logroño,SG,2561096,A. Prim Giro,SG,1687305,L. Segura Moreno,SF,2163606,C. Sancho Mauri,PF,5.9,358.0,20.0,10.0,10.0,134.1,67.0,67.0
2480338,30,981346,LA CORDÁ DE PATERNA NB,HOME,1632609,C. Che Tortola,PG,2071471,P. Saravia Logroño,SG,2561096,A. Prim Giro,SG,2024557,M. Bleda Ortega,SG,2864802,N. Lagowski,C,0.9,57.0,2.0,0.0,2.0,84.2,0.0,84.2
2480338,30,981346,LA CORDÁ DE PATERNA NB,HOME,1632609,C. Che Tortola,PG,2071471,P. Saravia Logroño,SG,2561096,A. Prim Giro,SG,2163606,C. Sancho Mauri,PF,2864802,N. Lagowski,C,0.5,31.0,0.0,0.0,0.0,0.0,0.0,0.0
2480338,30,981346,LA CORDÁ DE PATERNA NB,HOME,1632609,C. Che Tortola,PG,2561096,A. Prim Giro,SG,2024557,M. Bleda Ortega,SG,1687305,L. Segura Moreno,SF,2864802,N. Lagowski,C,1.0,62.0,4.0,0.0,4.0,154.8,0.0,154.8
2480338,30,981346,LA CORDÁ DE PATERNA NB,HOME,1632609,C. Che Tortola,PG,2561096,A. Prim Giro,SG,2024557,M. Bleda Ortega,SG,2163606,C. Sancho Mauri,PF,2864802,N. Lagowski,C,3.5,209.0,5.0,7.0,-2.0,57.4,80.4,-23.0
2480338,30,981346,LA CORDÁ DE PATERNA NB,HOME,2024557,M. Bleda Ortega,SG,2179102,Y. Tortajada Amoukrane,SF,1687305,L. Segura Moreno,SF,2049442,I. Broncano Avellaneda,SF,2163606,C. Sancho Mauri,PF,1.6,98.0,3.0,2.0,1.0,73.5,49.0,24.5
2480338,30,981346,LA CORDÁ DE PATERNA NB,HOME,2071471,P. Saravia Logroño,SG,2561096,A. Prim Giro,SG,1687305,L. Segura Moreno,SF,2049442,I. Broncano Avellaneda,SF,2163606,C. Sancho Mauri,PF,4.0,243.0,7.0,0.0,7.0,69.1,0.0,69.1
2480338,30,981346,LA CORDÁ DE PATERNA NB,HOME,2071471,P. Saravia Logroño,SG,2561096,A. Prim Giro,SG,2024557,M. Bleda Ortega,SG,1687305,L. Segura Moreno,SF,2049442,I. Broncano Avellaneda,SF,2.3,139.0,6.0,2.0,4.0,103.6,34.5,69.1
2480338,30,981346,LA CORDÁ DE PATERNA NB,HOME,2071471,P. Saravia Logroño,SG,2561096,A. Prim Giro,SG,2024557,M. Bleda Ortega,SG,1687305,L. Segura Moreno,SF,2163606,C. Sancho Mauri,PF,0.2,13.0,0.0,0.0,0.0,0.0,0.0,0.0
2480338,30,981346,LA CORDÁ DE PATERNA NB,HOME,2071471,P. Saravia Logroño,SG,2561096,A. Prim Giro,SG,2024557,M. Bleda Ortega,SG,1687305,L. Segura Moreno,SF,2864802,N. Lagowski,C,1.2,75.0,3.0,2.0,1.0,96.0,64.0,32.0
2480338,30,981346,LA CORDÁ DE PATERNA NB,HOME,2071471,P. Saravia Logroño,SG,2561096,A. Prim Giro,SG,2179102,Y. Tortajada Amoukrane,SF,2049442,I. Broncano Avellaneda,SF,2864802,N. Lagowski,C,2.8000000000000003,170.0,2.0,8.0,-6.0,28.2,112.9,-84.7
2480338,30,981346,LA CORDÁ DE PATERNA NB,HOME,2561096,A. Prim Giro,SG,2024557,M. Bleda Ortega,SG,1687305,L. Segura Moreno,SF,2049442,I. Broncano Avellaneda,SF,2163606,C. Sancho Mauri,PF,2.4,144.0,5.0,3.0,2.0,83.3,50.0,33.3
2480339,30,979952,LA LAGUNA TOYOTA  ADAREVA,HOME,1128614,I. Arregui Mariezcurrena,PG,2151715,J. Nogués Martí,PG,1613926,M. Gomez Fernandez,SF,2432295,B. Stevanovic,PF,2816766,A. Coulibaly,C,0.7,42.0,0.0,0.0,0.0,0.0,0.0,0.0
2480339,30,979952,LA LAGUNA TOYOTA  ADAREVA,HOME,1128614,I. Arregui Mariezcurrena,PG,2151715,J. Nogués Martí,PG,2735173,M. Forsyth,SF,1613926,M. Gomez Fernandez,SF,2432295,B. Stevanovic,PF,16.1,967.0,33.0,33.0,0.0,81.9,81.9,0.0
2480339,30,979952,LA LAGUNA TOYOTA  ADAREVA,HOME,1128614,I. Arregui Mariezcurrena,PG,2151715,J. Nogués Martí,PG,2735173,M. Forsyth,SF,1613926,M. Gomez Fernandez,SF,2816766,A. Coulibaly,C,18.2,1086.0,30.0,31.0,-1.0,66.3,68.5,-2.2
2480339,30,979952,LA LAGUNA TOYOTA  ADAREVA,HOME,1128614,I. Arregui Mariezcurrena,PG,2735173,M. Forsyth,SF,1613926,M. Gomez Fernandez,SF,2432295,B. Stevanovic,PF,2816766,A. Coulibaly,C,2.6,156.0,10.0,2.0,8.0,153.8,30.8,123.1
2480339,30,979952,LA LAGUNA TOYOTA  ADAREVA,HOME,2151715,J. Nogués Martí,PG,2735173,M. Forsyth,SF,1613926,M. Gomez Fernandez,SF,2432295,B. Stevanovic,PF,2816766,A. Coulibaly,C,2.5,149.0,2.0,3.0,-1.0,32.2,48.3,-16.1
2480339,30,981356,BOSONIT UNIBASKET,AWAY,1678734,M. Llorente Ruiz,SG,1626810,C. Aldecoa Rodriguez,SG,1834784,E. Florez Pascual,SF,2735759,L. Van Schaik,SF,2819121,H. Forster,C,0.8,45.0,0.0,0.0,0.0,0.0,0.0,0.0
2480339,30,981356,BOSONIT UNIBASKET,AWAY,1821692,M. Alonso Guadaño,PG,1626810,C. Aldecoa Rodriguez,SG,1834784,E. Florez Pascual,SF,2735759,L. Van Schaik,SF,2819121,H. Forster,C,1.7,100.0,2.0,2.0,0.0,48.0,48.0,0.0
2480339,30,981356,BOSONIT UNIBASKET,AWAY,1821692,M. Alonso Guadaño,PG,1626810,C. Aldecoa Rodriguez,SG,2735759,L. Van Schaik,SF,1778980,I. Losada Gonzalez-Babe,PF,2819119,T. Sedláková,C,1.9,115.0,2.0,7.0,-5.0,41.7,146.1,-104.3
2480339,30,981356,BOSONIT UNIBASKET,AWAY,1821692,M. Alonso Guadaño,PG,1626810,C. Aldecoa Rodriguez,SG,2735759,L. Van Schaik,SF,1778980,I. Losada Gonzalez-Babe,PF,2819121,H. Forster,C,1.5,87.0,1.0,5.0,-4.0,27.6,137.9,-110.3
2480339,30,981356,BOSONIT UNIBASKET,AWAY,1821692,M. Alonso Guadaño,PG,1626810,C. Aldecoa Rodriguez,SG,2735759,L. Van Schaik,SF,1834784,E. Florez Pascual,SF,2819119,T. Sedláková,C,1.4,86.0,2.0,10.0,-8.0,55.8,279.1,-223.3
2480339,30,981356,BOSONIT UNIBASKET,AWAY,1821692,M. Alonso Guadaño,PG,1626810,C. Aldecoa Rodriguez,SG,2735759,L. Van Schaik,SF,1834784,E. Florez Pascual,SF,2819121,H. Forster,C,1.8,103.0,0.0,5.0,-5.0,0.0,116.5,-116.5
2480339,30,981356,BOSONIT UNIBASKET,AWAY,1821692,M. Alonso Guadaño,PG,1678734,M. Llorente Ruiz,SG,1626810,C. Aldecoa Rodriguez,SG,1778980,I. Losada Gonzalez-Babe,PF,2819121,H. Forster,C,2.0,119.0,4.0,5.0,-1.0,80.7,100.8,-20.2
2480339,30,981356,BOSONIT UNIBASKET,AWAY,1821692,M. Alonso Guadaño,PG,1678734,M. Llorente Ruiz,SG,2735759,L. Van Schaik,SF,1778980,I. Losada Gonzalez-Babe,PF,2819121,H. Forster,C,2.5,152.0,3.0,0.0,3.0,47.4,0.0,47.4
2480339,30,981356,BOSONIT UNIBASKET,AWAY,1821692,M. Alonso Guadaño,PG,2561556,C. Sañudo Trillo,SG,1678734,M. Llorente Ruiz,SG,1834784,E. Florez Pascual,SF,2819121,H. Forster,C,1.1,69.0,0.0,0.0,0.0,0.0,0.0,0.0
2480339,30,981356,BOSONIT UNIBASKET,AWAY,1821692,M. Alonso Guadaño,PG,2561556,C. Sañudo Trillo,SG,1834784,E. Florez Pascual,SF,2735759,L. Van Schaik,SF,2819119,T. Sedláková,C,2.6,154.0,4.0,2.0,2.0,62.3,31.2,31.2
2480339,30,981356,BOSONIT UNIBASKET,AWAY,1821692,M. Alonso Guadaño,PG,2561556,C. Sañudo Trillo,SG,2735759,L. Van Schaik,SF,1778980,I. Losada Gonzalez-Babe,PF,2819119,T. Sedláková,C,2.6,158.0,10.0,10.0,0.0,151.9,151.9,0.0
2480339,30,981356,BOSONIT UNIBASKET,AWAY,1821692,M. Alonso Guadaño,PG,2561556,C. Sañudo Trillo,SG,2735759,L. Van Schaik,SF,1778980,I. Losada Gonzalez-Babe,PF,2819121,H. Forster,C,1.6,99.0,0.0,2.0,-2.0,0.0,48.5,-48.5
2480339,30,981356,BOSONIT UNIBASKET,AWAY,2151019,N. Padrosa Mons,PG,1626810,C. Aldecoa Rodriguez,SG,2735759,L. Van Schaik,SF,1834784,E. Florez Pascual,SF,2819119,T. Sedláková,C,4.0,242.0,8.0,6.0,2.0,79.3,59.5,19.8
2480339,30,981356,BOSONIT UNIBASKET,AWAY,2151019,N. Padrosa Mons,PG,1678734,M. Llorente Ruiz,SG,1626810,C. Aldecoa Rodriguez,SG,1834784,E. Florez Pascual,SF,2819119,T. Sedláková,C,1.0,58.0,0.0,4.0,-4.0,0.0,165.5,-165.5
2480339,30,981356,BOSONIT UNIBASKET,AWAY,2151019,N. Padrosa Mons,PG,1678734,M. Llorente Ruiz,SG,1626810,C. Aldecoa Rodriguez,SG,1834784,E. Florez Pascual,SF,2819121,H. Forster,C,2.2,132.0,6.0,2.0,4.0,109.1,36.4,72.7
2480339,30,981356,BOSONIT UNIBASKET,AWAY,2151019,N. Padrosa Mons,PG,1678734,M. Llorente Ruiz,SG,2735759,L. Van Schaik,SF,1834784,E. Florez Pascual,SF,2819119,T. Sedláková,C,6.1,360.0,13.0,5.0,8.0,86.7,33.3,53.3
2480339,30,981356,BOSONIT UNIBASKET,AWAY,2151019,N. Padrosa Mons,PG,2561556,C. Sañudo Trillo,SG,1678734,M. Llorente Ruiz,SG,1834784,E. Florez Pascual,SF,2819119,T. Sedláková,C,2.9,176.0,7.0,6.0,1.0,95.5,81.8,13.6
2480339,30,981356,BOSONIT UNIBASKET,AWAY,2151019,N. Padrosa Mons,PG,2561556,C. Sañudo Trillo,SG,1678734,M. Llorente Ruiz,SG,1834784,E. Florez Pascual,SF,2819121,H. Forster,C,0.6,33.0,3.0,0.0,3.0,218.2,0.0,218.2
2480339,30,981356,BOSONIT UNIBASKET,AWAY,2151019,N. Padrosa Mons,PG,2561556,C. Sañudo Trillo,SG,1834784,E. Florez Pascual,SF,2735759,L. Van Schaik,SF,2819119,T. Sedláková,C,1.8,112.0,4.0,4.0,0.0,85.7,85.7,0.0
2480340,30,981334,UNICAJA MIJAS,AWAY,1949233,A. Orois Aznarez,PG,1317227,C. Garcia Paunero,SG,1884837,M. Roters Dubinina,PF,1723860,S. Galeron Alvarez,PF,2096249,T. Eke Benitez,C,3.2,194.0,5.0,4.0,1.0,61.9,49.5,12.4
2480340,30,981334,UNICAJA MIJAS,AWAY,1949233,A. Orois Aznarez,PG,1317227,C. Garcia Paunero,SG,1884837,M. Roters Dubinina,PF,1723860,S. Galeron Alvarez,PF,2646984,L. Rivers,C,2.8,166.0,2.0,2.0,0.0,28.9,28.9,0.0
2480340,30,981334,UNICAJA MIJAS,AWAY,1949233,A. Orois Aznarez,PG,1317227,C. Garcia Paunero,SG,1884837,M. Roters Dubinina,PF,2646984,L. Rivers,C,2096249,T. Eke Benitez,C,9.8,588.0,11.0,11.0,0.0,44.9,44.9,0.0
2480340,30,981334,UNICAJA MIJAS,AWAY,1949233,A. Orois Aznarez,PG,1317227,C. Garcia Paunero,SG,2643500,C. Capellan Santana,SG,1884837,M. Roters Dubinina,PF,1723860,S. Galeron Alvarez,PF,2.1,126.0,0.0,2.0,-2.0,0.0,38.1,-38.1
2480340,30,981334,UNICAJA MIJAS,AWAY,1949233,A. Orois Aznarez,PG,1994192,E. Moreno Fernandez,SF,1884837,M. Roters Dubinina,PF,2646984,L. Rivers,C,2096249,T. Eke Benitez,C,2.1,127.0,4.0,2.0,2.0,75.6,37.8,37.8
2480340,30,981334,UNICAJA MIJAS,AWAY,1949233,A. Orois Aznarez,PG,2643500,C. Capellan Santana,SG,1317227,C. Garcia Paunero,SG,1884837,M. Roters Dubinina,PF,1723860,S. Galeron Alvarez,PF,0.3,20.0,0.0,2.0,-2.0,0.0,240.0,-240.0
2480340,30,981334,UNICAJA MIJAS,AWAY,1949233,A. Orois Aznarez,PG,2643500,C. Capellan Santana,SG,1317227,C. Garcia Paunero,SG,1884837,M. Roters Dubinina,PF,2646984,L. Rivers,C,1.5,90.0,4.0,3.0,1.0,106.7,80.0,26.7
2480340,30,981334,UNICAJA MIJAS,AWAY,1949233,A. Orois Aznarez,PG,2643500,C. Capellan Santana,SG,1884837,M. Roters Dubinina,PF,1723860,S. Galeron Alvarez,PF,2646984,L. Rivers,C,1.0,62.0,0.0,4.0,-4.0,0.0,154.8,-154.8
2480340,30,981334,UNICAJA MIJAS,AWAY,1954737,E. Puiggros Rovira,PG,1317227,C. Garcia Paunero,SG,1884837,M. Roters Dubinina,PF,1723860,S. Galeron Alvarez,PF,2096249,T. Eke Benitez,C,0.1,5.0,0.0,0.0,0.0,0.0,0.0,0.0
2480340,30,981334,UNICAJA MIJAS,AWAY,1954737,E. Puiggros Rovira,PG,1317227,C. Garcia Paunero,SG,1884837,M. Roters Dubinina,PF,1723860,S. Galeron Alvarez,PF,2646984,L. Rivers,C,0.2,11.0,1.0,0.0,1.0,218.2,0.0,218.2
2480340,30,981334,UNICAJA MIJAS,AWAY,1954737,E. Puiggros Rovira,PG,1994192,E. Moreno Fernandez,SF,1884837,M. Roters Dubinina,PF,1723860,S. Galeron Alvarez,PF,2012623,S. Lo Sylla,C,1.1,67.0,2.0,2.0,0.0,71.6,71.6,0.0
2480340,30,981334,UNICAJA MIJAS,AWAY,1954737,E. Puiggros Rovira,PG,1994192,E. Moreno Fernandez,SF,1884837,M. Roters Dubinina,PF,1723860,S. Galeron Alvarez,PF,2096249,T. Eke Benitez,C,1.3,79.0,3.0,2.0,1.0,91.1,60.8,30.4
2480340,30,981334,UNICAJA MIJAS,AWAY,1954737,E. Puiggros Rovira,PG,1994192,E. Moreno Fernandez,SF,1884837,M. Roters Dubinina,PF,1723860,S. Galeron Alvarez,PF,2646984,L. Rivers,C,1.4,82.0,2.0,4.0,-2.0,58.5,117.1,-58.5
2480340,30,981334,UNICAJA MIJAS,AWAY,1954737,E. Puiggros Rovira,PG,2643500,C. Capellan Santana,SG,1317227,C. Garcia Paunero,SG,1884837,M. Roters Dubinina,PF,1723860,S. Galeron Alvarez,PF,2.0,120.0,3.0,2.0,1.0,60.0,40.0,20.0
2480340,30,981334,UNICAJA MIJAS,AWAY,1954737,E. Puiggros Rovira,PG,2643500,C. Capellan Santana,SG,1994192,E. Moreno Fernandez,SF,1884837,M. Roters Dubinina,PF,1723860,S. Galeron Alvarez,PF,11.1,663.0,20.0,16.0,4.0,72.4,57.9,14.5
2480340,30,981492,CELTA  FEMXA ZORKA,HOME,1898932,M. Gea Becerra,PG,2049773,D. Bermejo Escribano,PG,2121212,P. Salinas Mascuñana,SG,2179703,N. Martínez Quintana,PF,2276545,M. Vizmanos Iglesis,PF,2.0,121.0,3.0,0.0,3.0,59.5,0.0,59.5
2480340,30,981492,CELTA  FEMXA ZORKA,HOME,1898932,M. Gea Becerra,PG,2049773,D. Bermejo Escribano,PG,2121212,P. Salinas Mascuñana,SG,2179703,N. Martínez Quintana,PF,2814638,J. Kelliher,PF,0.4,25.0,0.0,0.0,0.0,0.0,0.0,0.0
2480340,30,981492,CELTA  FEMXA ZORKA,HOME,1898932,M. Gea Becerra,PG,2049773,D. Bermejo Escribano,PG,2121212,P. Salinas Mascuñana,SG,2651124,A. Boquete Manna,SF,2179703,N. Martínez Quintana,PF,6.3999999999999995,385.0,11.0,10.0,1.0,68.6,62.3,6.2
2480340,30,981492,CELTA  FEMXA ZORKA,HOME,1898932,M. Gea Becerra,PG,2121212,P. Salinas Mascuñana,SG,2179703,N. Martínez Quintana,PF,2276545,M. Vizmanos Iglesis,PF,2814638,J. Kelliher,PF,4.3,253.0,4.0,4.0,0.0,37.9,37.9,0.0
2480340,30,981492,CELTA  FEMXA ZORKA,HOME,1898932,M. Gea Becerra,PG,2121212,P. Salinas Mascuñana,SG,2179703,N. Martínez Quintana,PF,2814638,J. Kelliher,PF,2644595,I. Vennema,PF,1.6,92.0,4.0,2.0,2.0,104.3,52.2,52.2
2480340,30,981492,CELTA  FEMXA ZORKA,HOME,1898932,M. Gea Becerra,PG,2121212,P. Salinas Mascuñana,SG,2179984,U. Rodríguez Silva,SF,2651124,A. Boquete Manna,SF,2179703,N. Martínez Quintana,PF,1.8,106.0,4.0,8.0,-4.0,90.6,181.1,-90.6
2480340,30,981492,CELTA  FEMXA ZORKA,HOME,1898932,M. Gea Becerra,PG,2121212,P. Salinas Mascuñana,SG,2651124,A. Boquete Manna,SF,2179703,N. Martínez Quintana,PF,2276545,M. Vizmanos Iglesis,PF,8.3,503.0,15.0,8.0,7.0,71.6,38.2,33.4
2480340,30,981492,CELTA  FEMXA ZORKA,HOME,1898932,M. Gea Becerra,PG,2121212,P. Salinas Mascuñana,SG,2651124,A. Boquete Manna,SF,2179703,N. Martínez Quintana,PF,2644595,I. Vennema,PF,1.6,95.0,2.0,9.0,-7.0,50.5,227.4,-176.8
2480340,30,981492,CELTA  FEMXA ZORKA,HOME,1898932,M. Gea Becerra,PG,2121212,P. Salinas Mascuñana,SG,2651124,A. Boquete Manna,SF,2179703,N. Martínez Quintana,PF,2814638,J. Kelliher,PF,1.9,117.0,1.0,2.0,-1.0,20.5,41.0,-20.5
2480340,30,981492,CELTA  FEMXA ZORKA,HOME,1898932,M. Gea Becerra,PG,2121212,P. Salinas Mascuñana,SG,2651124,A. Boquete Manna,SF,2276545,M. Vizmanos Iglesis,PF,2814638,J. Kelliher,PF,0.7,41.0,0.0,0.0,0.0,0.0,0.0,0.0
2480340,30,981492,CELTA  FEMXA ZORKA,HOME,2049773,D. Bermejo Escribano,PG,2121212,P. Salinas Mascuñana,SG,2179984,U. Rodríguez Silva,SF,2651124,A. Boquete Manna,SF,2179703,N. Martínez Quintana,PF,5.6,333.0,6.0,6.0,0.0,43.2,43.2,0.0
2480340,30,981492,CELTA  FEMXA ZORKA,HOME,2049773,D. Bermejo Escribano,PG,2179984,U. Rodríguez Silva,SF,2651124,A. Boquete Manna,SF,2276545,M. Vizmanos Iglesis,PF,2814638,J. Kelliher,PF,5.4,329.0,6.0,8.0,-2.0,43.8,58.4,-14.6
2480341,30,979971,OSES CONSTRUCCION,HOME,1044456,M. Asurmendi Villaverde,PG,1882395,A. Elso Aramendia,SG,1824910,S. Castro Marrero,SF,1820835,A. Wone Aranaz,PF,1593987,M. Recarte Mendive,C,0.8,47.0,0.0,2.0,-2.0,0.0,102.1,-102.1
2480341,30,979971,OSES CONSTRUCCION,HOME,1044456,M. Asurmendi Villaverde,PG,1882395,A. Elso Aramendia,SG,1824910,S. Castro Marrero,SF,1820835,A. Wone Aranaz,PF,2432513,V. Llorente,PF,1.7000000000000002,103.0,0.0,2.0,-2.0,0.0,46.6,-46.6
2480341,30,979971,OSES CONSTRUCCION,HOME,1044456,M. Asurmendi Villaverde,PG,1882395,A. Elso Aramendia,SG,2364706,F. Parra,SG,1820835,A. Wone Aranaz,PF,2432513,V. Llorente,PF,2.0,121.0,6.0,3.0,3.0,119.0,59.5,59.5
2480341,30,979971,OSES CONSTRUCCION,HOME,1044456,M. Asurmendi Villaverde,PG,1882395,A. Elso Aramendia,SG,2364706,F. Parra,SG,2432513,V. Llorente,PF,2172007,J. Idoate Aguirre,,0.1,4.0,2.0,0.0,2.0,1200.0,0.0,1200.0
2480341,30,979971,OSES CONSTRUCCION,HOME,1044456,M. Asurmendi Villaverde,PG,1882395,A. Elso Aramendia,SG,2364706,F. Parra,SG,2561097,A. Diez Pastor,SF,1593987,M. Recarte Mendive,C,1.2,73.0,2.0,2.0,0.0,65.8,65.8,0.0
2480341,30,979971,OSES CONSTRUCCION,HOME,1588922,L. Gutierrez Lancho,PG,1044456,M. Asurmendi Villaverde,PG,1824910,S. Castro Marrero,SF,1820835,A. Wone Aranaz,PF,2432513,V. Llorente,PF,1.2,70.0,0.0,0.0,0.0,0.0,0.0,0.0
2480341,30,979971,OSES CONSTRUCCION,HOME,1588922,L. Gutierrez Lancho,PG,1044456,M. Asurmendi Villaverde,PG,1824910,S. Castro Marrero,SF,2432513,V. Llorente,PF,1593987,M. Recarte Mendive,C,0.7,43.0,0.0,3.0,-3.0,0.0,167.4,-167.4
2480341,30,979971,OSES CONSTRUCCION,HOME,1588922,L. Gutierrez Lancho,PG,1044456,M. Asurmendi Villaverde,PG,2561097,A. Diez Pastor,SF,1820835,A. Wone Aranaz,PF,2432513,V. Llorente,PF,0.6,38.0,3.0,0.0,3.0,189.5,0.0,189.5
2480341,30,979971,OSES CONSTRUCCION,HOME,1588922,L. Gutierrez Lancho,PG,1044456,M. Asurmendi Villaverde,PG,2561097,A. Diez Pastor,SF,2432513,V. Llorente,PF,1593987,M. Recarte Mendive,C,0.5,28.0,0.0,1.0,-1.0,0.0,85.7,-85.7
2480341,30,979971,OSES CONSTRUCCION,HOME,1588922,L. Gutierrez Lancho,PG,1882395,A. Elso Aramendia,SG,1824910,S. Castro Marrero,SF,1820835,A. Wone Aranaz,PF,2432513,V. Llorente,PF,4.3,257.0,6.0,0.0,6.0,56.0,0.0,56.0
2480341,30,979971,OSES CONSTRUCCION,HOME,1588922,L. Gutierrez Lancho,PG,2364706,F. Parra,SG,1824910,S. Castro Marrero,SF,2432513,V. Llorente,PF,1593987,M. Recarte Mendive,C,1.3,79.0,1.0,0.0,1.0,30.4,0.0,30.4
2480341,30,979971,OSES CONSTRUCCION,HOME,1588922,L. Gutierrez Lancho,PG,2364706,F. Parra,SG,1824910,S. Castro Marrero,SF,2432513,V. Llorente,PF,1820835,A. Wone Aranaz,PF,1.5,91.0,2.0,8.0,-6.0,52.7,211.0,-158.2
2480341,30,979971,OSES CONSTRUCCION,HOME,1882395,A. Elso Aramendia,SG,2364706,F. Parra,SG,1824910,S. Castro Marrero,SF,1820835,A. Wone Aranaz,PF,1593987,M. Recarte Mendive,C,6.9,413.0,9.0,12.0,-3.0,52.3,69.7,-17.4
2480341,30,979971,OSES CONSTRUCCION,HOME,2561102,M. Blanco Morcillo,PG,1044456,M. Asurmendi Villaverde,PG,2364706,F. Parra,SG,1820835,A. Wone Aranaz,PF,2432513,V. Llorente,PF,1.6,96.0,4.0,4.0,0.0,100.0,100.0,0.0
2480341,30,979971,OSES CONSTRUCCION,HOME,2561102,M. Blanco Morcillo,PG,1044456,M. Asurmendi Villaverde,PG,2364706,F. Parra,SG,2432513,V. Llorente,PF,1593987,M. Recarte Mendive,C,1.5,88.0,3.0,5.0,-2.0,81.8,136.4,-54.5
2480341,30,979971,OSES CONSTRUCCION,HOME,2561102,M. Blanco Morcillo,PG,1044456,M. Asurmendi Villaverde,PG,2364706,F. Parra,SG,2561097,A. Diez Pastor,SF,1593987,M. Recarte Mendive,C,3.3,199.0,2.0,5.0,-3.0,24.1,60.3,-36.2
2480341,30,979971,OSES CONSTRUCCION,HOME,2561102,M. Blanco Morcillo,PG,1044456,M. Asurmendi Villaverde,PG,2561097,A. Diez Pastor,SF,1820835,A. Wone Aranaz,PF,1593987,M. Recarte Mendive,C,1.0,58.0,0.0,2.0,-2.0,0.0,82.8,-82.8
2480341,30,979971,OSES CONSTRUCCION,HOME,2561102,M. Blanco Morcillo,PG,1588922,L. Gutierrez Lancho,PG,1044456,M. Asurmendi Villaverde,PG,2561097,A. Diez Pastor,SF,1820835,A. Wone Aranaz,PF,3.7,223.0,2.0,4.0,-2.0,21.5,43.0,-21.5
2480341,30,979971,OSES CONSTRUCCION,HOME,2561102,M. Blanco Morcillo,PG,1588922,L. Gutierrez Lancho,PG,1824910,S. Castro Marrero,SF,1820835,A. Wone Aranaz,PF,2432513,V. Llorente,PF,0.4,22.0,0.0,0.0,0.0,0.0,0.0,0.0
2480341,30,979971,OSES CONSTRUCCION,HOME,2561102,M. Blanco Morcillo,PG,1588922,L. Gutierrez Lancho,PG,2561097,A. Diez Pastor,SF,1824910,S. Castro Marrero,SF,1820835,A. Wone Aranaz,PF,2.0,118.0,0.0,2.0,-2.0,0.0,40.7,-40.7
2480341,30,979971,OSES CONSTRUCCION,HOME,2561102,M. Blanco Morcillo,PG,1882395,A. Elso Aramendia,SG,2364706,F. Parra,SG,2432513,V. Llorente,PF,2172007,J. Idoate Aguirre,,0.0,2.0,0.0,0.0,0.0,0.0,0.0,0.0
2480341,30,979971,OSES CONSTRUCCION,HOME,2561102,M. Blanco Morcillo,PG,2364706,F. Parra,SG,1824910,S. Castro Marrero,SF,2432513,V. Llorente,PF,1820835,A. Wone Aranaz,PF,2.6,156.0,3.0,5.0,-2.0,46.2,76.9,-30.8
2480341,30,979971,OSES CONSTRUCCION,HOME,2561102,M. Blanco Morcillo,PG,2364706,F. Parra,SG,2561097,A. Diez Pastor,SF,1820835,A. Wone Aranaz,PF,1593987,M. Recarte Mendive,C,1.2,71.0,5.0,2.0,3.0,169.0,67.6,101.4
2480341,30,981306,CAJASOL BALONCESTO SEVILLA FEMENINO,AWAY,2791616,L. Vorphal,PG,2004240,N. Sanchez Robayo,PG,1522827,M. Recio Gonzalez,PG,1999405,N. Anitua Garcia,SG,1695079,A. Vendrell Girbes,SF,13.3,792.0,22.0,11.0,11.0,66.7,33.3,33.3
2480341,30,981306,CAJASOL BALONCESTO SEVILLA FEMENINO,AWAY,2791616,L. Vorphal,PG,2004240,N. Sanchez Robayo,PG,1522827,M. Recio Gonzalez,PG,1999405,N. Anitua Garcia,SG,2326646,C. Herrera Quinta,SF,22.1,1327.0,40.0,33.0,7.0,72.3,59.7,12.7
2480341,30,981306,CAJASOL BALONCESTO SEVILLA FEMENINO,AWAY,2791616,L. Vorphal,PG,2004240,N. Sanchez Robayo,PG,1999405,N. Anitua Garcia,SG,2867807,F. Pouye,PF,2848574,E. Elliott,C,4.7,281.0,0.0,6.0,-6.0,0.0,51.2,-51.2
2480342,30,979988,FUSTECMA NBF CASTELLÓ,HOME,2383616,F. Asemota Augustine,PG,1680760,S. Carli Del Pino,SG,2131367,S. Basaez Narvaez,SF,1618451,L. Campos De Bengoa,SF,1460562,C. Perez Relancio,C,1.3,77.0,5.0,4.0,1.0,155.8,124.7,31.2
2480342,30,979988,FUSTECMA NBF CASTELLÓ,HOME,2383616,F. Asemota Augustine,PG,1680760,S. Carli Del Pino,SG,2131367,S. Basaez Narvaez,SF,1618451,L. Campos De Bengoa,SF,2274867,L. De Giacomo,PF,3.3,201.0,5.0,6.0,-1.0,59.7,71.6,-11.9
2480342,30,979988,FUSTECMA NBF CASTELLÓ,HOME,2383616,F. Asemota Augustine,PG,1680760,S. Carli Del Pino,SG,2264676,A. Garcia Haro,SF,2131367,S. Basaez Narvaez,SF,1618451,L. Campos De Bengoa,SF,1.5,88.0,0.0,1.0,-1.0,0.0,27.3,-27.3
2480342,30,979988,FUSTECMA NBF CASTELLÓ,HOME,2383616,F. Asemota Augustine,PG,1932094,J. Gomez Guimera,PG,1680760,S. Carli Del Pino,SG,1460562,C. Perez Relancio,C,2829993,G. Aiello,C,0.7,44.0,3.0,0.0,3.0,163.6,0.0,163.6
2480342,30,979988,FUSTECMA NBF CASTELLÓ,HOME,2383616,F. Asemota Augustine,PG,1932094,J. Gomez Guimera,PG,1680760,S. Carli Del Pino,SG,2131367,S. Basaez Narvaez,SF,1460562,C. Perez Relancio,C,3.8,224.0,11.0,4.0,7.0,117.9,42.9,75.0
2480342,30,979988,FUSTECMA NBF CASTELLÓ,HOME,2383616,F. Asemota Augustine,PG,1932094,J. Gomez Guimera,PG,1680760,S. Carli Del Pino,SG,2131367,S. Basaez Narvaez,SF,1618451,L. Campos De Bengoa,SF,3.8,225.0,7.0,13.0,-6.0,74.7,138.7,-64.0
2480342,30,979988,FUSTECMA NBF CASTELLÓ,HOME,2383616,F. Asemota Augustine,PG,1932094,J. Gomez Guimera,PG,1680760,S. Carli Del Pino,SG,2131367,S. Basaez Narvaez,SF,2274867,L. De Giacomo,PF,0.9,53.0,0.0,2.0,-2.0,0.0,90.6,-90.6
2480342,30,979988,FUSTECMA NBF CASTELLÓ,HOME,2383616,F. Asemota Augustine,PG,1932094,J. Gomez Guimera,PG,1680760,S. Carli Del Pino,SG,2264676,A. Garcia Haro,SF,2131367,S. Basaez Narvaez,SF,1.5,91.0,0.0,4.0,-4.0,0.0,105.5,-105.5
2480342,30,979988,FUSTECMA NBF CASTELLÓ,HOME,2383616,F. Asemota Augustine,PG,1932094,J. Gomez Guimera,PG,2087212,L. Ruiz De La Hermosa Arce,PG,1680760,S. Carli Del Pino,SG,1460562,C. Perez Relancio,C,2.1,125.0,6.0,6.0,0.0,115.2,115.2,0.0
2480342,30,979988,FUSTECMA NBF CASTELLÓ,HOME,2383616,F. Asemota Augustine,PG,1932094,J. Gomez Guimera,PG,2087212,L. Ruiz De La Hermosa Arce,PG,1680760,S. Carli Del Pino,SG,1618451,L. Campos De Bengoa,SF,4.6,277.0,5.0,7.0,-2.0,43.3,60.6,-17.3
2480342,30,979988,FUSTECMA NBF CASTELLÓ,HOME,2383616,F. Asemota Augustine,PG,1932094,J. Gomez Guimera,PG,2087212,L. Ruiz De La Hermosa Arce,PG,1680760,S. Carli Del Pino,SG,2264676,A. Garcia Haro,SF,0.1,5.0,0.0,0.0,0.0,0.0,0.0,0.0
2480342,30,979988,FUSTECMA NBF CASTELLÓ,HOME,2383616,F. Asemota Augustine,PG,1932094,J. Gomez Guimera,PG,2087212,L. Ruiz De La Hermosa Arce,PG,1680760,S. Carli Del Pino,SG,2274867,L. De Giacomo,PF,1.1,63.0,0.0,4.0,-4.0,0.0,152.4,-152.4
2480342,30,979988,FUSTECMA NBF CASTELLÓ,HOME,2383616,F. Asemota Augustine,PG,2087212,L. Ruiz De La Hermosa Arce,PG,1618451,L. Campos De Bengoa,SF,1460562,C. Perez Relancio,C,2829993,G. Aiello,C,4.6,273.0,0.0,6.0,-6.0,0.0,52.7,-52.7
2480342,30,979988,FUSTECMA NBF CASTELLÓ,HOME,2383616,F. Asemota Augustine,PG,2087212,L. Ruiz De La Hermosa Arce,PG,1680760,S. Carli Del Pino,SG,2131367,S. Basaez Narvaez,SF,1618451,L. Campos De Bengoa,SF,7.4,445.0,8.0,20.0,-12.0,43.1,107.9,-64.7
2480342,30,979988,FUSTECMA NBF CASTELLÓ,HOME,2383616,F. Asemota Augustine,PG,2087212,L. Ruiz De La Hermosa Arce,PG,1932094,J. Gomez Guimera,PG,1680760,S. Carli Del Pino,SG,1618451,L. Campos De Bengoa,SF,1.6,93.0,2.0,6.0,-4.0,51.6,154.8,-103.2
2480342,30,979988,FUSTECMA NBF CASTELLÓ,HOME,2383616,F. Asemota Augustine,PG,2087212,L. Ruiz De La Hermosa Arce,PG,1932094,J. Gomez Guimera,PG,1680760,S. Carli Del Pino,SG,2274867,L. De Giacomo,PF,1.9,116.0,2.0,6.0,-4.0,41.4,124.1,-82.8
2480342,30,981213,AZULMARINO MALLORCA PALMA,AWAY,1434977,C. Grande Pardo,PG,975683,A. Torrens Salom,PG,1527601,I. Junio Mbulito,SG,2073955,G. Capel Cilla,PF,2791252,A. Bulgak,C,3.9,231.0,4.0,0.0,4.0,41.6,0.0,41.6
2480342,30,981213,AZULMARINO MALLORCA PALMA,AWAY,1434977,C. Grande Pardo,PG,975683,A. Torrens Salom,PG,1527601,I. Junio Mbulito,SG,2793759,J. Asinde,SF,2073955,G. Capel Cilla,PF,2.0,119.0,6.0,5.0,1.0,121.0,100.8,20.2
2480342,30,981213,AZULMARINO MALLORCA PALMA,AWAY,2074390,M. Aviñoa Canals,PG,1434977,C. Grande Pardo,PG,975683,A. Torrens Salom,PG,1527601,I. Junio Mbulito,SG,2793759,J. Asinde,SF,0.4,22.0,0.0,0.0,0.0,0.0,0.0,0.0
2480342,30,981213,AZULMARINO MALLORCA PALMA,AWAY,2074390,M. Aviñoa Canals,PG,1434977,C. Grande Pardo,PG,975683,A. Torrens Salom,PG,1527601,I. Junio Mbulito,SG,2815892,A. Siciliano,SG,33.9,2028.0,79.0,49.0,30.0,93.5,58.0,35.5
2480343,30,979919,RECOLETAS ZAMORA,AWAY,1516234,A. Moyano Medina,PG,1942017,A. Martin Tejedor,SG,1828742,I. Gimenez Monserrat,SG,2110765,A. Perez Relancio,PF,1259670,B. Sanchez Marrufo,C,1.6,99.0,4.0,1.0,3.0,97.0,24.2,72.7
2480343,30,979919,RECOLETAS ZAMORA,AWAY,1516234,A. Moyano Medina,PG,1942017,A. Martin Tejedor,SG,1828742,I. Gimenez Monserrat,SG,2110765,A. Perez Relancio,PF,2817152,F. Filor,C,1.3,80.0,3.0,2.0,1.0,90.0,60.0,30.0
2480343,30,979919,RECOLETAS ZAMORA,AWAY,1516234,A. Moyano Medina,PG,1942017,A. Martin Tejedor,SG,1828742,I. Gimenez Monserrat,SG,2432306,F. Niski Castelao,SG,2239381,D. Angel Villen,SF,1.3,79.0,2.0,0.0,2.0,60.8,0.0,60.8
2480343,30,979919,RECOLETAS ZAMORA,AWAY,1516234,A. Moyano Medina,PG,1942017,A. Martin Tejedor,SG,2432306,F. Niski Castelao,SG,2110765,A. Perez Relancio,PF,1259670,B. Sanchez Marrufo,C,3.0,184.0,3.0,4.0,-1.0,39.1,52.2,-13.0
2480343,30,979919,RECOLETAS ZAMORA,AWAY,1516234,A. Moyano Medina,PG,1942017,A. Martin Tejedor,SG,2432306,F. Niski Castelao,SG,2239381,D. Angel Villen,SF,2110765,A. Perez Relancio,PF,5.199999999999999,311.0,9.0,0.0,9.0,69.5,0.0,69.5
2480343,30,979919,RECOLETAS ZAMORA,AWAY,1516234,A. Moyano Medina,PG,1942017,A. Martin Tejedor,SG,2432306,F. Niski Castelao,SG,2239381,D. Angel Villen,SF,2817152,F. Filor,C,1.9,118.0,2.0,4.0,-2.0,40.7,81.4,-40.7
2480343,30,979919,RECOLETAS ZAMORA,AWAY,1516234,A. Moyano Medina,PG,2432306,F. Niski Castelao,SG,1942017,A. Martin Tejedor,SG,1828742,I. Gimenez Monserrat,SG,2110765,A. Perez Relancio,PF,1.1,69.0,3.0,3.0,0.0,104.3,104.3,0.0
2480343,30,979919,RECOLETAS ZAMORA,AWAY,1516234,A. Moyano Medina,PG,2432306,F. Niski Castelao,SG,1942017,A. Martin Tejedor,SG,1828742,I. Gimenez Monserrat,SG,2239381,D. Angel Villen,SF,0.6,36.0,0.0,0.0,0.0,0.0,0.0,0.0
2480343,30,979919,RECOLETAS ZAMORA,AWAY,1516234,A. Moyano Medina,PG,2432306,F. Niski Castelao,SG,1942017,A. Martin Tejedor,SG,2110765,A. Perez Relancio,PF,1259670,B. Sanchez Marrufo,C,0.7,45.0,3.0,2.0,1.0,160.0,106.7,53.3
2480343,30,979919,RECOLETAS ZAMORA,AWAY,1516234,A. Moyano Medina,PG,2734310,E. Resende Carregosa,PG,1942017,A. Martin Tejedor,SG,1828742,I. Gimenez Monserrat,SG,2239381,D. Angel Villen,SF,2.0,118.0,0.0,6.0,-6.0,0.0,122.0,-122.0
2480343,30,979919,RECOLETAS ZAMORA,AWAY,1516234,A. Moyano Medina,PG,2734310,E. Resende Carregosa,PG,1942017,A. Martin Tejedor,SG,1828742,I. Gimenez Monserrat,SG,2432306,F. Niski Castelao,SG,4.6,276.0,7.0,10.0,-3.0,60.9,87.0,-26.1
2480343,30,979919,RECOLETAS ZAMORA,AWAY,1516234,A. Moyano Medina,PG,2734310,E. Resende Carregosa,PG,1942017,A. Martin Tejedor,SG,1828742,I. Gimenez Monserrat,SG,2817152,F. Filor,C,0.8,48.0,0.0,0.0,0.0,0.0,0.0,0.0
2480343,30,979919,RECOLETAS ZAMORA,AWAY,1516234,A. Moyano Medina,PG,2734310,E. Resende Carregosa,PG,1942017,A. Martin Tejedor,SG,2110765,A. Perez Relancio,PF,1259670,B. Sanchez Marrufo,C,2.4,142.0,3.0,8.0,-5.0,50.7,135.2,-84.5
2480343,30,979919,RECOLETAS ZAMORA,AWAY,1516234,A. Moyano Medina,PG,2734310,E. Resende Carregosa,PG,1942017,A. Martin Tejedor,SG,2239381,D. Angel Villen,SF,2110765,A. Perez Relancio,PF,0.2,10.0,2.0,0.0,2.0,480.0,0.0,480.0
2480343,30,979919,RECOLETAS ZAMORA,AWAY,1516234,A. Moyano Medina,PG,2734310,E. Resende Carregosa,PG,1942017,A. Martin Tejedor,SG,2432306,F. Niski Castelao,SG,2110765,A. Perez Relancio,PF,1.6,95.0,5.0,4.0,1.0,126.3,101.1,25.3
2480343,30,979919,RECOLETAS ZAMORA,AWAY,1516234,A. Moyano Medina,PG,2734310,E. Resende Carregosa,PG,2432306,F. Niski Castelao,SG,1942017,A. Martin Tejedor,SG,1828742,I. Gimenez Monserrat,SG,0.9,57.0,0.0,0.0,0.0,0.0,0.0,0.0
2480343,30,979919,RECOLETAS ZAMORA,AWAY,1516234,A. Moyano Medina,PG,2734310,E. Resende Carregosa,PG,2432306,F. Niski Castelao,SG,1942017,A. Martin Tejedor,SG,2110765,A. Perez Relancio,PF,1.2,74.0,4.0,1.0,3.0,129.7,32.4,97.3
2480343,30,979919,RECOLETAS ZAMORA,AWAY,1516234,A. Moyano Medina,PG,2734310,E. Resende Carregosa,PG,2432306,F. Niski Castelao,SG,1942017,A. Martin Tejedor,SG,2239381,D. Angel Villen,SF,5.199999999999999,313.0,6.0,8.0,-2.0,46.0,61.3,-15.3
2480343,30,979919,RECOLETAS ZAMORA,AWAY,2379459,L. Sahagun Bernal,PG,2734310,E. Resende Carregosa,PG,1828742,I. Gimenez Monserrat,SG,2239381,D. Angel Villen,SF,2817152,F. Filor,C,3.0,178.0,6.0,10.0,-4.0,80.9,134.8,-53.9
2480343,30,979919,RECOLETAS ZAMORA,AWAY,2734310,E. Resende Carregosa,PG,1942017,A. Martin Tejedor,SG,1828742,I. Gimenez Monserrat,SG,2239381,D. Angel Villen,SF,2817152,F. Filor,C,1.1,68.0,4.0,0.0,4.0,141.2,0.0,141.2
2480343,30,981288,SERNOVA RENOVABLES REAL CANOE,HOME,2021397,A. Esnal Aguirre,PG,1859345,L. Fleta Robles,SG,1787143,C. Mato De Prada,SF,1242234,C. Rodriguez Nuñez,PF,2866005,E. Zemoura,PF,5.3,321.0,14.0,12.0,2.0,104.7,89.7,15.0
2480343,30,981288,SERNOVA RENOVABLES REAL CANOE,HOME,2021397,A. Esnal Aguirre,PG,2097038,P. De Mier Espina,PG,1242234,C. Rodriguez Nuñez,PF,2818945,O. Santana Moldavsky,PF,2866005,E. Zemoura,PF,6.3,385.0,7.0,11.0,-4.0,43.6,68.6,-24.9
2480343,30,981288,SERNOVA RENOVABLES REAL CANOE,HOME,2021397,A. Esnal Aguirre,PG,2097038,P. De Mier Espina,PG,1787143,C. Mato De Prada,SF,1242234,C. Rodriguez Nuñez,PF,2818945,O. Santana Moldavsky,PF,3.8,232.0,8.0,8.0,0.0,82.8,82.8,0.0
2480343,30,981288,SERNOVA RENOVABLES REAL CANOE,HOME,2021397,A. Esnal Aguirre,PG,2097038,P. De Mier Espina,PG,1859345,L. Fleta Robles,SG,2034380,A. Lozano Davila,SF,2094827,N. Figueroa Alvarez,SF,2.3,138.0,0.0,2.0,-2.0,0.0,34.8,-34.8
2480343,30,981288,SERNOVA RENOVABLES REAL CANOE,HOME,2021397,A. Esnal Aguirre,PG,2097038,P. De Mier Espina,PG,1927626,C. Flores Garcia,SG,1787143,C. Mato De Prada,SF,1242234,C. Rodriguez Nuñez,PF,1.5,92.0,5.0,3.0,2.0,130.4,78.3,52.2
2480343,30,981288,SERNOVA RENOVABLES REAL CANOE,HOME,2021397,A. Esnal Aguirre,PG,2097038,P. De Mier Espina,PG,1927626,C. Flores Garcia,SG,1859345,L. Fleta Robles,SG,1787143,C. Mato De Prada,SF,2.4,142.0,8.0,3.0,5.0,135.2,50.7,84.5
2480343,30,981288,SERNOVA RENOVABLES REAL CANOE,HOME,2021397,A. Esnal Aguirre,PG,2097038,P. De Mier Espina,PG,1927626,C. Flores Garcia,SG,2034380,A. Lozano Davila,SF,2818945,O. Santana Moldavsky,PF,3.8,224.0,10.0,0.0,10.0,107.1,0.0,107.1
2480343,30,981288,SERNOVA RENOVABLES REAL CANOE,HOME,2021397,A. Esnal Aguirre,PG,2097038,P. De Mier Espina,PG,2034380,A. Lozano Davila,SF,1787143,C. Mato De Prada,SF,1242234,C. Rodriguez Nuñez,PF,0.6,36.0,2.0,1.0,1.0,133.3,66.7,66.7
2480343,30,981288,SERNOVA RENOVABLES REAL CANOE,HOME,2021397,A. Esnal Aguirre,PG,2097038,P. De Mier Espina,PG,2034380,A. Lozano Davila,SF,2094827,N. Figueroa Alvarez,SF,2818945,O. Santana Moldavsky,PF,0.7,43.0,0.0,0.0,0.0,0.0,0.0,0.0
2480343,30,981288,SERNOVA RENOVABLES REAL CANOE,HOME,2021397,A. Esnal Aguirre,PG,2097038,P. De Mier Espina,PG,2094827,N. Figueroa Alvarez,SF,2034380,A. Lozano Davila,SF,1242234,C. Rodriguez Nuñez,PF,0.1,9.0,0.0,2.0,-2.0,0.0,533.3,-533.3
2480343,30,981288,SERNOVA RENOVABLES REAL CANOE,HOME,2097038,P. De Mier Espina,PG,1859345,L. Fleta Robles,SG,1787143,C. Mato De Prada,SF,1242234,C. Rodriguez Nuñez,PF,2866005,E. Zemoura,PF,1.8,110.0,2.0,3.0,-1.0,43.6,65.5,-21.8
2480343,30,981288,SERNOVA RENOVABLES REAL CANOE,HOME,2097038,P. De Mier Espina,PG,1859345,L. Fleta Robles,SG,1787143,C. Mato De Prada,SF,2094827,N. Figueroa Alvarez,SF,1242234,C. Rodriguez Nuñez,PF,2.6999999999999997,159.0,0.0,6.0,-6.0,0.0,90.6,-90.6
2480343,30,981288,SERNOVA RENOVABLES REAL CANOE,HOME,2097038,P. De Mier Espina,PG,1859345,L. Fleta Robles,SG,1787143,C. Mato De Prada,SF,2818945,O. Santana Moldavsky,PF,2866005,E. Zemoura,PF,0.5,30.0,0.0,0.0,0.0,0.0,0.0,0.0
2480343,30,981288,SERNOVA RENOVABLES REAL CANOE,HOME,2097038,P. De Mier Espina,PG,1859345,L. Fleta Robles,SG,2034380,A. Lozano Davila,SF,1787143,C. Mato De Prada,SF,2094827,N. Figueroa Alvarez,SF,0.6,36.0,0.0,3.0,-3.0,0.0,200.0,-200.0
2480343,30,981288,SERNOVA RENOVABLES REAL CANOE,HOME,2097038,P. De Mier Espina,PG,1927626,C. Flores Garcia,SG,1859345,L. Fleta Robles,SG,1787143,C. Mato De Prada,SF,1242234,C. Rodriguez Nuñez,PF,0.9,57.0,0.0,3.0,-3.0,0.0,126.3,-126.3
2480343,30,981288,SERNOVA RENOVABLES REAL CANOE,HOME,2097038,P. De Mier Espina,PG,1927626,C. Flores Garcia,SG,1859345,L. Fleta Robles,SG,2034380,A. Lozano Davila,SF,1787143,C. Mato De Prada,SF,4.1,247.0,1.0,4.0,-3.0,9.7,38.9,-29.1
2480343,30,981288,SERNOVA RENOVABLES REAL CANOE,HOME,2097038,P. De Mier Espina,PG,1927626,C. Flores Garcia,SG,1859345,L. Fleta Robles,SG,2818945,O. Santana Moldavsky,PF,2866005,E. Zemoura,PF,2.3,139.0,6.0,5.0,1.0,103.6,86.3,17.3
2480344,30,979770,MELILLA CIUDAD DEL DEPORTE LA SALLE,HOME,1587316,C. Caceres Ayala,SG,1715165,M. Torreblanca Ginel,SG,1713801,C. Torrubia Cano,PF,1756623,A. Hernangomez Geuer,PF,1946976,L. Moya Blanch,PF,1.7,100.0,4.0,1.0,3.0,96.0,24.0,72.0
2480344,30,979770,MELILLA CIUDAD DEL DEPORTE LA SALLE,HOME,1587316,C. Caceres Ayala,SG,1715165,M. Torreblanca Ginel,SG,1713801,C. Torrubia Cano,PF,1946976,L. Moya Blanch,PF,2104399,C. Garcia Muñoz,C,3.3,200.0,7.0,3.0,4.0,84.0,36.0,48.0
2480344,30,979770,MELILLA CIUDAD DEL DEPORTE LA SALLE,HOME,1587316,C. Caceres Ayala,SG,1715165,M. Torreblanca Ginel,SG,1713801,C. Torrubia Cano,PF,1946976,L. Moya Blanch,PF,2432929,M. Davydova,C,3.3,197.0,7.0,11.0,-4.0,85.3,134.0,-48.7
2480344,30,979770,MELILLA CIUDAD DEL DEPORTE LA SALLE,HOME,1587316,C. Caceres Ayala,SG,1715165,M. Torreblanca Ginel,SG,1829640,A. Sanchez Davila,SF,1713801,C. Torrubia Cano,PF,1756623,A. Hernangomez Geuer,PF,1.7,104.0,2.0,2.0,0.0,46.2,46.2,0.0
2480344,30,979770,MELILLA CIUDAD DEL DEPORTE LA SALLE,HOME,1587316,C. Caceres Ayala,SG,1715165,M. Torreblanca Ginel,SG,1829640,A. Sanchez Davila,SF,1756623,A. Hernangomez Geuer,PF,1946976,L. Moya Blanch,PF,5.4,328.0,11.0,12.0,-1.0,80.5,87.8,-7.3
2480344,30,979770,MELILLA CIUDAD DEL DEPORTE LA SALLE,HOME,1587316,C. Caceres Ayala,SG,1715165,M. Torreblanca Ginel,SG,1829640,A. Sanchez Davila,SF,1756623,A. Hernangomez Geuer,PF,2104399,C. Garcia Muñoz,C,2.8,166.0,2.0,9.0,-7.0,28.9,130.1,-101.2
2480344,30,979770,MELILLA CIUDAD DEL DEPORTE LA SALLE,HOME,1715165,M. Torreblanca Ginel,SG,1829640,A. Sanchez Davila,SF,1713801,C. Torrubia Cano,PF,1756623,A. Hernangomez Geuer,PF,1946976,L. Moya Blanch,PF,0.5,27.0,0.0,6.0,-6.0,0.0,533.3,-533.3
2480344,30,979770,MELILLA CIUDAD DEL DEPORTE LA SALLE,HOME,1715165,M. Torreblanca Ginel,SG,1829640,A. Sanchez Davila,SF,1713801,C. Torrubia Cano,PF,1756623,A. Hernangomez Geuer,PF,2104399,C. Garcia Muñoz,C,0.3,17.0,0.0,0.0,0.0,0.0,0.0,0.0
2480344,30,979770,MELILLA CIUDAD DEL DEPORTE LA SALLE,HOME,1715165,M. Torreblanca Ginel,SG,1829640,A. Sanchez Davila,SF,1713801,C. Torrubia Cano,PF,1756623,A. Hernangomez Geuer,PF,2432929,M. Davydova,C,5.1,306.0,6.0,10.0,-4.0,47.1,78.4,-31.4
2480344,30,979770,MELILLA CIUDAD DEL DEPORTE LA SALLE,HOME,1715165,M. Torreblanca Ginel,SG,1829640,A. Sanchez Davila,SF,1713801,C. Torrubia Cano,PF,1946976,L. Moya Blanch,PF,2104399,C. Garcia Muñoz,C,2.1,124.0,4.0,1.0,3.0,77.4,19.4,58.1
2480344,30,979770,MELILLA CIUDAD DEL DEPORTE LA SALLE,HOME,1715165,M. Torreblanca Ginel,SG,1829640,A. Sanchez Davila,SF,1713801,C. Torrubia Cano,PF,1946976,L. Moya Blanch,PF,2432929,M. Davydova,C,3.4,201.0,8.0,7.0,1.0,95.5,83.6,11.9
2480344,30,979770,MELILLA CIUDAD DEL DEPORTE LA SALLE,HOME,1715165,M. Torreblanca Ginel,SG,1829640,A. Sanchez Davila,SF,1713801,C. Torrubia Cano,PF,2432929,M. Davydova,C,2104399,C. Garcia Muñoz,C,0.1,5.0,0.0,0.0,0.0,0.0,0.0,0.0
2480344,30,979770,MELILLA CIUDAD DEL DEPORTE LA SALLE,HOME,2204396,L. Gonzalez Moreno,PG,1587316,C. Caceres Ayala,SG,1715165,M. Torreblanca Ginel,SG,1713801,C. Torrubia Cano,PF,1946976,L. Moya Blanch,PF,2.4,145.0,1.0,2.0,-1.0,16.6,33.1,-16.6
2480344,30,979770,MELILLA CIUDAD DEL DEPORTE LA SALLE,HOME,2204396,L. Gonzalez Moreno,PG,1587316,C. Caceres Ayala,SG,1715165,M. Torreblanca Ginel,SG,1756623,A. Hernangomez Geuer,PF,2104399,C. Garcia Muñoz,C,2.0,122.0,5.0,4.0,1.0,98.4,78.7,19.7
2480344,30,979770,MELILLA CIUDAD DEL DEPORTE LA SALLE,HOME,2204396,L. Gonzalez Moreno,PG,1587316,C. Caceres Ayala,SG,1715165,M. Torreblanca Ginel,SG,1829640,A. Sanchez Davila,SF,1756623,A. Hernangomez Geuer,PF,6.0,358.0,13.0,7.0,6.0,87.2,46.9,40.2
2480344,30,981208,ALTER ENERSUN AL-QÁZERES EXTREMADURA,AWAY,1889214,C. Prieto Pereda,PG,2735904,R. De Lima Viegas Laneiro,PG,1860325,L. Fontela Cabaleiro,SG,1902336,N. Liste Alfonsin,C,2815153,V. Gauna,C,1.7,100.0,1.0,4.0,-3.0,24.0,96.0,-72.0
2480344,30,981208,ALTER ENERSUN AL-QÁZERES EXTREMADURA,AWAY,1889214,C. Prieto Pereda,PG,2735904,R. De Lima Viegas Laneiro,PG,1860325,L. Fontela Cabaleiro,SG,2432389,J. De Barros Filipe,SF,1902336,N. Liste Alfonsin,C,2.1,127.0,3.0,5.0,-2.0,56.7,94.5,-37.8
2480344,30,981208,ALTER ENERSUN AL-QÁZERES EXTREMADURA,AWAY,1889214,C. Prieto Pereda,PG,2735904,R. De Lima Viegas Laneiro,PG,2432389,J. De Barros Filipe,SF,1902336,N. Liste Alfonsin,C,2815153,V. Gauna,C,1.9,115.0,2.0,3.0,-1.0,41.7,62.6,-20.9
2480344,30,981208,ALTER ENERSUN AL-QÁZERES EXTREMADURA,AWAY,1889214,C. Prieto Pereda,PG,2815234,I. Tavares Ramos,SG,1860325,L. Fontela Cabaleiro,SG,1112483,L. Mendez Lamas,PF,1902336,N. Liste Alfonsin,C,0.7,42.0,2.0,0.0,2.0,114.3,0.0,114.3
2480344,30,981208,ALTER ENERSUN AL-QÁZERES EXTREMADURA,AWAY,1889214,C. Prieto Pereda,PG,2815234,I. Tavares Ramos,SG,1860325,L. Fontela Cabaleiro,SG,2432389,J. De Barros Filipe,SF,1902336,N. Liste Alfonsin,C,0.5,27.0,2.0,0.0,2.0,177.8,0.0,177.8
2480344,30,981208,ALTER ENERSUN AL-QÁZERES EXTREMADURA,AWAY,2056237,L. Salmeron Segu,PG,2735904,R. De Lima Viegas Laneiro,PG,1860325,L. Fontela Cabaleiro,SG,1902336,N. Liste Alfonsin,C,2815153,V. Gauna,C,4.7,281.0,6.0,3.0,3.0,51.2,25.6,25.6
2480344,30,981208,ALTER ENERSUN AL-QÁZERES EXTREMADURA,AWAY,2056237,L. Salmeron Segu,PG,2735904,R. De Lima Viegas Laneiro,PG,1860325,L. Fontela Cabaleiro,SG,2432389,J. De Barros Filipe,SF,1902336,N. Liste Alfonsin,C,1.7000000000000002,102.0,1.0,4.0,-3.0,23.5,94.1,-70.6
2480344,30,981208,ALTER ENERSUN AL-QÁZERES EXTREMADURA,AWAY,2056237,L. Salmeron Segu,PG,2815234,I. Tavares Ramos,SG,1860325,L. Fontela Cabaleiro,SG,1112483,L. Mendez Lamas,PF,1902336,N. Liste Alfonsin,C,1.9,113.0,0.0,7.0,-7.0,0.0,148.7,-148.7
2480344,30,981208,ALTER ENERSUN AL-QÁZERES EXTREMADURA,AWAY,2056237,L. Salmeron Segu,PG,2815234,I. Tavares Ramos,SG,2432389,J. De Barros Filipe,SF,1902336,N. Liste Alfonsin,C,2815153,V. Gauna,C,3.3,200.0,3.0,8.0,-5.0,36.0,96.0,-60.0
2480344,30,981208,ALTER ENERSUN AL-QÁZERES EXTREMADURA,AWAY,2735904,R. De Lima Viegas Laneiro,PG,1860325,L. Fontela Cabaleiro,SG,2432389,J. De Barros Filipe,SF,1112483,L. Mendez Lamas,PF,1902336,N. Liste Alfonsin,C,5.5,324.0,15.0,7.0,8.0,111.1,51.9,59.3
2480344,30,981208,ALTER ENERSUN AL-QÁZERES EXTREMADURA,AWAY,2735904,R. De Lima Viegas Laneiro,PG,1860325,L. Fontela Cabaleiro,SG,2432389,J. De Barros Filipe,SF,1902336,N. Liste Alfonsin,C,2815153,V. Gauna,C,4.7,285.0,12.0,6.0,6.0,101.1,50.5,50.5
2480344,30,981208,ALTER ENERSUN AL-QÁZERES EXTREMADURA,AWAY,2735904,R. De Lima Viegas Laneiro,PG,1860325,L. Fontela Cabaleiro,SG,2815234,I. Tavares Ramos,SG,1902336,N. Liste Alfonsin,C,2815153,V. Gauna,C,2.1,130.0,4.0,2.0,2.0,73.8,36.9,36.9
2480344,30,981208,ALTER ENERSUN AL-QÁZERES EXTREMADURA,AWAY,2735904,R. De Lima Viegas Laneiro,PG,1860325,L. Fontela Cabaleiro,SG,2815234,I. Tavares Ramos,SG,2432389,J. De Barros Filipe,SF,1902336,N. Liste Alfonsin,C,1.3,76.0,0.0,2.0,-2.0,0.0,63.2,-63.2
2480344,30,981208,ALTER ENERSUN AL-QÁZERES EXTREMADURA,AWAY,2735904,R. De Lima Viegas Laneiro,PG,2815234,I. Tavares Ramos,SG,2432389,J. De Barros Filipe,SF,1112483,L. Mendez Lamas,PF,1902336,N. Liste Alfonsin,C,8.0,478.0,24.0,19.0,5.0,120.5,95.4,25.1
